activityID,catalog,startTime,sourceLocation,activeRegionNum,Date,id_x,id_y,uid,brand,name,style,hop,yeast,malts,ibu,alcohol,blg,Country,FundationYear
2020-10-10T04:24:00-CME-001,M2M_CATALOG,2020-10-10T04:24Z,,,2020-10-10,0T04,,,,,,,,,,,,,
2020-10-13T21:12:00-CME-001,M2M_CATALOG,2020-10-13T21:12Z,S23W37,12775.0,2020-10-13,3T21,,,,,,,,,,,,,
2020-10-14T03:24:00-CME-001,M2M_CATALOG,2020-10-14T03:24Z,,,2020-10-14,4T03,,,,,,,,,,,,,
2020-10-15T11:24:00-CME-001,M2M_CATALOG,2020-10-15T11:24Z,,,2020-10-15,5T11,,,,,,,,,,,,,
2020-10-15T16:36:00-CME-001,M2M_CATALOG,2020-10-15T16:36Z,,,2020-10-15,5T16,,,,,,,,,,,,,
2020-10-16T13:36:00-CME-001,M2M_CATALOG,2020-10-16T13:36Z,,12774.0,2020-10-16,6T13,,,,,,,,,,,,,
2020-10-16T16:03:00-CME-001,M2M_CATALOG,2020-10-16T16:03Z,S23W66,12775.0,2020-10-16,6T16,,,,,,,,,,,,,
2020-10-18T09:24:00-CME-001,M2M_CATALOG,2020-10-18T09:24Z,,,2020-10-18,8T09,,,,,,,,,,,,,
2020-10-22T13:09:00-CME-001,M2M_CATALOG,2020-10-22T13:09Z,,,2020-10-22,2T13,,,,,,,,,,,,,
2020-11-02T05:24:00-CME-001,M2M_CATALOG,2020-11-02T05:24Z,,,2020-11-02,2T05,,,,,,,,,,,,,
2020-11-07T13:24:00-CME-001,M2M_CATALOG,2020-11-07T13:24Z,N19W01,12780.0,2020-11-07,7T13,,,,,,,,,,,,,
2020-11-08T20:12:00-CME-001,M2M_CATALOG,2020-11-08T20:12Z,,,2020-11-08,8T20,,,,,,,,,,,,,
2020-11-11T19:36:00-CME-001,M2M_CATALOG,2020-11-11T19:36Z,S22E60,12782.0,2020-11-11,1T19,,,,,,,,,,,,,
2020-11-21T19:36:00-CME-001,M2M_CATALOG,2020-11-21T19:36Z,,,2020-11-21,1T19,,,,,,,,,,,,,
2020-12-11T19:09:00-CME-001,M2M_CATALOG,2020-12-11T19:09Z,,12791.0,2020-12-11,1T19,,,,,,,,,,,,,
2020-11-12T02:24:00-CME-001,M2M_CATALOG,2020-11-12T02:24Z,,,2020-11-12,2T02,,,,,,,,,,,,,
2020-11-13T12:24:00-CME-001,M2M_CATALOG,2020-11-13T12:24Z,,,2020-11-13,3T12,,,,,,,,,,,,,
2020-11-17T08:36:00-CME-001,M2M_CATALOG,2020-11-17T08:36Z,,,2020-11-17,7T08,,,,,,,,,,,,,
2020-11-17T19:00:00-CME-001,M2M_CATALOG,2020-11-17T19:00Z,,,2020-11-17,7T19,,,,,,,,,,,,,
2020-11-18T21:48:00-CME-001,M2M_CATALOG,2020-11-18T21:48Z,S20E138,,2020-11-18,8T21,,,,,,,,,,,,,
2020-11-19T02:54:00-CME-001,M2M_CATALOG,2020-11-19T02:54Z,,,2020-11-19,9T02,,,,,,,,,,,,,
2020-11-27T05:48:00-CME-001,M2M_CATALOG,2020-11-27T05:48Z,,,2020-11-27,7T05,,,,,,,,,,,,,
2020-11-29T13:24:00-CME-001,M2M_CATALOG,2020-11-29T13:24Z,S23E97,,2020-11-29,9T13,,,,,,,,,,,,,
2020-11-30T07:09:00-CME-001,M2M_CATALOG,2020-11-30T07:09Z,,,2020-11-30,0T07,,,,,,,,,,,,,
2020-12-01T05:48:00-CME-001,M2M_CATALOG,2020-12-01T05:48Z,S25E80,12790.0,2020-12-01,1T05,,,,,,,,,,,,,
2020-12-01T07:12:00-CME-001,M2M_CATALOG,2020-12-01T07:12Z,N35E30,12787.0,2020-12-01,1T07,,,,,,,,,,,,,
2020-12-03T11:12:00-CME-001,M2M_CATALOG,2020-12-03T11:12Z,S30E137,,2020-12-03,3T11,,,,,,,,,,,,,
2020-12-04T02:48:00-CME-001,M2M_CATALOG,2020-12-04T02:48Z,,,2020-12-04,4T02,,,,,,,,,,,,,
2020-12-06T22:00:00-CME-001,M2M_CATALOG,2020-12-06T22:00Z,,,2020-12-06,6T22,,,,,,,,,,,,,
2020-12-07T16:24:00-CME-001,M2M_CATALOG,2020-12-07T16:24Z,S23W11,12790.0,2020-12-07,7T16,,,,,,,,,,,,,
2020-12-07T18:36:00-CME-001,M2M_CATALOG,2020-12-07T18:36Z,S40W30,,2020-12-07,7T18,,,,,,,,,,,,,
2020-12-17T06:48:00-CME-001,M2M_CATALOG,2020-12-17T06:48Z,,,2020-12-17,7T06,,,,,,,,,,,,,
2020-12-27T00:48:00-CME-001,M2M_CATALOG,2020-12-27T00:48Z,,,2020-12-27,7T00,,,,,,,,,,,,,
2020-12-30T02:24:00-CME-001,M2M_CATALOG,2020-12-30T02:24Z,S20E08,12795.0,2020-12-30,0T02,,,,,,,,,,,,,
2020-10-10T04:24:00-CME-001,M2M_CATALOG,2020-10-10T04:24Z,,,2020-10-10,0T04,,,,,,,,,,,,,
2020-10-13T21:12:00-CME-001,M2M_CATALOG,2020-10-13T21:12Z,S23W37,12775.0,2020-10-13,3T21,,,,,,,,,,,,,
2020-10-14T03:24:00-CME-001,M2M_CATALOG,2020-10-14T03:24Z,,,2020-10-14,4T03,,,,,,,,,,,,,
2020-10-15T11:24:00-CME-001,M2M_CATALOG,2020-10-15T11:24Z,,,2020-10-15,5T11,,,,,,,,,,,,,
2020-10-15T16:36:00-CME-001,M2M_CATALOG,2020-10-15T16:36Z,,,2020-10-15,5T16,,,,,,,,,,,,,
2020-10-16T13:36:00-CME-001,M2M_CATALOG,2020-10-16T13:36Z,,12774.0,2020-10-16,6T13,,,,,,,,,,,,,
2020-10-16T16:03:00-CME-001,M2M_CATALOG,2020-10-16T16:03Z,S23W66,12775.0,2020-10-16,6T16,,,,,,,,,,,,,
2020-10-18T09:24:00-CME-001,M2M_CATALOG,2020-10-18T09:24Z,,,2020-10-18,8T09,,,,,,,,,,,,,
2020-10-22T13:09:00-CME-001,M2M_CATALOG,2020-10-22T13:09Z,,,2020-10-22,2T13,,,,,,,,,,,,,
2020-11-02T05:24:00-CME-001,M2M_CATALOG,2020-11-02T05:24Z,,,2020-11-02,2T05,,,,,,,,,,,,,
2020-11-07T13:24:00-CME-001,M2M_CATALOG,2020-11-07T13:24Z,N19W01,12780.0,2020-11-07,7T13,,,,,,,,,,,,,
2020-11-08T20:12:00-CME-001,M2M_CATALOG,2020-11-08T20:12Z,,,2020-11-08,8T20,,,,,,,,,,,,,
2020-11-11T19:36:00-CME-001,M2M_CATALOG,2020-11-11T19:36Z,S22E60,12782.0,2020-11-11,1T19,,,,,,,,,,,,,
2020-11-21T19:36:00-CME-001,M2M_CATALOG,2020-11-21T19:36Z,,,2020-11-21,1T19,,,,,,,,,,,,,
2020-12-11T19:09:00-CME-001,M2M_CATALOG,2020-12-11T19:09Z,,12791.0,2020-12-11,1T19,,,,,,,,,,,,,
2020-11-12T02:24:00-CME-001,M2M_CATALOG,2020-11-12T02:24Z,,,2020-11-12,2T02,,,,,,,,,,,,,
2020-11-13T12:24:00-CME-001,M2M_CATALOG,2020-11-13T12:24Z,,,2020-11-13,3T12,,,,,,,,,,,,,
2020-11-17T08:36:00-CME-001,M2M_CATALOG,2020-11-17T08:36Z,,,2020-11-17,7T08,,,,,,,,,,,,,
2020-11-17T19:00:00-CME-001,M2M_CATALOG,2020-11-17T19:00Z,,,2020-11-17,7T19,,,,,,,,,,,,,
2020-11-18T21:48:00-CME-001,M2M_CATALOG,2020-11-18T21:48Z,S20E138,,2020-11-18,8T21,,,,,,,,,,,,,
2020-11-19T02:54:00-CME-001,M2M_CATALOG,2020-11-19T02:54Z,,,2020-11-19,9T02,,,,,,,,,,,,,
2020-11-27T05:48:00-CME-001,M2M_CATALOG,2020-11-27T05:48Z,,,2020-11-27,7T05,,,,,,,,,,,,,
2020-11-29T13:24:00-CME-001,M2M_CATALOG,2020-11-29T13:24Z,S23E97,,2020-11-29,9T13,,,,,,,,,,,,,
2020-11-30T07:09:00-CME-001,M2M_CATALOG,2020-11-30T07:09Z,,,2020-11-30,0T07,,,,,,,,,,,,,
2020-12-01T05:48:00-CME-001,M2M_CATALOG,2020-12-01T05:48Z,S25E80,12790.0,2020-12-01,1T05,,,,,,,,,,,,,
2020-12-01T07:12:00-CME-001,M2M_CATALOG,2020-12-01T07:12Z,N35E30,12787.0,2020-12-01,1T07,,,,,,,,,,,,,
2020-12-03T11:12:00-CME-001,M2M_CATALOG,2020-12-03T11:12Z,S30E137,,2020-12-03,3T11,,,,,,,,,,,,,
2020-12-04T02:48:00-CME-001,M2M_CATALOG,2020-12-04T02:48Z,,,2020-12-04,4T02,,,,,,,,,,,,,
2020-12-06T22:00:00-CME-001,M2M_CATALOG,2020-12-06T22:00Z,,,2020-12-06,6T22,,,,,,,,,,,,,
2020-12-07T16:24:00-CME-001,M2M_CATALOG,2020-12-07T16:24Z,S23W11,12790.0,2020-12-07,7T16,,,,,,,,,,,,,
2020-12-07T18:36:00-CME-001,M2M_CATALOG,2020-12-07T18:36Z,S40W30,,2020-12-07,7T18,,,,,,,,,,,,,
2020-12-17T06:48:00-CME-001,M2M_CATALOG,2020-12-17T06:48Z,,,2020-12-17,7T06,,,,,,,,,,,,,
2020-12-27T00:48:00-CME-001,M2M_CATALOG,2020-12-27T00:48Z,,,2020-12-27,7T00,,,,,,,,,,,,,
2020-12-30T02:24:00-CME-001,M2M_CATALOG,2020-12-30T02:24Z,S20E08,12795.0,2020-12-30,0T02,,,,,,,,,,,,,
2020-10-10T04:24:00-CME-001,M2M_CATALOG,2020-10-10T04:24Z,,,2020-10-10,0T04,,,,,,,,,,,,,
2020-10-13T21:12:00-CME-001,M2M_CATALOG,2020-10-13T21:12Z,S23W37,12775.0,2020-10-13,3T21,66.0,55a0d561-ff45-4042-bf63-2264731681a2,Pabst Blue Ribbon,Yeti Imperial Stout,Porter,Vanguard,1318 - London Ale III,Rye malt,19 IBU,5.4%,8.5°Blg,Estados Unidos,1844.0
2020-10-14T03:24:00-CME-001,M2M_CATALOG,2020-10-14T03:24Z,,,2020-10-14,4T03,,,,,,,,,,,,,
2020-10-15T11:24:00-CME-001,M2M_CATALOG,2020-10-15T11:24Z,,,2020-10-15,5T11,,,,,,,,,,,,,
2020-10-15T16:36:00-CME-001,M2M_CATALOG,2020-10-15T16:36Z,,,2020-10-15,5T16,,,,,,,,,,,,,
2020-10-16T13:36:00-CME-001,M2M_CATALOG,2020-10-16T13:36Z,,12774.0,2020-10-16,6T13,,,,,,,,,,,,,
2020-10-16T16:03:00-CME-001,M2M_CATALOG,2020-10-16T16:03Z,S23W66,12775.0,2020-10-16,6T16,,,,,,,,,,,,,
2020-10-18T09:24:00-CME-001,M2M_CATALOG,2020-10-18T09:24Z,,,2020-10-18,8T09,,,,,,,,,,,,,
2020-10-22T13:09:00-CME-001,M2M_CATALOG,2020-10-22T13:09Z,,,2020-10-22,2T13,73.0,1e413df9-2fe1-4e6b-bd9d-901f6cbd38f3,Rolling Rock,Sierra Nevada Bigfoot Barleywine Style Ale,Belgian And French Ale,Newport,1728 - Scottish Ale,Special roast,25 IBU,4.2%,5.0°Blg,Estados Unidos,1939.0
2020-11-02T05:24:00-CME-001,M2M_CATALOG,2020-11-02T05:24Z,,,2020-11-02,2T05,,,,,,,,,,,,,
2020-11-07T13:24:00-CME-001,M2M_CATALOG,2020-11-07T13:24Z,N19W01,12780.0,2020-11-07,7T13,,,,,,,,,,,,,
2020-11-08T20:12:00-CME-001,M2M_CATALOG,2020-11-08T20:12Z,,,2020-11-08,8T20,,,,,,,,,,,,,
2020-11-11T19:36:00-CME-001,M2M_CATALOG,2020-11-11T19:36Z,S22E60,12782.0,2020-11-11,1T19,,,,,,,,,,,,,
2020-11-21T19:36:00-CME-001,M2M_CATALOG,2020-11-21T19:36Z,,,2020-11-21,1T19,,,,,,,,,,,,,
2020-12-11T19:09:00-CME-001,M2M_CATALOG,2020-12-11T19:09Z,,12791.0,2020-12-11,1T19,,,,,,,,,,,,,
2020-11-12T02:24:00-CME-001,M2M_CATALOG,2020-11-12T02:24Z,,,2020-11-12,2T02,,,,,,,,,,,,,
2020-11-13T12:24:00-CME-001,M2M_CATALOG,2020-11-13T12:24Z,,,2020-11-13,3T12,,,,,,,,,,,,,
2020-11-17T08:36:00-CME-001,M2M_CATALOG,2020-11-17T08:36Z,,,2020-11-17,7T08,,,,,,,,,,,,,
2020-11-17T19:00:00-CME-001,M2M_CATALOG,2020-11-17T19:00Z,,,2020-11-17,7T19,,,,,,,,,,,,,
2020-11-18T21:48:00-CME-001,M2M_CATALOG,2020-11-18T21:48Z,S20E138,,2020-11-18,8T21,,,,,,,,,,,,,
2020-11-19T02:54:00-CME-001,M2M_CATALOG,2020-11-19T02:54Z,,,2020-11-19,9T02,,,,,,,,,,,,,
2020-11-27T05:48:00-CME-001,M2M_CATALOG,2020-11-27T05:48Z,,,2020-11-27,7T05,,,,,,,,,,,,,
2020-11-29T13:24:00-CME-001,M2M_CATALOG,2020-11-29T13:24Z,S23E97,,2020-11-29,9T13,,,,,,,,,,,,,
2020-11-30T07:09:00-CME-001,M2M_CATALOG,2020-11-30T07:09Z,,,2020-11-30,0T07,,,,,,,,,,,,,
2020-12-01T05:48:00-CME-001,M2M_CATALOG,2020-12-01T05:48Z,S25E80,12790.0,2020-12-01,1T05,,,,,,,,,,,,,
2020-12-01T07:12:00-CME-001,M2M_CATALOG,2020-12-01T07:12Z,N35E30,12787.0,2020-12-01,1T07,,,,,,,,,,,,,
2020-12-03T11:12:00-CME-001,M2M_CATALOG,2020-12-03T11:12Z,S30E137,,2020-12-03,3T11,,,,,,,,,,,,,
2020-12-04T02:48:00-CME-001,M2M_CATALOG,2020-12-04T02:48Z,,,2020-12-04,4T02,,,,,,,,,,,,,
2020-12-06T22:00:00-CME-001,M2M_CATALOG,2020-12-06T22:00Z,,,2020-12-06,6T22,,,,,,,,,,,,,
2020-12-07T16:24:00-CME-001,M2M_CATALOG,2020-12-07T16:24Z,S23W11,12790.0,2020-12-07,7T16,,,,,,,,,,,,,
2020-12-07T18:36:00-CME-001,M2M_CATALOG,2020-12-07T18:36Z,S40W30,,2020-12-07,7T18,,,,,,,,,,,,,
2020-12-17T06:48:00-CME-001,M2M_CATALOG,2020-12-17T06:48Z,,,2020-12-17,7T06,,,,,,,,,,,,,
2020-12-27T00:48:00-CME-001,M2M_CATALOG,2020-12-27T00:48Z,,,2020-12-27,7T00,,,,,,,,,,,,,
2020-12-30T02:24:00-CME-001,M2M_CATALOG,2020-12-30T02:24Z,S20E08,12795.0,2020-12-30,0T02,,,,,,,,,,,,,
2020-10-23T04:39:00-CME-001,M2M_CATALOG,2020-10-23T04:39Z,,,2020-10-23,3T04,,,,,,,,,,,,,
2020-10-23T22:35:00-CME-001,M2M_CATALOG,2020-10-23T22:35Z,,,2020-10-23,3T22,,,,,,,,,,,,,
2020-10-10T04:24:00-CME-001,M2M_CATALOG,2020-10-10T04:24Z,,,2020-10-10,0T04,,,,,,,,,,,,,
2020-10-13T21:12:00-CME-001,M2M_CATALOG,2020-10-13T21:12Z,S23W37,12775.0,2020-10-13,3T21,,,,,,,,,,,,,
2020-10-14T03:24:00-CME-001,M2M_CATALOG,2020-10-14T03:24Z,,,2020-10-14,4T03,,,,,,,,,,,,,
2020-10-15T11:24:00-CME-001,M2M_CATALOG,2020-10-15T11:24Z,,,2020-10-15,5T11,,,,,,,,,,,,,
2020-10-15T16:36:00-CME-001,M2M_CATALOG,2020-10-15T16:36Z,,,2020-10-15,5T16,,,,,,,,,,,,,
2020-10-16T13:36:00-CME-001,M2M_CATALOG,2020-10-16T13:36Z,,12774.0,2020-10-16,6T13,,,,,,,,,,,,,
2020-10-16T16:03:00-CME-001,M2M_CATALOG,2020-10-16T16:03Z,S23W66,12775.0,2020-10-16,6T16,,,,,,,,,,,,,
2020-10-18T09:24:00-CME-001,M2M_CATALOG,2020-10-18T09:24Z,,,2020-10-18,8T09,,,,,,,,,,,,,
2020-10-22T13:09:00-CME-001,M2M_CATALOG,2020-10-22T13:09Z,,,2020-10-22,2T13,,,,,,,,,,,,,
2020-10-23T04:39:00-CME-001,M2M_CATALOG,2020-10-23T04:39Z,,,2020-10-23,3T04,,,,,,,,,,,,,
2020-10-23T22:35:00-CME-001,M2M_CATALOG,2020-10-23T22:35Z,,,2020-10-23,3T22,,,,,,,,,,,,,
2020-10-26T09:12:00-CME-001,M2M_CATALOG,2020-10-26T09:12Z,,,2020-10-26,6T09,,,,,,,,,,,,,
2020-10-26T18:09:00-CME-001,M2M_CATALOG,2020-10-26T18:09Z,,,2020-10-26,6T18,,,,,,,,,,,,,
2020-10-27T03:39:00-CME-001,M2M_CATALOG,2020-10-27T03:39Z,,,2020-10-27,7T03,,,,,,,,,,,,,
2020-10-28T13:42:00-CME-001,M2M_CATALOG,2020-10-28T13:42Z,,,2020-10-28,8T13,,,,,,,,,,,,,
2020-11-18T13:24:00-CME-001,M2M_CATALOG,2020-11-18T13:24Z,,,2020-11-18,8T13,,,,,,,,,,,,,
2020-11-18T13:36:00-CME-001,M2M_CATALOG,2020-11-18T13:36Z,,,2020-11-18,8T13,,,,,,,,,,,,,
2020-10-29T01:54:00-CME-001,M2M_CATALOG,2020-10-29T01:54Z,S19W28,12779.0,2020-10-29,9T01,,,,,,,,,,,,,
2020-10-31T00:12:00-CME-001,M2M_CATALOG,2020-10-31T00:12Z,,,2020-10-31,1T00,,,,,,,,,,,,,
2020-12-11T00:36:00-CME-001,M2M_CATALOG,2020-12-11T00:36Z,,,2020-12-11,1T00,,,,,,,,,,,,,
2020-11-01T20:00:00-CME-001,M2M_CATALOG,2020-11-01T20:00Z,,,2020-11-01,1T20,,,,,,,,,,,,,
2020-11-02T05:24:00-CME-001,M2M_CATALOG,2020-11-02T05:24Z,,,2020-11-02,2T05,,,,,,,,,,,,,
2020-11-07T13:24:00-CME-001,M2M_CATALOG,2020-11-07T13:24Z,N19W01,12780.0,2020-11-07,7T13,,,,,,,,,,,,,
2020-11-08T20:12:00-CME-001,M2M_CATALOG,2020-11-08T20:12Z,,,2020-11-08,8T20,,,,,,,,,,,,,
2020-11-11T19:36:00-CME-001,M2M_CATALOG,2020-11-11T19:36Z,S22E60,12782.0,2020-11-11,1T19,,,,,,,,,,,,,
2020-11-21T19:36:00-CME-001,M2M_CATALOG,2020-11-21T19:36Z,,,2020-11-21,1T19,,,,,,,,,,,,,
2020-12-11T19:09:00-CME-001,M2M_CATALOG,2020-12-11T19:09Z,,12791.0,2020-12-11,1T19,,,,,,,,,,,,,
2020-11-12T02:24:00-CME-001,M2M_CATALOG,2020-11-12T02:24Z,,,2020-11-12,2T02,,,,,,,,,,,,,
2020-11-13T12:24:00-CME-001,M2M_CATALOG,2020-11-13T12:24Z,,,2020-11-13,3T12,,,,,,,,,,,,,
2020-11-17T08:36:00-CME-001,M2M_CATALOG,2020-11-17T08:36Z,,,2020-11-17,7T08,,,,,,,,,,,,,
2020-11-17T19:00:00-CME-001,M2M_CATALOG,2020-11-17T19:00Z,,,2020-11-17,7T19,,,,,,,,,,,,,
2020-10-28T13:42:00-CME-001,M2M_CATALOG,2020-10-28T13:42Z,,,2020-10-28,8T13,,,,,,,,,,,,,
2020-11-18T13:24:00-CME-001,M2M_CATALOG,2020-11-18T13:24Z,,,2020-11-18,8T13,,,,,,,,,,,,,
2020-11-18T13:36:00-CME-001,M2M_CATALOG,2020-11-18T13:36Z,,,2020-11-18,8T13,,,,,,,,,,,,,
2020-10-28T13:42:00-CME-001,M2M_CATALOG,2020-10-28T13:42Z,,,2020-10-28,8T13,,,,,,,,,,,,,
2020-11-18T13:24:00-CME-001,M2M_CATALOG,2020-11-18T13:24Z,,,2020-11-18,8T13,,,,,,,,,,,,,
2020-11-18T13:36:00-CME-001,M2M_CATALOG,2020-11-18T13:36Z,,,2020-11-18,8T13,,,,,,,,,,,,,
2020-11-18T21:48:00-CME-001,M2M_CATALOG,2020-11-18T21:48Z,S20E138,,2020-11-18,8T21,,,,,,,,,,,,,
2020-11-19T02:54:00-CME-001,M2M_CATALOG,2020-11-19T02:54Z,,,2020-11-19,9T02,,,,,,,,,,,,,
2020-11-19T03:12:00-CME-001,M2M_CATALOG,2020-11-19T03:12Z,N30E40,,2020-11-19,9T03,,,,,,,,,,,,,
2020-11-19T06:48:00-CME-001,M2M_CATALOG,2020-11-19T06:48Z,S23E49,,2020-11-19,9T06,,,,,,,,,,,,,
2020-11-19T15:12:00-CME-001,M2M_CATALOG,2020-11-19T15:12Z,,,2020-11-19,9T15,,,,,,,,,,,,,
2020-11-29T15:05:00-CME-001,M2M_CATALOG,2020-11-29T15:05Z,,12783.0,2020-11-29,9T15,,,,,,,,,,,,,
2020-11-20T19:51:00-CME-001,M2M_CATALOG,2020-11-20T19:51Z,,12783.0,2020-11-20,0T19,,,,,,,,,,,,,
2020-11-20T21:12:00-CME-001,M2M_CATALOG,2020-11-20T21:12Z,,,2020-11-20,0T21,,,,,,,,,,,,,
2020-11-11T19:36:00-CME-001,M2M_CATALOG,2020-11-11T19:36Z,S22E60,12782.0,2020-11-11,1T19,,,,,,,,,,,,,
2020-11-21T19:36:00-CME-001,M2M_CATALOG,2020-11-21T19:36Z,,,2020-11-21,1T19,,,,,,,,,,,,,
2020-12-11T19:09:00-CME-001,M2M_CATALOG,2020-12-11T19:09Z,,12791.0,2020-12-11,1T19,,,,,,,,,,,,,
2020-11-21T23:12:00-CME-001,M2M_CATALOG,2020-11-21T23:12Z,,,2020-11-21,1T23,,,,,,,,,,,,,
2020-11-22T01:36:00-CME-001,M2M_CATALOG,2020-11-22T01:36Z,,,2020-11-22,2T01,,,,,,,,,,,,,
2020-11-23T18:48:00-CME-001,M2M_CATALOG,2020-11-23T18:48Z,,,2020-11-23,3T18,,,,,,,,,,,,,
2020-11-24T04:36:00-CME-001,M2M_CATALOG,2020-11-24T04:36Z,S20E65,12785.0,2020-11-24,4T04,,,,,,,,,,,,,
2020-11-24T11:24:00-CME-001,M2M_CATALOG,2020-11-24T11:24Z,,,2020-11-24,4T11,,,,,,,,,,,,,
2020-12-04T11:09:00-CME-001,M2M_CATALOG,2020-12-04T11:09Z,,,2020-12-04,4T11,,,,,,,,,,,,,
2020-11-24T13:24:00-CME-001,M2M_CATALOG,2020-11-24T13:24Z,,,2020-11-24,4T13,,,,,,,,,,,,,
2020-11-26T08:24:00-CME-001,M2M_CATALOG,2020-11-26T08:24Z,,,2020-11-26,6T08,,,,,,,,,,,,,
2020-11-26T21:24:00-CME-001,M2M_CATALOG,2020-11-26T21:24Z,N32E90,12787.0,2020-11-26,6T21,,,,,,,,,,,,,
2020-11-27T05:48:00-CME-001,M2M_CATALOG,2020-11-27T05:48Z,,,2020-11-27,7T05,,,,,,,,,,,,,
2020-11-29T13:24:00-CME-001,M2M_CATALOG,2020-11-29T13:24Z,S23E97,,2020-11-29,9T13,,,,,,,,,,,,,
2020-11-19T15:12:00-CME-001,M2M_CATALOG,2020-11-19T15:12Z,,,2020-11-19,9T15,,,,,,,,,,,,,
2020-11-29T15:05:00-CME-001,M2M_CATALOG,2020-11-29T15:05Z,,12783.0,2020-11-29,9T15,,,,,,,,,,,,,
2020-11-30T07:09:00-CME-001,M2M_CATALOG,2020-11-30T07:09Z,,,2020-11-30,0T07,,,,,,,,,,,,,
2020-12-01T05:48:00-CME-001,M2M_CATALOG,2020-12-01T05:48Z,S25E80,12790.0,2020-12-01,1T05,,,,,,,,,,,,,
2020-12-01T07:12:00-CME-001,M2M_CATALOG,2020-12-01T07:12Z,N35E30,12787.0,2020-12-01,1T07,,,,,,,,,,,,,
2020-12-03T11:12:00-CME-001,M2M_CATALOG,2020-12-03T11:12Z,S30E137,,2020-12-03,3T11,,,,,,,,,,,,,
2020-12-04T02:48:00-CME-001,M2M_CATALOG,2020-12-04T02:48Z,,,2020-12-04,4T02,,,,,,,,,,,,,
2020-11-24T11:24:00-CME-001,M2M_CATALOG,2020-11-24T11:24Z,,,2020-11-24,4T11,,,,,,,,,,,,,
2020-12-04T11:09:00-CME-001,M2M_CATALOG,2020-12-04T11:09Z,,,2020-12-04,4T11,,,,,,,,,,,,,
2020-12-06T22:00:00-CME-001,M2M_CATALOG,2020-12-06T22:00Z,,,2020-12-06,6T22,,,,,,,,,,,,,
2020-12-07T16:24:00-CME-001,M2M_CATALOG,2020-12-07T16:24Z,S23W11,12790.0,2020-12-07,7T16,,,,,,,,,,,,,
2020-12-07T18:36:00-CME-001,M2M_CATALOG,2020-12-07T18:36Z,S40W30,,2020-12-07,7T18,,,,,,,,,,,,,
2020-10-31T00:12:00-CME-001,M2M_CATALOG,2020-10-31T00:12Z,,,2020-10-31,1T00,,,,,,,,,,,,,
2020-12-11T00:36:00-CME-001,M2M_CATALOG,2020-12-11T00:36Z,,,2020-12-11,1T00,,,,,,,,,,,,,
2020-11-11T19:36:00-CME-001,M2M_CATALOG,2020-11-11T19:36Z,S22E60,12782.0,2020-11-11,1T19,,,,,,,,,,,,,
2020-11-21T19:36:00-CME-001,M2M_CATALOG,2020-11-21T19:36Z,,,2020-11-21,1T19,,,,,,,,,,,,,
2020-12-11T19:09:00-CME-001,M2M_CATALOG,2020-12-11T19:09Z,,12791.0,2020-12-11,1T19,,,,,,,,,,,,,
2020-12-12T04:12:00-CME-001,M2M_CATALOG,2020-12-12T04:12Z,,,2020-12-12,2T04,,,,,,,,,,,,,
2020-12-13T09:24:00-CME-001,M2M_CATALOG,2020-12-13T09:24Z,,,2020-12-13,3T09,,,,,,,,,,,,,
2020-12-14T15:12:00-CME-001,M2M_CATALOG,2020-12-14T15:12Z,S22E44,12792.0,2020-12-14,4T15,,,,,,,,,,,,,
2020-12-14T21:12:00-CME-001,M2M_CATALOG,2020-12-14T21:12Z,N40E110,,2020-12-14,4T21,,,,,,,,,,,,,
2020-12-17T06:48:00-CME-001,M2M_CATALOG,2020-12-17T06:48Z,,,2020-12-17,7T06,,,,,,,,,,,,,
2020-12-27T00:48:00-CME-001,M2M_CATALOG,2020-12-27T00:48Z,,,2020-12-27,7T00,,,,,,,,,,,,,
2020-12-30T02:24:00-CME-001,M2M_CATALOG,2020-12-30T02:24Z,S20E08,12795.0,2020-12-30,0T02,,,,,,,,,,,,,
2020-10-10T04:24:00-CME-001,M2M_CATALOG,2020-10-10T04:24Z,,,2020-10-10,0T04,,,,,,,,,,,,,
2020-10-13T21:12:00-CME-001,M2M_CATALOG,2020-10-13T21:12Z,S23W37,12775.0,2020-10-13,3T21,,,,,,,,,,,,,
2020-10-14T03:24:00-CME-001,M2M_CATALOG,2020-10-14T03:24Z,,,2020-10-14,4T03,,,,,,,,,,,,,
2020-10-15T11:24:00-CME-001,M2M_CATALOG,2020-10-15T11:24Z,,,2020-10-15,5T11,,,,,,,,,,,,,
2020-10-15T16:36:00-CME-001,M2M_CATALOG,2020-10-15T16:36Z,,,2020-10-15,5T16,,,,,,,,,,,,,
2020-10-16T13:36:00-CME-001,M2M_CATALOG,2020-10-16T13:36Z,,12774.0,2020-10-16,6T13,,,,,,,,,,,,,
2020-10-16T16:03:00-CME-001,M2M_CATALOG,2020-10-16T16:03Z,S23W66,12775.0,2020-10-16,6T16,,,,,,,,,,,,,
2020-10-18T09:24:00-CME-001,M2M_CATALOG,2020-10-18T09:24Z,,,2020-10-18,8T09,,,,,,,,,,,,,
2020-10-22T13:09:00-CME-001,M2M_CATALOG,2020-10-22T13:09Z,,,2020-10-22,2T13,,,,,,,,,,,,,
2020-10-23T04:39:00-CME-001,M2M_CATALOG,2020-10-23T04:39Z,,,2020-10-23,3T04,,,,,,,,,,,,,
2020-10-23T22:35:00-CME-001,M2M_CATALOG,2020-10-23T22:35Z,,,2020-10-23,3T22,,,,,,,,,,,,,
2020-10-26T09:12:00-CME-001,M2M_CATALOG,2020-10-26T09:12Z,,,2020-10-26,6T09,,,,,,,,,,,,,
2020-10-26T18:09:00-CME-001,M2M_CATALOG,2020-10-26T18:09Z,,,2020-10-26,6T18,,,,,,,,,,,,,
2020-10-27T03:39:00-CME-001,M2M_CATALOG,2020-10-27T03:39Z,,,2020-10-27,7T03,,,,,,,,,,,,,
2020-10-28T13:42:00-CME-001,M2M_CATALOG,2020-10-28T13:42Z,,,2020-10-28,8T13,,,,,,,,,,,,,
2020-11-18T13:24:00-CME-001,M2M_CATALOG,2020-11-18T13:24Z,,,2020-11-18,8T13,,,,,,,,,,,,,
2020-11-18T13:36:00-CME-001,M2M_CATALOG,2020-11-18T13:36Z,,,2020-11-18,8T13,,,,,,,,,,,,,
2020-10-29T01:54:00-CME-001,M2M_CATALOG,2020-10-29T01:54Z,S19W28,12779.0,2020-10-29,9T01,,,,,,,,,,,,,
2020-10-31T00:12:00-CME-001,M2M_CATALOG,2020-10-31T00:12Z,,,2020-10-31,1T00,,,,,,,,,,,,,
2020-12-11T00:36:00-CME-001,M2M_CATALOG,2020-12-11T00:36Z,,,2020-12-11,1T00,,,,,,,,,,,,,
2020-11-01T20:00:00-CME-001,M2M_CATALOG,2020-11-01T20:00Z,,,2020-11-01,1T20,,,,,,,,,,,,,
2020-11-02T05:24:00-CME-001,M2M_CATALOG,2020-11-02T05:24Z,,,2020-11-02,2T05,182.0,090ea48a-86e5-440b-8745-0866c5d999dc,Red Stripe,Pliny The Elder,Strong Ale,Glacier,1084 - Irish Ale,Rye malt,55 IBU,9.3%,13.5°Blg,Jamaica,1928.0
2020-11-07T13:24:00-CME-001,M2M_CATALOG,2020-11-07T13:24Z,N19W01,12780.0,2020-11-07,7T13,,,,,,,,,,,,,
2020-11-08T20:12:00-CME-001,M2M_CATALOG,2020-11-08T20:12Z,,,2020-11-08,8T20,,,,,,,,,,,,,
2020-11-11T19:36:00-CME-001,M2M_CATALOG,2020-11-11T19:36Z,S22E60,12782.0,2020-11-11,1T19,,,,,,,,,,,,,
2020-11-21T19:36:00-CME-001,M2M_CATALOG,2020-11-21T19:36Z,,,2020-11-21,1T19,,,,,,,,,,,,,
2020-12-11T19:09:00-CME-001,M2M_CATALOG,2020-12-11T19:09Z,,12791.0,2020-12-11,1T19,,,,,,,,,,,,,
2020-11-12T02:24:00-CME-001,M2M_CATALOG,2020-11-12T02:24Z,,,2020-11-12,2T02,,,,,,,,,,,,,
2020-11-13T12:24:00-CME-001,M2M_CATALOG,2020-11-13T12:24Z,,,2020-11-13,3T12,,,,,,,,,,,,,
2020-11-17T08:36:00-CME-001,M2M_CATALOG,2020-11-17T08:36Z,,,2020-11-17,7T08,,,,,,,,,,,,,
2020-11-17T19:00:00-CME-001,M2M_CATALOG,2020-11-17T19:00Z,,,2020-11-17,7T19,,,,,,,,,,,,,
2020-10-28T13:42:00-CME-001,M2M_CATALOG,2020-10-28T13:42Z,,,2020-10-28,8T13,,,,,,,,,,,,,
2020-11-18T13:24:00-CME-001,M2M_CATALOG,2020-11-18T13:24Z,,,2020-11-18,8T13,,,,,,,,,,,,,
2020-11-18T13:36:00-CME-001,M2M_CATALOG,2020-11-18T13:36Z,,,2020-11-18,8T13,,,,,,,,,,,,,
2020-10-28T13:42:00-CME-001,M2M_CATALOG,2020-10-28T13:42Z,,,2020-10-28,8T13,,,,,,,,,,,,,
2020-11-18T13:24:00-CME-001,M2M_CATALOG,2020-11-18T13:24Z,,,2020-11-18,8T13,,,,,,,,,,,,,
2020-11-18T13:36:00-CME-001,M2M_CATALOG,2020-11-18T13:36Z,,,2020-11-18,8T13,,,,,,,,,,,,,
2020-11-18T21:48:00-CME-001,M2M_CATALOG,2020-11-18T21:48Z,S20E138,,2020-11-18,8T21,,,,,,,,,,,,,
2020-11-19T02:54:00-CME-001,M2M_CATALOG,2020-11-19T02:54Z,,,2020-11-19,9T02,,,,,,,,,,,,,
2020-11-19T03:12:00-CME-001,M2M_CATALOG,2020-11-19T03:12Z,N30E40,,2020-11-19,9T03,,,,,,,,,,,,,
2020-11-19T06:48:00-CME-001,M2M_CATALOG,2020-11-19T06:48Z,S23E49,,2020-11-19,9T06,,,,,,,,,,,,,
2020-11-19T15:12:00-CME-001,M2M_CATALOG,2020-11-19T15:12Z,,,2020-11-19,9T15,,,,,,,,,,,,,
2020-11-29T15:05:00-CME-001,M2M_CATALOG,2020-11-29T15:05Z,,12783.0,2020-11-29,9T15,,,,,,,,,,,,,
2020-11-20T19:51:00-CME-001,M2M_CATALOG,2020-11-20T19:51Z,,12783.0,2020-11-20,0T19,,,,,,,,,,,,,
2020-10-10T04:24:00-CME-001,M2M_CATALOG,2020-10-10T04:24Z,,,2020-10-10,0T04,,,,,,,,,,,,,
2020-10-13T21:12:00-CME-001,M2M_CATALOG,2020-10-13T21:12Z,S23W37,12775.0,2020-10-13,3T21,,,,,,,,,,,,,
2020-10-14T03:24:00-CME-001,M2M_CATALOG,2020-10-14T03:24Z,,,2020-10-14,4T03,,,,,,,,,,,,,
2020-10-15T11:24:00-CME-001,M2M_CATALOG,2020-10-15T11:24Z,,,2020-10-15,5T11,,,,,,,,,,,,,
2020-10-15T16:36:00-CME-001,M2M_CATALOG,2020-10-15T16:36Z,,,2020-10-15,5T16,,,,,,,,,,,,,
2020-10-16T13:36:00-CME-001,M2M_CATALOG,2020-10-16T13:36Z,,12774.0,2020-10-16,6T13,203.0,30a5ed0b-220f-4834-9160-cdd623429e3f,Quimes,Bell’s Expedition,English Pale Ale,Centennial,3522 - Belgian Ardennes,Chocolate malt,67 IBU,8.2%,7.6°Blg,Argentina,1890.0
2020-10-16T16:03:00-CME-001,M2M_CATALOG,2020-10-16T16:03Z,S23W66,12775.0,2020-10-16,6T16,,,,,,,,,,,,,
2020-10-18T09:24:00-CME-001,M2M_CATALOG,2020-10-18T09:24Z,,,2020-10-18,8T09,,,,,,,,,,,,,
2020-10-22T13:09:00-CME-001,M2M_CATALOG,2020-10-22T13:09Z,,,2020-10-22,2T13,,,,,,,,,,,,,
2020-10-23T04:39:00-CME-001,M2M_CATALOG,2020-10-23T04:39Z,,,2020-10-23,3T04,,,,,,,,,,,,,
2020-10-23T22:35:00-CME-001,M2M_CATALOG,2020-10-23T22:35Z,,,2020-10-23,3T22,,,,,,,,,,,,,
2020-10-26T09:12:00-CME-001,M2M_CATALOG,2020-10-26T09:12Z,,,2020-10-26,6T09,,,,,,,,,,,,,
2020-10-26T18:09:00-CME-001,M2M_CATALOG,2020-10-26T18:09Z,,,2020-10-26,6T18,,,,,,,,,,,,,
2020-10-27T03:39:00-CME-001,M2M_CATALOG,2020-10-27T03:39Z,,,2020-10-27,7T03,,,,,,,,,,,,,
2020-10-28T13:42:00-CME-001,M2M_CATALOG,2020-10-28T13:42Z,,,2020-10-28,8T13,,,,,,,,,,,,,
2020-11-18T13:24:00-CME-001,M2M_CATALOG,2020-11-18T13:24Z,,,2020-11-18,8T13,,,,,,,,,,,,,
2020-11-18T13:36:00-CME-001,M2M_CATALOG,2020-11-18T13:36Z,,,2020-11-18,8T13,,,,,,,,,,,,,
2020-10-29T01:54:00-CME-001,M2M_CATALOG,2020-10-29T01:54Z,S19W28,12779.0,2020-10-29,9T01,,,,,,,,,,,,,
2020-10-31T00:12:00-CME-001,M2M_CATALOG,2020-10-31T00:12Z,,,2020-10-31,1T00,,,,,,,,,,,,,
2020-12-11T00:36:00-CME-001,M2M_CATALOG,2020-12-11T00:36Z,,,2020-12-11,1T00,,,,,,,,,,,,,
2020-11-01T20:00:00-CME-001,M2M_CATALOG,2020-11-01T20:00Z,,,2020-11-01,1T20,,,,,,,,,,,,,
2020-11-02T05:24:00-CME-001,M2M_CATALOG,2020-11-02T05:24Z,,,2020-11-02,2T05,,,,,,,,,,,,,
2020-11-07T13:24:00-CME-001,M2M_CATALOG,2020-11-07T13:24Z,N19W01,12780.0,2020-11-07,7T13,,,,,,,,,,,,,
2020-11-08T20:12:00-CME-001,M2M_CATALOG,2020-11-08T20:12Z,,,2020-11-08,8T20,,,,,,,,,,,,,
2020-11-11T19:36:00-CME-001,M2M_CATALOG,2020-11-11T19:36Z,S22E60,12782.0,2020-11-11,1T19,,,,,,,,,,,,,
2020-11-21T19:36:00-CME-001,M2M_CATALOG,2020-11-21T19:36Z,,,2020-11-21,1T19,,,,,,,,,,,,,
2020-12-11T19:09:00-CME-001,M2M_CATALOG,2020-12-11T19:09Z,,12791.0,2020-12-11,1T19,,,,,,,,,,,,,
2020-11-12T02:24:00-CME-001,M2M_CATALOG,2020-11-12T02:24Z,,,2020-11-12,2T02,,,,,,,,,,,,,
2020-11-13T12:24:00-CME-001,M2M_CATALOG,2020-11-13T12:24Z,,,2020-11-13,3T12,,,,,,,,,,,,,
2020-11-17T08:36:00-CME-001,M2M_CATALOG,2020-11-17T08:36Z,,,2020-11-17,7T08,,,,,,,,,,,,,
2020-11-17T19:00:00-CME-001,M2M_CATALOG,2020-11-17T19:00Z,,,2020-11-17,7T19,,,,,,,,,,,,,
2020-10-28T13:42:00-CME-001,M2M_CATALOG,2020-10-28T13:42Z,,,2020-10-28,8T13,,,,,,,,,,,,,
2020-11-18T13:24:00-CME-001,M2M_CATALOG,2020-11-18T13:24Z,,,2020-11-18,8T13,,,,,,,,,,,,,
2020-11-18T13:36:00-CME-001,M2M_CATALOG,2020-11-18T13:36Z,,,2020-11-18,8T13,,,,,,,,,,,,,
2020-10-28T13:42:00-CME-001,M2M_CATALOG,2020-10-28T13:42Z,,,2020-10-28,8T13,,,,,,,,,,,,,
2020-11-18T13:24:00-CME-001,M2M_CATALOG,2020-11-18T13:24Z,,,2020-11-18,8T13,,,,,,,,,,,,,
2020-11-18T13:36:00-CME-001,M2M_CATALOG,2020-11-18T13:36Z,,,2020-11-18,8T13,,,,,,,,,,,,,
2020-11-18T21:48:00-CME-001,M2M_CATALOG,2020-11-18T21:48Z,S20E138,,2020-11-18,8T21,,,,,,,,,,,,,
2020-11-19T02:54:00-CME-001,M2M_CATALOG,2020-11-19T02:54Z,,,2020-11-19,9T02,,,,,,,,,,,,,
2020-11-19T03:12:00-CME-001,M2M_CATALOG,2020-11-19T03:12Z,N30E40,,2020-11-19,9T03,228.0,ad33f85a-3ab8-44af-91fc-fde6a8b39393,Lowenbrau,Stone IPA,Belgian And French Ale,Mt. Rainier,5112 - Brettanomyces bruxellensis,Black malt,38 IBU,8.2%,5.1°Blg,Alemania,1746.0
2020-11-19T06:48:00-CME-001,M2M_CATALOG,2020-11-19T06:48Z,S23E49,,2020-11-19,9T06,,,,,,,,,,,,,
2020-11-19T15:12:00-CME-001,M2M_CATALOG,2020-11-19T15:12Z,,,2020-11-19,9T15,,,,,,,,,,,,,
2020-11-29T15:05:00-CME-001,M2M_CATALOG,2020-11-29T15:05Z,,12783.0,2020-11-29,9T15,,,,,,,,,,,,,
2020-11-20T19:51:00-CME-001,M2M_CATALOG,2020-11-20T19:51Z,,12783.0,2020-11-20,0T19,,,,,,,,,,,,,
2020-11-20T21:12:00-CME-001,M2M_CATALOG,2020-11-20T21:12Z,,,2020-11-20,0T21,,,,,,,,,,,,,
2020-11-11T19:36:00-CME-001,M2M_CATALOG,2020-11-11T19:36Z,S22E60,12782.0,2020-11-11,1T19,,,,,,,,,,,,,
2020-11-21T19:36:00-CME-001,M2M_CATALOG,2020-11-21T19:36Z,,,2020-11-21,1T19,,,,,,,,,,,,,
2020-12-11T19:09:00-CME-001,M2M_CATALOG,2020-12-11T19:09Z,,12791.0,2020-12-11,1T19,,,,,,,,,,,,,
2020-11-21T23:12:00-CME-001,M2M_CATALOG,2020-11-21T23:12Z,,,2020-11-21,1T23,,,,,,,,,,,,,
2020-11-22T01:36:00-CME-001,M2M_CATALOG,2020-11-22T01:36Z,,,2020-11-22,2T01,,,,,,,,,,,,,
2020-11-23T18:48:00-CME-001,M2M_CATALOG,2020-11-23T18:48Z,,,2020-11-23,3T18,,,,,,,,,,,,,
2020-11-24T04:36:00-CME-001,M2M_CATALOG,2020-11-24T04:36Z,S20E65,12785.0,2020-11-24,4T04,,,,,,,,,,,,,
2020-11-24T11:24:00-CME-001,M2M_CATALOG,2020-11-24T11:24Z,,,2020-11-24,4T11,,,,,,,,,,,,,
2020-12-04T11:09:00-CME-001,M2M_CATALOG,2020-12-04T11:09Z,,,2020-12-04,4T11,,,,,,,,,,,,,
2020-11-24T13:24:00-CME-001,M2M_CATALOG,2020-11-24T13:24Z,,,2020-11-24,4T13,,,,,,,,,,,,,
2020-11-26T08:24:00-CME-001,M2M_CATALOG,2020-11-26T08:24Z,,,2020-11-26,6T08,,,,,,,,,,,,,
2020-11-26T21:24:00-CME-001,M2M_CATALOG,2020-11-26T21:24Z,N32E90,12787.0,2020-11-26,6T21,,,,,,,,,,,,,
2020-11-27T05:48:00-CME-001,M2M_CATALOG,2020-11-27T05:48Z,,,2020-11-27,7T05,,,,,,,,,,,,,
2020-11-29T13:24:00-CME-001,M2M_CATALOG,2020-11-29T13:24Z,S23E97,,2020-11-29,9T13,,,,,,,,,,,,,
2020-11-19T15:12:00-CME-001,M2M_CATALOG,2020-11-19T15:12Z,,,2020-11-19,9T15,,,,,,,,,,,,,
2020-11-29T15:05:00-CME-001,M2M_CATALOG,2020-11-29T15:05Z,,12783.0,2020-11-29,9T15,,,,,,,,,,,,,
2020-11-30T07:09:00-CME-001,M2M_CATALOG,2020-11-30T07:09Z,,,2020-11-30,0T07,,,,,,,,,,,,,
2020-12-01T05:48:00-CME-001,M2M_CATALOG,2020-12-01T05:48Z,S25E80,12790.0,2020-12-01,1T05,,,,,,,,,,,,,
2020-12-01T07:12:00-CME-001,M2M_CATALOG,2020-12-01T07:12Z,N35E30,12787.0,2020-12-01,1T07,,,,,,,,,,,,,
2020-12-03T11:12:00-CME-001,M2M_CATALOG,2020-12-03T11:12Z,S30E137,,2020-12-03,3T11,,,,,,,,,,,,,
2020-12-04T02:48:00-CME-001,M2M_CATALOG,2020-12-04T02:48Z,,,2020-12-04,4T02,,,,,,,,,,,,,
2020-11-24T11:24:00-CME-001,M2M_CATALOG,2020-11-24T11:24Z,,,2020-11-24,4T11,,,,,,,,,,,,,
2020-12-04T11:09:00-CME-001,M2M_CATALOG,2020-12-04T11:09Z,,,2020-12-04,4T11,,,,,,,,,,,,,
2020-12-06T22:00:00-CME-001,M2M_CATALOG,2020-12-06T22:00Z,,,2020-12-06,6T22,,,,,,,,,,,,,
2020-12-07T16:24:00-CME-001,M2M_CATALOG,2020-12-07T16:24Z,S23W11,12790.0,2020-12-07,7T16,,,,,,,,,,,,,
2020-12-07T18:36:00-CME-001,M2M_CATALOG,2020-12-07T18:36Z,S40W30,,2020-12-07,7T18,,,,,,,,,,,,,
2020-10-31T00:12:00-CME-001,M2M_CATALOG,2020-10-31T00:12Z,,,2020-10-31,1T00,,,,,,,,,,,,,
2020-12-11T00:36:00-CME-001,M2M_CATALOG,2020-12-11T00:36Z,,,2020-12-11,1T00,,,,,,,,,,,,,
2020-11-11T19:36:00-CME-001,M2M_CATALOG,2020-11-11T19:36Z,S22E60,12782.0,2020-11-11,1T19,,,,,,,,,,,,,
2020-11-21T19:36:00-CME-001,M2M_CATALOG,2020-11-21T19:36Z,,,2020-11-21,1T19,,,,,,,,,,,,,
2020-12-11T19:09:00-CME-001,M2M_CATALOG,2020-12-11T19:09Z,,12791.0,2020-12-11,1T19,,,,,,,,,,,,,
2020-12-12T04:12:00-CME-001,M2M_CATALOG,2020-12-12T04:12Z,,,2020-12-12,2T04,,,,,,,,,,,,,
2020-12-13T09:24:00-CME-001,M2M_CATALOG,2020-12-13T09:24Z,,,2020-12-13,3T09,,,,,,,,,,,,,
2020-12-14T15:12:00-CME-001,M2M_CATALOG,2020-12-14T15:12Z,S22E44,12792.0,2020-12-14,4T15,,,,,,,,,,,,,
2020-12-14T21:12:00-CME-001,M2M_CATALOG,2020-12-14T21:12Z,N40E110,,2020-12-14,4T21,,,,,,,,,,,,,
2020-12-17T06:48:00-CME-001,M2M_CATALOG,2020-12-17T06:48Z,,,2020-12-17,7T06,,,,,,,,,,,,,
2020-12-27T00:48:00-CME-001,M2M_CATALOG,2020-12-27T00:48Z,,,2020-12-27,7T00,,,,,,,,,,,,,
2020-12-30T02:24:00-CME-001,M2M_CATALOG,2020-12-30T02:24Z,S20E08,12795.0,2020-12-30,0T02,,,,,,,,,,,,,
2020-10-10T04:24:00-CME-001,M2M_CATALOG,2020-10-10T04:24Z,,,2020-10-10,0T04,,,,,,,,,,,,,
2020-10-13T21:12:00-CME-001,M2M_CATALOG,2020-10-13T21:12Z,S23W37,12775.0,2020-10-13,3T21,,,,,,,,,,,,,
2020-10-14T03:24:00-CME-001,M2M_CATALOG,2020-10-14T03:24Z,,,2020-10-14,4T03,,,,,,,,,,,,,
2020-10-15T11:24:00-CME-001,M2M_CATALOG,2020-10-15T11:24Z,,,2020-10-15,5T11,,,,,,,,,,,,,
2020-10-15T16:36:00-CME-001,M2M_CATALOG,2020-10-15T16:36Z,,,2020-10-15,5T16,,,,,,,,,,,,,
2020-10-16T13:36:00-CME-001,M2M_CATALOG,2020-10-16T13:36Z,,12774.0,2020-10-16,6T13,,,,,,,,,,,,,
2020-10-16T16:03:00-CME-001,M2M_CATALOG,2020-10-16T16:03Z,S23W66,12775.0,2020-10-16,6T16,,,,,,,,,,,,,
2020-10-18T09:24:00-CME-001,M2M_CATALOG,2020-10-18T09:24Z,,,2020-10-18,8T09,,,,,,,,,,,,,
2020-10-22T13:09:00-CME-001,M2M_CATALOG,2020-10-22T13:09Z,,,2020-10-22,2T13,,,,,,,,,,,,,
2020-10-23T04:39:00-CME-001,M2M_CATALOG,2020-10-23T04:39Z,,,2020-10-23,3T04,,,,,,,,,,,,,
2020-10-23T22:35:00-CME-001,M2M_CATALOG,2020-10-23T22:35Z,,,2020-10-23,3T22,,,,,,,,,,,,,
2020-10-26T09:12:00-CME-001,M2M_CATALOG,2020-10-26T09:12Z,,,2020-10-26,6T09,,,,,,,,,,,,,
2020-10-26T18:09:00-CME-001,M2M_CATALOG,2020-10-26T18:09Z,,,2020-10-26,6T18,,,,,,,,,,,,,
2020-10-27T03:39:00-CME-001,M2M_CATALOG,2020-10-27T03:39Z,,,2020-10-27,7T03,,,,,,,,,,,,,
2020-10-28T13:42:00-CME-001,M2M_CATALOG,2020-10-28T13:42Z,,,2020-10-28,8T13,,,,,,,,,,,,,
2020-11-18T13:24:00-CME-001,M2M_CATALOG,2020-11-18T13:24Z,,,2020-11-18,8T13,,,,,,,,,,,,,
2020-11-18T13:36:00-CME-001,M2M_CATALOG,2020-11-18T13:36Z,,,2020-11-18,8T13,,,,,,,,,,,,,
2020-10-29T01:54:00-CME-001,M2M_CATALOG,2020-10-29T01:54Z,S19W28,12779.0,2020-10-29,9T01,,,,,,,,,,,,,
2020-10-31T00:12:00-CME-001,M2M_CATALOG,2020-10-31T00:12Z,,,2020-10-31,1T00,,,,,,,,,,,,,
2020-12-11T00:36:00-CME-001,M2M_CATALOG,2020-12-11T00:36Z,,,2020-12-11,1T00,,,,,,,,,,,,,
2020-11-01T20:00:00-CME-001,M2M_CATALOG,2020-11-01T20:00Z,,,2020-11-01,1T20,,,,,,,,,,,,,
2020-11-02T05:24:00-CME-001,M2M_CATALOG,2020-11-02T05:24Z,,,2020-11-02,2T05,,,,,,,,,,,,,
2020-11-07T13:24:00-CME-001,M2M_CATALOG,2020-11-07T13:24Z,N19W01,12780.0,2020-11-07,7T13,,,,,,,,,,,,,
2020-11-08T20:12:00-CME-001,M2M_CATALOG,2020-11-08T20:12Z,,,2020-11-08,8T20,,,,,,,,,,,,,
2020-11-11T19:36:00-CME-001,M2M_CATALOG,2020-11-11T19:36Z,S22E60,12782.0,2020-11-11,1T19,,,,,,,,,,,,,
2020-11-21T19:36:00-CME-001,M2M_CATALOG,2020-11-21T19:36Z,,,2020-11-21,1T19,,,,,,,,,,,,,
2020-12-11T19:09:00-CME-001,M2M_CATALOG,2020-12-11T19:09Z,,12791.0,2020-12-11,1T19,,,,,,,,,,,,,
2020-11-12T02:24:00-CME-001,M2M_CATALOG,2020-11-12T02:24Z,,,2020-11-12,2T02,,,,,,,,,,,,,
2020-11-13T12:24:00-CME-001,M2M_CATALOG,2020-11-13T12:24Z,,,2020-11-13,3T12,,,,,,,,,,,,,
2020-11-17T08:36:00-CME-001,M2M_CATALOG,2020-11-17T08:36Z,,,2020-11-17,7T08,,,,,,,,,,,,,
2020-11-17T19:00:00-CME-001,M2M_CATALOG,2020-11-17T19:00Z,,,2020-11-17,7T19,,,,,,,,,,,,,
2020-10-28T13:42:00-CME-001,M2M_CATALOG,2020-10-28T13:42Z,,,2020-10-28,8T13,,,,,,,,,,,,,
2020-11-18T13:24:00-CME-001,M2M_CATALOG,2020-11-18T13:24Z,,,2020-11-18,8T13,,,,,,,,,,,,,
2020-11-18T13:36:00-CME-001,M2M_CATALOG,2020-11-18T13:36Z,,,2020-11-18,8T13,,,,,,,,,,,,,
2020-10-28T13:42:00-CME-001,M2M_CATALOG,2020-10-28T13:42Z,,,2020-10-28,8T13,,,,,,,,,,,,,
2020-11-18T13:24:00-CME-001,M2M_CATALOG,2020-11-18T13:24Z,,,2020-11-18,8T13,,,,,,,,,,,,,
2020-11-18T13:36:00-CME-001,M2M_CATALOG,2020-11-18T13:36Z,,,2020-11-18,8T13,,,,,,,,,,,,,
2020-11-18T21:48:00-CME-001,M2M_CATALOG,2020-11-18T21:48Z,S20E138,,2020-11-18,8T21,,,,,,,,,,,,,
2020-11-19T02:54:00-CME-001,M2M_CATALOG,2020-11-19T02:54Z,,,2020-11-19,9T02,,,,,,,,,,,,,
2020-11-19T03:12:00-CME-001,M2M_CATALOG,2020-11-19T03:12Z,N30E40,,2020-11-19,9T03,,,,,,,,,,,,,
2020-11-19T06:48:00-CME-001,M2M_CATALOG,2020-11-19T06:48Z,S23E49,,2020-11-19,9T06,,,,,,,,,,,,,
2020-11-19T15:12:00-CME-001,M2M_CATALOG,2020-11-19T15:12Z,,,2020-11-19,9T15,,,,,,,,,,,,,
2020-11-29T15:05:00-CME-001,M2M_CATALOG,2020-11-29T15:05Z,,12783.0,2020-11-29,9T15,,,,,,,,,,,,,
2020-10-10T04:24:00-CME-001,M2M_CATALOG,2020-10-10T04:24Z,,,2020-10-10,0T04,,,,,,,,,,,,,
2020-10-13T21:12:00-CME-001,M2M_CATALOG,2020-10-13T21:12Z,S23W37,12775.0,2020-10-13,3T21,,,,,,,,,,,,,
2020-10-14T03:24:00-CME-001,M2M_CATALOG,2020-10-14T03:24Z,,,2020-10-14,4T03,,,,,,,,,,,,,
2020-10-15T11:24:00-CME-001,M2M_CATALOG,2020-10-15T11:24Z,,,2020-10-15,5T11,,,,,,,,,,,,,
2020-10-15T16:36:00-CME-001,M2M_CATALOG,2020-10-15T16:36Z,,,2020-10-15,5T16,,,,,,,,,,,,,
2020-10-16T13:36:00-CME-001,M2M_CATALOG,2020-10-16T13:36Z,,12774.0,2020-10-16,6T13,,,,,,,,,,,,,
2020-10-16T16:03:00-CME-001,M2M_CATALOG,2020-10-16T16:03Z,S23W66,12775.0,2020-10-16,6T16,,,,,,,,,,,,,
2020-10-18T09:24:00-CME-001,M2M_CATALOG,2020-10-18T09:24Z,,,2020-10-18,8T09,303.0,e192cd8c-b876-475a-9777-e45cee8031af,Sapporo,Bell’s Expedition,European Amber Lager,Simcoe,5112 - Brettanomyces bruxellensis,Special roast,71 IBU,9.0%,13.2°Blg,Japon,1876.0
2020-10-22T13:09:00-CME-001,M2M_CATALOG,2020-10-22T13:09Z,,,2020-10-22,2T13,,,,,,,,,,,,,
2020-11-02T05:24:00-CME-001,M2M_CATALOG,2020-11-02T05:24Z,,,2020-11-02,2T05,,,,,,,,,,,,,
2020-11-07T13:24:00-CME-001,M2M_CATALOG,2020-11-07T13:24Z,N19W01,12780.0,2020-11-07,7T13,,,,,,,,,,,,,
2020-11-08T20:12:00-CME-001,M2M_CATALOG,2020-11-08T20:12Z,,,2020-11-08,8T20,,,,,,,,,,,,,
2020-11-11T19:36:00-CME-001,M2M_CATALOG,2020-11-11T19:36Z,S22E60,12782.0,2020-11-11,1T19,,,,,,,,,,,,,
2020-11-21T19:36:00-CME-001,M2M_CATALOG,2020-11-21T19:36Z,,,2020-11-21,1T19,,,,,,,,,,,,,
2020-12-11T19:09:00-CME-001,M2M_CATALOG,2020-12-11T19:09Z,,12791.0,2020-12-11,1T19,,,,,,,,,,,,,
2020-11-12T02:24:00-CME-001,M2M_CATALOG,2020-11-12T02:24Z,,,2020-11-12,2T02,,,,,,,,,,,,,
2020-11-13T12:24:00-CME-001,M2M_CATALOG,2020-11-13T12:24Z,,,2020-11-13,3T12,,,,,,,,,,,,,
2020-11-17T08:36:00-CME-001,M2M_CATALOG,2020-11-17T08:36Z,,,2020-11-17,7T08,,,,,,,,,,,,,
2020-11-17T19:00:00-CME-001,M2M_CATALOG,2020-11-17T19:00Z,,,2020-11-17,7T19,,,,,,,,,,,,,
2020-11-18T21:48:00-CME-001,M2M_CATALOG,2020-11-18T21:48Z,S20E138,,2020-11-18,8T21,,,,,,,,,,,,,
2020-11-19T02:54:00-CME-001,M2M_CATALOG,2020-11-19T02:54Z,,,2020-11-19,9T02,,,,,,,,,,,,,
2020-11-27T05:48:00-CME-001,M2M_CATALOG,2020-11-27T05:48Z,,,2020-11-27,7T05,,,,,,,,,,,,,
2020-11-29T13:24:00-CME-001,M2M_CATALOG,2020-11-29T13:24Z,S23E97,,2020-11-29,9T13,,,,,,,,,,,,,
2020-11-30T07:09:00-CME-001,M2M_CATALOG,2020-11-30T07:09Z,,,2020-11-30,0T07,,,,,,,,,,,,,
2020-12-01T05:48:00-CME-001,M2M_CATALOG,2020-12-01T05:48Z,S25E80,12790.0,2020-12-01,1T05,,,,,,,,,,,,,
2020-12-01T07:12:00-CME-001,M2M_CATALOG,2020-12-01T07:12Z,N35E30,12787.0,2020-12-01,1T07,,,,,,,,,,,,,
2020-12-03T11:12:00-CME-001,M2M_CATALOG,2020-12-03T11:12Z,S30E137,,2020-12-03,3T11,,,,,,,,,,,,,
2020-12-04T02:48:00-CME-001,M2M_CATALOG,2020-12-04T02:48Z,,,2020-12-04,4T02,,,,,,,,,,,,,
2020-12-06T22:00:00-CME-001,M2M_CATALOG,2020-12-06T22:00Z,,,2020-12-06,6T22,,,,,,,,,,,,,
2020-12-07T16:24:00-CME-001,M2M_CATALOG,2020-12-07T16:24Z,S23W11,12790.0,2020-12-07,7T16,,,,,,,,,,,,,
2020-12-07T18:36:00-CME-001,M2M_CATALOG,2020-12-07T18:36Z,S40W30,,2020-12-07,7T18,,,,,,,,,,,,,
2020-12-17T06:48:00-CME-001,M2M_CATALOG,2020-12-17T06:48Z,,,2020-12-17,7T06,,,,,,,,,,,,,
2020-12-27T00:48:00-CME-001,M2M_CATALOG,2020-12-27T00:48Z,,,2020-12-27,7T00,,,,,,,,,,,,,
2020-12-30T02:24:00-CME-001,M2M_CATALOG,2020-12-30T02:24Z,S20E08,12795.0,2020-12-30,0T02,,,,,,,,,,,,,
2020-10-10T04:24:00-CME-001,M2M_CATALOG,2020-10-10T04:24Z,,,2020-10-10,0T04,,,,,,,,,,,,,
2020-10-13T21:12:00-CME-001,M2M_CATALOG,2020-10-13T21:12Z,S23W37,12775.0,2020-10-13,3T21,329.0,78bbfe6f-b0ec-4afe-83df-b1ca1d7cb119,Becks,Schneider Aventinus,German Wheat And Rye Beer,Mosaic,1056 - American Ale,Victory,22 IBU,7.3%,15.6°Blg,Alemania,1873.0
2020-10-14T03:24:00-CME-001,M2M_CATALOG,2020-10-14T03:24Z,,,2020-10-14,4T03,,,,,,,,,,,,,
2020-10-15T11:24:00-CME-001,M2M_CATALOG,2020-10-15T11:24Z,,,2020-10-15,5T11,,,,,,,,,,,,,
2020-10-15T16:36:00-CME-001,M2M_CATALOG,2020-10-15T16:36Z,,,2020-10-15,5T16,,,,,,,,,,,,,
2020-10-16T13:36:00-CME-001,M2M_CATALOG,2020-10-16T13:36Z,,12774.0,2020-10-16,6T13,,,,,,,,,,,,,
2020-10-16T16:03:00-CME-001,M2M_CATALOG,2020-10-16T16:03Z,S23W66,12775.0,2020-10-16,6T16,,,,,,,,,,,,,
2020-10-18T09:24:00-CME-001,M2M_CATALOG,2020-10-18T09:24Z,,,2020-10-18,8T09,,,,,,,,,,,,,
2020-10-22T13:09:00-CME-001,M2M_CATALOG,2020-10-22T13:09Z,,,2020-10-22,2T13,,,,,,,,,,,,,
2020-11-02T05:24:00-CME-001,M2M_CATALOG,2020-11-02T05:24Z,,,2020-11-02,2T05,,,,,,,,,,,,,
2020-11-07T13:24:00-CME-001,M2M_CATALOG,2020-11-07T13:24Z,N19W01,12780.0,2020-11-07,7T13,,,,,,,,,,,,,
2020-11-08T20:12:00-CME-001,M2M_CATALOG,2020-11-08T20:12Z,,,2020-11-08,8T20,,,,,,,,,,,,,
2020-11-11T19:36:00-CME-001,M2M_CATALOG,2020-11-11T19:36Z,S22E60,12782.0,2020-11-11,1T19,,,,,,,,,,,,,
2020-11-21T19:36:00-CME-001,M2M_CATALOG,2020-11-21T19:36Z,,,2020-11-21,1T19,,,,,,,,,,,,,
2020-12-11T19:09:00-CME-001,M2M_CATALOG,2020-12-11T19:09Z,,12791.0,2020-12-11,1T19,,,,,,,,,,,,,
2020-11-12T02:24:00-CME-001,M2M_CATALOG,2020-11-12T02:24Z,,,2020-11-12,2T02,,,,,,,,,,,,,
2020-11-13T12:24:00-CME-001,M2M_CATALOG,2020-11-13T12:24Z,,,2020-11-13,3T12,,,,,,,,,,,,,
2020-11-17T08:36:00-CME-001,M2M_CATALOG,2020-11-17T08:36Z,,,2020-11-17,7T08,,,,,,,,,,,,,
2020-11-17T19:00:00-CME-001,M2M_CATALOG,2020-11-17T19:00Z,,,2020-11-17,7T19,,,,,,,,,,,,,
2020-11-18T21:48:00-CME-001,M2M_CATALOG,2020-11-18T21:48Z,S20E138,,2020-11-18,8T21,,,,,,,,,,,,,
2020-11-19T02:54:00-CME-001,M2M_CATALOG,2020-11-19T02:54Z,,,2020-11-19,9T02,,,,,,,,,,,,,
2020-11-27T05:48:00-CME-001,M2M_CATALOG,2020-11-27T05:48Z,,,2020-11-27,7T05,,,,,,,,,,,,,
2020-11-29T13:24:00-CME-001,M2M_CATALOG,2020-11-29T13:24Z,S23E97,,2020-11-29,9T13,,,,,,,,,,,,,
2020-11-30T07:09:00-CME-001,M2M_CATALOG,2020-11-30T07:09Z,,,2020-11-30,0T07,,,,,,,,,,,,,
2020-12-01T05:48:00-CME-001,M2M_CATALOG,2020-12-01T05:48Z,S25E80,12790.0,2020-12-01,1T05,,,,,,,,,,,,,
2020-12-01T07:12:00-CME-001,M2M_CATALOG,2020-12-01T07:12Z,N35E30,12787.0,2020-12-01,1T07,,,,,,,,,,,,,
2020-12-03T11:12:00-CME-001,M2M_CATALOG,2020-12-03T11:12Z,S30E137,,2020-12-03,3T11,,,,,,,,,,,,,
2020-12-04T02:48:00-CME-001,M2M_CATALOG,2020-12-04T02:48Z,,,2020-12-04,4T02,,,,,,,,,,,,,
2020-12-06T22:00:00-CME-001,M2M_CATALOG,2020-12-06T22:00Z,,,2020-12-06,6T22,,,,,,,,,,,,,
2020-12-07T16:24:00-CME-001,M2M_CATALOG,2020-12-07T16:24Z,S23W11,12790.0,2020-12-07,7T16,,,,,,,,,,,,,
2020-12-07T18:36:00-CME-001,M2M_CATALOG,2020-12-07T18:36Z,S40W30,,2020-12-07,7T18,,,,,,,,,,,,,
2020-12-17T06:48:00-CME-001,M2M_CATALOG,2020-12-17T06:48Z,,,2020-12-17,7T06,,,,,,,,,,,,,
2020-12-27T00:48:00-CME-001,M2M_CATALOG,2020-12-27T00:48Z,,,2020-12-27,7T00,,,,,,,,,,,,,
2020-12-30T02:24:00-CME-001,M2M_CATALOG,2020-12-30T02:24Z,S20E08,12795.0,2020-12-30,0T02,,,,,,,,,,,,,
2020-10-10T04:24:00-CME-001,M2M_CATALOG,2020-10-10T04:24Z,,,2020-10-10,0T04,,,,,,,,,,,,,
2020-10-13T21:12:00-CME-001,M2M_CATALOG,2020-10-13T21:12Z,S23W37,12775.0,2020-10-13,3T21,,,,,,,,,,,,,
2020-10-14T03:24:00-CME-001,M2M_CATALOG,2020-10-14T03:24Z,,,2020-10-14,4T03,,,,,,,,,,,,,
2020-10-15T11:24:00-CME-001,M2M_CATALOG,2020-10-15T11:24Z,,,2020-10-15,5T11,,,,,,,,,,,,,
2020-10-15T16:36:00-CME-001,M2M_CATALOG,2020-10-15T16:36Z,,,2020-10-15,5T16,,,,,,,,,,,,,
2020-10-16T13:36:00-CME-001,M2M_CATALOG,2020-10-16T13:36Z,,12774.0,2020-10-16,6T13,,,,,,,,,,,,,
2020-10-16T16:03:00-CME-001,M2M_CATALOG,2020-10-16T16:03Z,S23W66,12775.0,2020-10-16,6T16,,,,,,,,,,,,,
2020-10-18T09:24:00-CME-001,M2M_CATALOG,2020-10-18T09:24Z,,,2020-10-18,8T09,,,,,,,,,,,,,
2020-10-22T13:09:00-CME-001,M2M_CATALOG,2020-10-22T13:09Z,,,2020-10-22,2T13,,,,,,,,,,,,,
2020-11-02T05:24:00-CME-001,M2M_CATALOG,2020-11-02T05:24Z,,,2020-11-02,2T05,,,,,,,,,,,,,
2020-11-07T13:24:00-CME-001,M2M_CATALOG,2020-11-07T13:24Z,N19W01,12780.0,2020-11-07,7T13,,,,,,,,,,,,,
2020-11-08T20:12:00-CME-001,M2M_CATALOG,2020-11-08T20:12Z,,,2020-11-08,8T20,,,,,,,,,,,,,
2020-11-11T19:36:00-CME-001,M2M_CATALOG,2020-11-11T19:36Z,S22E60,12782.0,2020-11-11,1T19,,,,,,,,,,,,,
2020-11-21T19:36:00-CME-001,M2M_CATALOG,2020-11-21T19:36Z,,,2020-11-21,1T19,,,,,,,,,,,,,
2020-12-11T19:09:00-CME-001,M2M_CATALOG,2020-12-11T19:09Z,,12791.0,2020-12-11,1T19,,,,,,,,,,,,,
2020-11-12T02:24:00-CME-001,M2M_CATALOG,2020-11-12T02:24Z,,,2020-11-12,2T02,,,,,,,,,,,,,
2020-11-13T12:24:00-CME-001,M2M_CATALOG,2020-11-13T12:24Z,,,2020-11-13,3T12,,,,,,,,,,,,,
2020-11-17T08:36:00-CME-001,M2M_CATALOG,2020-11-17T08:36Z,,,2020-11-17,7T08,,,,,,,,,,,,,
2020-11-17T19:00:00-CME-001,M2M_CATALOG,2020-11-17T19:00Z,,,2020-11-17,7T19,,,,,,,,,,,,,
2020-11-18T21:48:00-CME-001,M2M_CATALOG,2020-11-18T21:48Z,S20E138,,2020-11-18,8T21,,,,,,,,,,,,,
2020-11-19T02:54:00-CME-001,M2M_CATALOG,2020-11-19T02:54Z,,,2020-11-19,9T02,,,,,,,,,,,,,
2020-11-27T05:48:00-CME-001,M2M_CATALOG,2020-11-27T05:48Z,,,2020-11-27,7T05,,,,,,,,,,,,,
2020-11-29T13:24:00-CME-001,M2M_CATALOG,2020-11-29T13:24Z,S23E97,,2020-11-29,9T13,,,,,,,,,,,,,
2020-11-30T07:09:00-CME-001,M2M_CATALOG,2020-11-30T07:09Z,,,2020-11-30,0T07,,,,,,,,,,,,,
2020-12-01T05:48:00-CME-001,M2M_CATALOG,2020-12-01T05:48Z,S25E80,12790.0,2020-12-01,1T05,,,,,,,,,,,,,
2020-12-01T07:12:00-CME-001,M2M_CATALOG,2020-12-01T07:12Z,N35E30,12787.0,2020-12-01,1T07,,,,,,,,,,,,,
2020-12-03T11:12:00-CME-001,M2M_CATALOG,2020-12-03T11:12Z,S30E137,,2020-12-03,3T11,,,,,,,,,,,,,
2020-12-04T02:48:00-CME-001,M2M_CATALOG,2020-12-04T02:48Z,,,2020-12-04,4T02,,,,,,,,,,,,,
2020-12-06T22:00:00-CME-001,M2M_CATALOG,2020-12-06T22:00Z,,,2020-12-06,6T22,,,,,,,,,,,,,
2020-12-07T16:24:00-CME-001,M2M_CATALOG,2020-12-07T16:24Z,S23W11,12790.0,2020-12-07,7T16,,,,,,,,,,,,,
2020-12-07T18:36:00-CME-001,M2M_CATALOG,2020-12-07T18:36Z,S40W30,,2020-12-07,7T18,,,,,,,,,,,,,
2020-12-17T06:48:00-CME-001,M2M_CATALOG,2020-12-17T06:48Z,,,2020-12-17,7T06,,,,,,,,,,,,,
2020-12-27T00:48:00-CME-001,M2M_CATALOG,2020-12-27T00:48Z,,,2020-12-27,7T00,,,,,,,,,,,,,
2020-12-30T02:24:00-CME-001,M2M_CATALOG,2020-12-30T02:24Z,S20E08,12795.0,2020-12-30,0T02,,,,,,,,,,,,,
2020-10-23T04:39:00-CME-001,M2M_CATALOG,2020-10-23T04:39Z,,,2020-10-23,3T04,,,,,,,,,,,,,
2020-10-23T22:35:00-CME-001,M2M_CATALOG,2020-10-23T22:35Z,,,2020-10-23,3T22,,,,,,,,,,,,,
2020-10-10T04:24:00-CME-001,M2M_CATALOG,2020-10-10T04:24Z,,,2020-10-10,0T04,,,,,,,,,,,,,
2020-10-13T21:12:00-CME-001,M2M_CATALOG,2020-10-13T21:12Z,S23W37,12775.0,2020-10-13,3T21,,,,,,,,,,,,,
2020-10-14T03:24:00-CME-001,M2M_CATALOG,2020-10-14T03:24Z,,,2020-10-14,4T03,,,,,,,,,,,,,
2020-10-15T11:24:00-CME-001,M2M_CATALOG,2020-10-15T11:24Z,,,2020-10-15,5T11,,,,,,,,,,,,,
2020-10-15T16:36:00-CME-001,M2M_CATALOG,2020-10-15T16:36Z,,,2020-10-15,5T16,,,,,,,,,,,,,
2020-10-16T13:36:00-CME-001,M2M_CATALOG,2020-10-16T13:36Z,,12774.0,2020-10-16,6T13,,,,,,,,,,,,,
2020-10-16T16:03:00-CME-001,M2M_CATALOG,2020-10-16T16:03Z,S23W66,12775.0,2020-10-16,6T16,,,,,,,,,,,,,
2020-10-18T09:24:00-CME-001,M2M_CATALOG,2020-10-18T09:24Z,,,2020-10-18,8T09,,,,,,,,,,,,,
2020-10-22T13:09:00-CME-001,M2M_CATALOG,2020-10-22T13:09Z,,,2020-10-22,2T13,,,,,,,,,,,,,
2020-10-23T04:39:00-CME-001,M2M_CATALOG,2020-10-23T04:39Z,,,2020-10-23,3T04,,,,,,,,,,,,,
2020-10-23T22:35:00-CME-001,M2M_CATALOG,2020-10-23T22:35Z,,,2020-10-23,3T22,,,,,,,,,,,,,
2020-10-26T09:12:00-CME-001,M2M_CATALOG,2020-10-26T09:12Z,,,2020-10-26,6T09,,,,,,,,,,,,,
2020-10-26T18:09:00-CME-001,M2M_CATALOG,2020-10-26T18:09Z,,,2020-10-26,6T18,,,,,,,,,,,,,
2020-10-27T03:39:00-CME-001,M2M_CATALOG,2020-10-27T03:39Z,,,2020-10-27,7T03,,,,,,,,,,,,,
2020-10-28T13:42:00-CME-001,M2M_CATALOG,2020-10-28T13:42Z,,,2020-10-28,8T13,,,,,,,,,,,,,
2020-11-18T13:24:00-CME-001,M2M_CATALOG,2020-11-18T13:24Z,,,2020-11-18,8T13,,,,,,,,,,,,,
2020-11-18T13:36:00-CME-001,M2M_CATALOG,2020-11-18T13:36Z,,,2020-11-18,8T13,,,,,,,,,,,,,
2020-10-29T01:54:00-CME-001,M2M_CATALOG,2020-10-29T01:54Z,S19W28,12779.0,2020-10-29,9T01,,,,,,,,,,,,,
2020-10-31T00:12:00-CME-001,M2M_CATALOG,2020-10-31T00:12Z,,,2020-10-31,1T00,,,,,,,,,,,,,
2020-12-11T00:36:00-CME-001,M2M_CATALOG,2020-12-11T00:36Z,,,2020-12-11,1T00,,,,,,,,,,,,,
2020-11-01T20:00:00-CME-001,M2M_CATALOG,2020-11-01T20:00Z,,,2020-11-01,1T20,,,,,,,,,,,,,
2020-11-02T05:24:00-CME-001,M2M_CATALOG,2020-11-02T05:24Z,,,2020-11-02,2T05,,,,,,,,,,,,,
2020-11-07T13:24:00-CME-001,M2M_CATALOG,2020-11-07T13:24Z,N19W01,12780.0,2020-11-07,7T13,,,,,,,,,,,,,
2020-11-08T20:12:00-CME-001,M2M_CATALOG,2020-11-08T20:12Z,,,2020-11-08,8T20,,,,,,,,,,,,,
2020-11-11T19:36:00-CME-001,M2M_CATALOG,2020-11-11T19:36Z,S22E60,12782.0,2020-11-11,1T19,,,,,,,,,,,,,
2020-11-21T19:36:00-CME-001,M2M_CATALOG,2020-11-21T19:36Z,,,2020-11-21,1T19,,,,,,,,,,,,,
2020-12-11T19:09:00-CME-001,M2M_CATALOG,2020-12-11T19:09Z,,12791.0,2020-12-11,1T19,,,,,,,,,,,,,
2020-11-12T02:24:00-CME-001,M2M_CATALOG,2020-11-12T02:24Z,,,2020-11-12,2T02,,,,,,,,,,,,,
2020-11-13T12:24:00-CME-001,M2M_CATALOG,2020-11-13T12:24Z,,,2020-11-13,3T12,,,,,,,,,,,,,
2020-11-17T08:36:00-CME-001,M2M_CATALOG,2020-11-17T08:36Z,,,2020-11-17,7T08,,,,,,,,,,,,,
2020-11-17T19:00:00-CME-001,M2M_CATALOG,2020-11-17T19:00Z,,,2020-11-17,7T19,,,,,,,,,,,,,
2020-10-28T13:42:00-CME-001,M2M_CATALOG,2020-10-28T13:42Z,,,2020-10-28,8T13,,,,,,,,,,,,,
2020-11-18T13:24:00-CME-001,M2M_CATALOG,2020-11-18T13:24Z,,,2020-11-18,8T13,,,,,,,,,,,,,
2020-11-18T13:36:00-CME-001,M2M_CATALOG,2020-11-18T13:36Z,,,2020-11-18,8T13,,,,,,,,,,,,,
2020-10-28T13:42:00-CME-001,M2M_CATALOG,2020-10-28T13:42Z,,,2020-10-28,8T13,,,,,,,,,,,,,
2020-11-18T13:24:00-CME-001,M2M_CATALOG,2020-11-18T13:24Z,,,2020-11-18,8T13,,,,,,,,,,,,,
2020-11-18T13:36:00-CME-001,M2M_CATALOG,2020-11-18T13:36Z,,,2020-11-18,8T13,,,,,,,,,,,,,
2020-11-18T21:48:00-CME-001,M2M_CATALOG,2020-11-18T21:48Z,S20E138,,2020-11-18,8T21,,,,,,,,,,,,,
2020-11-19T02:54:00-CME-001,M2M_CATALOG,2020-11-19T02:54Z,,,2020-11-19,9T02,,,,,,,,,,,,,
2020-11-19T03:12:00-CME-001,M2M_CATALOG,2020-11-19T03:12Z,N30E40,,2020-11-19,9T03,,,,,,,,,,,,,
2020-11-19T06:48:00-CME-001,M2M_CATALOG,2020-11-19T06:48Z,S23E49,,2020-11-19,9T06,,,,,,,,,,,,,
2020-11-19T15:12:00-CME-001,M2M_CATALOG,2020-11-19T15:12Z,,,2020-11-19,9T15,,,,,,,,,,,,,
2020-11-29T15:05:00-CME-001,M2M_CATALOG,2020-11-29T15:05Z,,12783.0,2020-11-29,9T15,,,,,,,,,,,,,
2020-11-20T19:51:00-CME-001,M2M_CATALOG,2020-11-20T19:51Z,,12783.0,2020-11-20,0T19,,,,,,,,,,,,,
2020-11-20T21:12:00-CME-001,M2M_CATALOG,2020-11-20T21:12Z,,,2020-11-20,0T21,,,,,,,,,,,,,
2020-11-11T19:36:00-CME-001,M2M_CATALOG,2020-11-11T19:36Z,S22E60,12782.0,2020-11-11,1T19,,,,,,,,,,,,,
2020-11-21T19:36:00-CME-001,M2M_CATALOG,2020-11-21T19:36Z,,,2020-11-21,1T19,,,,,,,,,,,,,
2020-12-11T19:09:00-CME-001,M2M_CATALOG,2020-12-11T19:09Z,,12791.0,2020-12-11,1T19,,,,,,,,,,,,,
2020-11-21T23:12:00-CME-001,M2M_CATALOG,2020-11-21T23:12Z,,,2020-11-21,1T23,,,,,,,,,,,,,
2020-11-22T01:36:00-CME-001,M2M_CATALOG,2020-11-22T01:36Z,,,2020-11-22,2T01,,,,,,,,,,,,,
2020-11-23T18:48:00-CME-001,M2M_CATALOG,2020-11-23T18:48Z,,,2020-11-23,3T18,,,,,,,,,,,,,
2020-11-24T04:36:00-CME-001,M2M_CATALOG,2020-11-24T04:36Z,S20E65,12785.0,2020-11-24,4T04,,,,,,,,,,,,,
2020-11-24T11:24:00-CME-001,M2M_CATALOG,2020-11-24T11:24Z,,,2020-11-24,4T11,,,,,,,,,,,,,
2020-12-04T11:09:00-CME-001,M2M_CATALOG,2020-12-04T11:09Z,,,2020-12-04,4T11,,,,,,,,,,,,,
2020-11-24T13:24:00-CME-001,M2M_CATALOG,2020-11-24T13:24Z,,,2020-11-24,4T13,,,,,,,,,,,,,
2020-11-26T08:24:00-CME-001,M2M_CATALOG,2020-11-26T08:24Z,,,2020-11-26,6T08,,,,,,,,,,,,,
2020-11-26T21:24:00-CME-001,M2M_CATALOG,2020-11-26T21:24Z,N32E90,12787.0,2020-11-26,6T21,,,,,,,,,,,,,
2020-11-27T05:48:00-CME-001,M2M_CATALOG,2020-11-27T05:48Z,,,2020-11-27,7T05,,,,,,,,,,,,,
2020-11-29T13:24:00-CME-001,M2M_CATALOG,2020-11-29T13:24Z,S23E97,,2020-11-29,9T13,,,,,,,,,,,,,
2020-11-19T15:12:00-CME-001,M2M_CATALOG,2020-11-19T15:12Z,,,2020-11-19,9T15,,,,,,,,,,,,,
2020-11-29T15:05:00-CME-001,M2M_CATALOG,2020-11-29T15:05Z,,12783.0,2020-11-29,9T15,,,,,,,,,,,,,
2020-11-30T07:09:00-CME-001,M2M_CATALOG,2020-11-30T07:09Z,,,2020-11-30,0T07,,,,,,,,,,,,,
2020-12-01T05:48:00-CME-001,M2M_CATALOG,2020-12-01T05:48Z,S25E80,12790.0,2020-12-01,1T05,,,,,,,,,,,,,
2020-12-01T07:12:00-CME-001,M2M_CATALOG,2020-12-01T07:12Z,N35E30,12787.0,2020-12-01,1T07,,,,,,,,,,,,,
2020-12-03T11:12:00-CME-001,M2M_CATALOG,2020-12-03T11:12Z,S30E137,,2020-12-03,3T11,,,,,,,,,,,,,
2020-12-04T02:48:00-CME-001,M2M_CATALOG,2020-12-04T02:48Z,,,2020-12-04,4T02,,,,,,,,,,,,,
2020-11-24T11:24:00-CME-001,M2M_CATALOG,2020-11-24T11:24Z,,,2020-11-24,4T11,,,,,,,,,,,,,
2020-12-04T11:09:00-CME-001,M2M_CATALOG,2020-12-04T11:09Z,,,2020-12-04,4T11,,,,,,,,,,,,,
2020-12-06T22:00:00-CME-001,M2M_CATALOG,2020-12-06T22:00Z,,,2020-12-06,6T22,,,,,,,,,,,,,
2020-12-07T16:24:00-CME-001,M2M_CATALOG,2020-12-07T16:24Z,S23W11,12790.0,2020-12-07,7T16,,,,,,,,,,,,,
2020-12-07T18:36:00-CME-001,M2M_CATALOG,2020-12-07T18:36Z,S40W30,,2020-12-07,7T18,,,,,,,,,,,,,
2020-10-31T00:12:00-CME-001,M2M_CATALOG,2020-10-31T00:12Z,,,2020-10-31,1T00,,,,,,,,,,,,,
2020-12-11T00:36:00-CME-001,M2M_CATALOG,2020-12-11T00:36Z,,,2020-12-11,1T00,,,,,,,,,,,,,
2020-11-11T19:36:00-CME-001,M2M_CATALOG,2020-11-11T19:36Z,S22E60,12782.0,2020-11-11,1T19,,,,,,,,,,,,,
2020-11-21T19:36:00-CME-001,M2M_CATALOG,2020-11-21T19:36Z,,,2020-11-21,1T19,,,,,,,,,,,,,
2020-12-11T19:09:00-CME-001,M2M_CATALOG,2020-12-11T19:09Z,,12791.0,2020-12-11,1T19,,,,,,,,,,,,,
2020-12-12T04:12:00-CME-001,M2M_CATALOG,2020-12-12T04:12Z,,,2020-12-12,2T04,,,,,,,,,,,,,
2020-12-13T09:24:00-CME-001,M2M_CATALOG,2020-12-13T09:24Z,,,2020-12-13,3T09,,,,,,,,,,,,,
2020-12-14T15:12:00-CME-001,M2M_CATALOG,2020-12-14T15:12Z,S22E44,12792.0,2020-12-14,4T15,,,,,,,,,,,,,
2020-12-14T21:12:00-CME-001,M2M_CATALOG,2020-12-14T21:12Z,N40E110,,2020-12-14,4T21,,,,,,,,,,,,,
2020-12-17T06:48:00-CME-001,M2M_CATALOG,2020-12-17T06:48Z,,,2020-12-17,7T06,,,,,,,,,,,,,
2020-12-27T00:48:00-CME-001,M2M_CATALOG,2020-12-27T00:48Z,,,2020-12-27,7T00,,,,,,,,,,,,,
2020-12-30T02:24:00-CME-001,M2M_CATALOG,2020-12-30T02:24Z,S20E08,12795.0,2020-12-30,0T02,,,,,,,,,,,,,
2020-10-10T04:24:00-CME-001,M2M_CATALOG,2020-10-10T04:24Z,,,2020-10-10,0T04,,,,,,,,,,,,,
2020-10-13T21:12:00-CME-001,M2M_CATALOG,2020-10-13T21:12Z,S23W37,12775.0,2020-10-13,3T21,,,,,,,,,,,,,
2020-10-14T03:24:00-CME-001,M2M_CATALOG,2020-10-14T03:24Z,,,2020-10-14,4T03,,,,,,,,,,,,,
2020-10-15T11:24:00-CME-001,M2M_CATALOG,2020-10-15T11:24Z,,,2020-10-15,5T11,,,,,,,,,,,,,
2020-10-15T16:36:00-CME-001,M2M_CATALOG,2020-10-15T16:36Z,,,2020-10-15,5T16,,,,,,,,,,,,,
2020-10-16T13:36:00-CME-001,M2M_CATALOG,2020-10-16T13:36Z,,12774.0,2020-10-16,6T13,,,,,,,,,,,,,
2020-10-16T16:03:00-CME-001,M2M_CATALOG,2020-10-16T16:03Z,S23W66,12775.0,2020-10-16,6T16,,,,,,,,,,,,,
2020-10-18T09:24:00-CME-001,M2M_CATALOG,2020-10-18T09:24Z,,,2020-10-18,8T09,,,,,,,,,,,,,
2020-10-22T13:09:00-CME-001,M2M_CATALOG,2020-10-22T13:09Z,,,2020-10-22,2T13,,,,,,,,,,,,,
2020-10-23T04:39:00-CME-001,M2M_CATALOG,2020-10-23T04:39Z,,,2020-10-23,3T04,,,,,,,,,,,,,
2020-10-23T22:35:00-CME-001,M2M_CATALOG,2020-10-23T22:35Z,,,2020-10-23,3T22,,,,,,,,,,,,,
2020-10-26T09:12:00-CME-001,M2M_CATALOG,2020-10-26T09:12Z,,,2020-10-26,6T09,,,,,,,,,,,,,
2020-10-26T18:09:00-CME-001,M2M_CATALOG,2020-10-26T18:09Z,,,2020-10-26,6T18,,,,,,,,,,,,,
2020-10-27T03:39:00-CME-001,M2M_CATALOG,2020-10-27T03:39Z,,,2020-10-27,7T03,,,,,,,,,,,,,
2020-10-28T13:42:00-CME-001,M2M_CATALOG,2020-10-28T13:42Z,,,2020-10-28,8T13,,,,,,,,,,,,,
2020-11-18T13:24:00-CME-001,M2M_CATALOG,2020-11-18T13:24Z,,,2020-11-18,8T13,,,,,,,,,,,,,
2020-11-18T13:36:00-CME-001,M2M_CATALOG,2020-11-18T13:36Z,,,2020-11-18,8T13,,,,,,,,,,,,,
2020-10-29T01:54:00-CME-001,M2M_CATALOG,2020-10-29T01:54Z,S19W28,12779.0,2020-10-29,9T01,,,,,,,,,,,,,
2020-10-31T00:12:00-CME-001,M2M_CATALOG,2020-10-31T00:12Z,,,2020-10-31,1T00,,,,,,,,,,,,,
2020-12-11T00:36:00-CME-001,M2M_CATALOG,2020-12-11T00:36Z,,,2020-12-11,1T00,,,,,,,,,,,,,
2020-11-01T20:00:00-CME-001,M2M_CATALOG,2020-11-01T20:00Z,,,2020-11-01,1T20,,,,,,,,,,,,,
2020-11-02T05:24:00-CME-001,M2M_CATALOG,2020-11-02T05:24Z,,,2020-11-02,2T05,,,,,,,,,,,,,
2020-11-07T13:24:00-CME-001,M2M_CATALOG,2020-11-07T13:24Z,N19W01,12780.0,2020-11-07,7T13,,,,,,,,,,,,,
2020-11-08T20:12:00-CME-001,M2M_CATALOG,2020-11-08T20:12Z,,,2020-11-08,8T20,,,,,,,,,,,,,
2020-11-11T19:36:00-CME-001,M2M_CATALOG,2020-11-11T19:36Z,S22E60,12782.0,2020-11-11,1T19,,,,,,,,,,,,,
2020-11-21T19:36:00-CME-001,M2M_CATALOG,2020-11-21T19:36Z,,,2020-11-21,1T19,,,,,,,,,,,,,
2020-12-11T19:09:00-CME-001,M2M_CATALOG,2020-12-11T19:09Z,,12791.0,2020-12-11,1T19,,,,,,,,,,,,,
2020-11-12T02:24:00-CME-001,M2M_CATALOG,2020-11-12T02:24Z,,,2020-11-12,2T02,,,,,,,,,,,,,
2020-11-13T12:24:00-CME-001,M2M_CATALOG,2020-11-13T12:24Z,,,2020-11-13,3T12,,,,,,,,,,,,,
2020-11-17T08:36:00-CME-001,M2M_CATALOG,2020-11-17T08:36Z,,,2020-11-17,7T08,,,,,,,,,,,,,
2020-11-17T19:00:00-CME-001,M2M_CATALOG,2020-11-17T19:00Z,,,2020-11-17,7T19,,,,,,,,,,,,,
2020-10-28T13:42:00-CME-001,M2M_CATALOG,2020-10-28T13:42Z,,,2020-10-28,8T13,,,,,,,,,,,,,
2020-11-18T13:24:00-CME-001,M2M_CATALOG,2020-11-18T13:24Z,,,2020-11-18,8T13,,,,,,,,,,,,,
2020-11-18T13:36:00-CME-001,M2M_CATALOG,2020-11-18T13:36Z,,,2020-11-18,8T13,,,,,,,,,,,,,
2020-10-28T13:42:00-CME-001,M2M_CATALOG,2020-10-28T13:42Z,,,2020-10-28,8T13,,,,,,,,,,,,,
2020-11-18T13:24:00-CME-001,M2M_CATALOG,2020-11-18T13:24Z,,,2020-11-18,8T13,,,,,,,,,,,,,
2020-11-18T13:36:00-CME-001,M2M_CATALOG,2020-11-18T13:36Z,,,2020-11-18,8T13,,,,,,,,,,,,,
2020-11-18T21:48:00-CME-001,M2M_CATALOG,2020-11-18T21:48Z,S20E138,,2020-11-18,8T21,,,,,,,,,,,,,
2020-11-19T02:54:00-CME-001,M2M_CATALOG,2020-11-19T02:54Z,,,2020-11-19,9T02,,,,,,,,,,,,,
2020-11-19T03:12:00-CME-001,M2M_CATALOG,2020-11-19T03:12Z,N30E40,,2020-11-19,9T03,,,,,,,,,,,,,
2020-11-19T06:48:00-CME-001,M2M_CATALOG,2020-11-19T06:48Z,S23E49,,2020-11-19,9T06,,,,,,,,,,,,,
2020-11-19T15:12:00-CME-001,M2M_CATALOG,2020-11-19T15:12Z,,,2020-11-19,9T15,,,,,,,,,,,,,
2020-11-29T15:05:00-CME-001,M2M_CATALOG,2020-11-29T15:05Z,,12783.0,2020-11-29,9T15,,,,,,,,,,,,,
2020-11-20T19:51:00-CME-001,M2M_CATALOG,2020-11-20T19:51Z,,12783.0,2020-11-20,0T19,,,,,,,,,,,,,
2020-10-10T04:24:00-CME-001,M2M_CATALOG,2020-10-10T04:24Z,,,2020-10-10,0T04,,,,,,,,,,,,,
2020-10-13T21:12:00-CME-001,M2M_CATALOG,2020-10-13T21:12Z,S23W37,12775.0,2020-10-13,3T21,,,,,,,,,,,,,
2020-10-14T03:24:00-CME-001,M2M_CATALOG,2020-10-14T03:24Z,,,2020-10-14,4T03,,,,,,,,,,,,,
2020-10-15T11:24:00-CME-001,M2M_CATALOG,2020-10-15T11:24Z,,,2020-10-15,5T11,,,,,,,,,,,,,
2020-10-15T16:36:00-CME-001,M2M_CATALOG,2020-10-15T16:36Z,,,2020-10-15,5T16,,,,,,,,,,,,,
2020-10-16T13:36:00-CME-001,M2M_CATALOG,2020-10-16T13:36Z,,12774.0,2020-10-16,6T13,,,,,,,,,,,,,
2020-10-16T16:03:00-CME-001,M2M_CATALOG,2020-10-16T16:03Z,S23W66,12775.0,2020-10-16,6T16,,,,,,,,,,,,,
2020-10-18T09:24:00-CME-001,M2M_CATALOG,2020-10-18T09:24Z,,,2020-10-18,8T09,,,,,,,,,,,,,
2020-10-22T13:09:00-CME-001,M2M_CATALOG,2020-10-22T13:09Z,,,2020-10-22,2T13,,,,,,,,,,,,,
2020-10-23T04:39:00-CME-001,M2M_CATALOG,2020-10-23T04:39Z,,,2020-10-23,3T04,,,,,,,,,,,,,
2020-10-23T22:35:00-CME-001,M2M_CATALOG,2020-10-23T22:35Z,,,2020-10-23,3T22,,,,,,,,,,,,,
2020-10-26T09:12:00-CME-001,M2M_CATALOG,2020-10-26T09:12Z,,,2020-10-26,6T09,,,,,,,,,,,,,
2020-10-26T18:09:00-CME-001,M2M_CATALOG,2020-10-26T18:09Z,,,2020-10-26,6T18,,,,,,,,,,,,,
2020-10-27T03:39:00-CME-001,M2M_CATALOG,2020-10-27T03:39Z,,,2020-10-27,7T03,,,,,,,,,,,,,
2020-10-28T13:42:00-CME-001,M2M_CATALOG,2020-10-28T13:42Z,,,2020-10-28,8T13,,,,,,,,,,,,,
2020-11-18T13:24:00-CME-001,M2M_CATALOG,2020-11-18T13:24Z,,,2020-11-18,8T13,,,,,,,,,,,,,
2020-11-18T13:36:00-CME-001,M2M_CATALOG,2020-11-18T13:36Z,,,2020-11-18,8T13,,,,,,,,,,,,,
2020-10-29T01:54:00-CME-001,M2M_CATALOG,2020-10-29T01:54Z,S19W28,12779.0,2020-10-29,9T01,,,,,,,,,,,,,
2020-10-31T00:12:00-CME-001,M2M_CATALOG,2020-10-31T00:12Z,,,2020-10-31,1T00,,,,,,,,,,,,,
2020-12-11T00:36:00-CME-001,M2M_CATALOG,2020-12-11T00:36Z,,,2020-12-11,1T00,,,,,,,,,,,,,
2020-11-01T20:00:00-CME-001,M2M_CATALOG,2020-11-01T20:00Z,,,2020-11-01,1T20,,,,,,,,,,,,,
2020-11-02T05:24:00-CME-001,M2M_CATALOG,2020-11-02T05:24Z,,,2020-11-02,2T05,,,,,,,,,,,,,
2020-11-07T13:24:00-CME-001,M2M_CATALOG,2020-11-07T13:24Z,N19W01,12780.0,2020-11-07,7T13,,,,,,,,,,,,,
2020-11-08T20:12:00-CME-001,M2M_CATALOG,2020-11-08T20:12Z,,,2020-11-08,8T20,,,,,,,,,,,,,
2020-11-11T19:36:00-CME-001,M2M_CATALOG,2020-11-11T19:36Z,S22E60,12782.0,2020-11-11,1T19,,,,,,,,,,,,,
2020-11-21T19:36:00-CME-001,M2M_CATALOG,2020-11-21T19:36Z,,,2020-11-21,1T19,,,,,,,,,,,,,
2020-12-11T19:09:00-CME-001,M2M_CATALOG,2020-12-11T19:09Z,,12791.0,2020-12-11,1T19,,,,,,,,,,,,,
2020-11-12T02:24:00-CME-001,M2M_CATALOG,2020-11-12T02:24Z,,,2020-11-12,2T02,,,,,,,,,,,,,
2020-11-13T12:24:00-CME-001,M2M_CATALOG,2020-11-13T12:24Z,,,2020-11-13,3T12,,,,,,,,,,,,,
2020-11-17T08:36:00-CME-001,M2M_CATALOG,2020-11-17T08:36Z,,,2020-11-17,7T08,,,,,,,,,,,,,
2020-11-17T19:00:00-CME-001,M2M_CATALOG,2020-11-17T19:00Z,,,2020-11-17,7T19,,,,,,,,,,,,,
2020-10-28T13:42:00-CME-001,M2M_CATALOG,2020-10-28T13:42Z,,,2020-10-28,8T13,,,,,,,,,,,,,
2020-11-18T13:24:00-CME-001,M2M_CATALOG,2020-11-18T13:24Z,,,2020-11-18,8T13,,,,,,,,,,,,,
2020-11-18T13:36:00-CME-001,M2M_CATALOG,2020-11-18T13:36Z,,,2020-11-18,8T13,,,,,,,,,,,,,
2020-10-28T13:42:00-CME-001,M2M_CATALOG,2020-10-28T13:42Z,,,2020-10-28,8T13,,,,,,,,,,,,,
2020-11-18T13:24:00-CME-001,M2M_CATALOG,2020-11-18T13:24Z,,,2020-11-18,8T13,,,,,,,,,,,,,
2020-11-18T13:36:00-CME-001,M2M_CATALOG,2020-11-18T13:36Z,,,2020-11-18,8T13,,,,,,,,,,,,,
2020-11-18T21:48:00-CME-001,M2M_CATALOG,2020-11-18T21:48Z,S20E138,,2020-11-18,8T21,,,,,,,,,,,,,
2020-11-19T02:54:00-CME-001,M2M_CATALOG,2020-11-19T02:54Z,,,2020-11-19,9T02,,,,,,,,,,,,,
2020-11-19T03:12:00-CME-001,M2M_CATALOG,2020-11-19T03:12Z,N30E40,,2020-11-19,9T03,,,,,,,,,,,,,
2020-11-19T06:48:00-CME-001,M2M_CATALOG,2020-11-19T06:48Z,S23E49,,2020-11-19,9T06,,,,,,,,,,,,,
2020-11-19T15:12:00-CME-001,M2M_CATALOG,2020-11-19T15:12Z,,,2020-11-19,9T15,,,,,,,,,,,,,
2020-11-29T15:05:00-CME-001,M2M_CATALOG,2020-11-29T15:05Z,,12783.0,2020-11-29,9T15,,,,,,,,,,,,,
2020-11-20T19:51:00-CME-001,M2M_CATALOG,2020-11-20T19:51Z,,12783.0,2020-11-20,0T19,,,,,,,,,,,,,
2020-11-20T21:12:00-CME-001,M2M_CATALOG,2020-11-20T21:12Z,,,2020-11-20,0T21,,,,,,,,,,,,,
2020-11-11T19:36:00-CME-001,M2M_CATALOG,2020-11-11T19:36Z,S22E60,12782.0,2020-11-11,1T19,,,,,,,,,,,,,
2020-11-21T19:36:00-CME-001,M2M_CATALOG,2020-11-21T19:36Z,,,2020-11-21,1T19,,,,,,,,,,,,,
2020-12-11T19:09:00-CME-001,M2M_CATALOG,2020-12-11T19:09Z,,12791.0,2020-12-11,1T19,,,,,,,,,,,,,
2020-11-21T23:12:00-CME-001,M2M_CATALOG,2020-11-21T23:12Z,,,2020-11-21,1T23,,,,,,,,,,,,,
2020-11-22T01:36:00-CME-001,M2M_CATALOG,2020-11-22T01:36Z,,,2020-11-22,2T01,,,,,,,,,,,,,
2020-11-23T18:48:00-CME-001,M2M_CATALOG,2020-11-23T18:48Z,,,2020-11-23,3T18,,,,,,,,,,,,,
2020-11-24T04:36:00-CME-001,M2M_CATALOG,2020-11-24T04:36Z,S20E65,12785.0,2020-11-24,4T04,,,,,,,,,,,,,
2020-11-24T11:24:00-CME-001,M2M_CATALOG,2020-11-24T11:24Z,,,2020-11-24,4T11,,,,,,,,,,,,,
2020-12-04T11:09:00-CME-001,M2M_CATALOG,2020-12-04T11:09Z,,,2020-12-04,4T11,,,,,,,,,,,,,
2020-11-24T13:24:00-CME-001,M2M_CATALOG,2020-11-24T13:24Z,,,2020-11-24,4T13,,,,,,,,,,,,,
2020-11-26T08:24:00-CME-001,M2M_CATALOG,2020-11-26T08:24Z,,,2020-11-26,6T08,,,,,,,,,,,,,
2020-11-26T21:24:00-CME-001,M2M_CATALOG,2020-11-26T21:24Z,N32E90,12787.0,2020-11-26,6T21,,,,,,,,,,,,,
2020-11-27T05:48:00-CME-001,M2M_CATALOG,2020-11-27T05:48Z,,,2020-11-27,7T05,,,,,,,,,,,,,
2020-11-29T13:24:00-CME-001,M2M_CATALOG,2020-11-29T13:24Z,S23E97,,2020-11-29,9T13,,,,,,,,,,,,,
2020-11-19T15:12:00-CME-001,M2M_CATALOG,2020-11-19T15:12Z,,,2020-11-19,9T15,,,,,,,,,,,,,
2020-11-29T15:05:00-CME-001,M2M_CATALOG,2020-11-29T15:05Z,,12783.0,2020-11-29,9T15,,,,,,,,,,,,,
2020-11-30T07:09:00-CME-001,M2M_CATALOG,2020-11-30T07:09Z,,,2020-11-30,0T07,,,,,,,,,,,,,
2020-12-01T05:48:00-CME-001,M2M_CATALOG,2020-12-01T05:48Z,S25E80,12790.0,2020-12-01,1T05,,,,,,,,,,,,,
2020-12-01T07:12:00-CME-001,M2M_CATALOG,2020-12-01T07:12Z,N35E30,12787.0,2020-12-01,1T07,,,,,,,,,,,,,
2020-12-03T11:12:00-CME-001,M2M_CATALOG,2020-12-03T11:12Z,S30E137,,2020-12-03,3T11,,,,,,,,,,,,,
2020-12-04T02:48:00-CME-001,M2M_CATALOG,2020-12-04T02:48Z,,,2020-12-04,4T02,,,,,,,,,,,,,
2020-11-24T11:24:00-CME-001,M2M_CATALOG,2020-11-24T11:24Z,,,2020-11-24,4T11,,,,,,,,,,,,,
2020-12-04T11:09:00-CME-001,M2M_CATALOG,2020-12-04T11:09Z,,,2020-12-04,4T11,,,,,,,,,,,,,
2020-12-06T22:00:00-CME-001,M2M_CATALOG,2020-12-06T22:00Z,,,2020-12-06,6T22,,,,,,,,,,,,,
2020-12-07T16:24:00-CME-001,M2M_CATALOG,2020-12-07T16:24Z,S23W11,12790.0,2020-12-07,7T16,,,,,,,,,,,,,
2020-12-07T18:36:00-CME-001,M2M_CATALOG,2020-12-07T18:36Z,S40W30,,2020-12-07,7T18,,,,,,,,,,,,,
2020-10-31T00:12:00-CME-001,M2M_CATALOG,2020-10-31T00:12Z,,,2020-10-31,1T00,,,,,,,,,,,,,
2020-12-11T00:36:00-CME-001,M2M_CATALOG,2020-12-11T00:36Z,,,2020-12-11,1T00,,,,,,,,,,,,,
2020-11-11T19:36:00-CME-001,M2M_CATALOG,2020-11-11T19:36Z,S22E60,12782.0,2020-11-11,1T19,,,,,,,,,,,,,
2020-11-21T19:36:00-CME-001,M2M_CATALOG,2020-11-21T19:36Z,,,2020-11-21,1T19,,,,,,,,,,,,,
2020-12-11T19:09:00-CME-001,M2M_CATALOG,2020-12-11T19:09Z,,12791.0,2020-12-11,1T19,,,,,,,,,,,,,
2020-12-12T04:12:00-CME-001,M2M_CATALOG,2020-12-12T04:12Z,,,2020-12-12,2T04,,,,,,,,,,,,,
2020-12-13T09:24:00-CME-001,M2M_CATALOG,2020-12-13T09:24Z,,,2020-12-13,3T09,,,,,,,,,,,,,
2020-12-14T15:12:00-CME-001,M2M_CATALOG,2020-12-14T15:12Z,S22E44,12792.0,2020-12-14,4T15,,,,,,,,,,,,,
2020-12-14T21:12:00-CME-001,M2M_CATALOG,2020-12-14T21:12Z,N40E110,,2020-12-14,4T21,,,,,,,,,,,,,
2020-12-17T06:48:00-CME-001,M2M_CATALOG,2020-12-17T06:48Z,,,2020-12-17,7T06,,,,,,,,,,,,,
2020-12-27T00:48:00-CME-001,M2M_CATALOG,2020-12-27T00:48Z,,,2020-12-27,7T00,,,,,,,,,,,,,
2020-12-30T02:24:00-CME-001,M2M_CATALOG,2020-12-30T02:24Z,S20E08,12795.0,2020-12-30,0T02,557.0,807e85d6-5e55-4092-acd1-66ca781c20fa,Fosters,Samuel Smith’s Oatmeal Stout,Dark Lager,Sterling,3787 - Trappist High Gravity,Munich,95 IBU,2.3%,14.4°Blg,Australia,1888.0
2020-10-10T04:24:00-CME-001,M2M_CATALOG,2020-10-10T04:24Z,,,2020-10-10,0T04,,,,,,,,,,,,,
2020-10-13T21:12:00-CME-001,M2M_CATALOG,2020-10-13T21:12Z,S23W37,12775.0,2020-10-13,3T21,,,,,,,,,,,,,
2020-10-14T03:24:00-CME-001,M2M_CATALOG,2020-10-14T03:24Z,,,2020-10-14,4T03,,,,,,,,,,,,,
2020-10-15T11:24:00-CME-001,M2M_CATALOG,2020-10-15T11:24Z,,,2020-10-15,5T11,,,,,,,,,,,,,
2020-10-15T16:36:00-CME-001,M2M_CATALOG,2020-10-15T16:36Z,,,2020-10-15,5T16,,,,,,,,,,,,,
2020-10-16T13:36:00-CME-001,M2M_CATALOG,2020-10-16T13:36Z,,12774.0,2020-10-16,6T13,,,,,,,,,,,,,
2020-10-16T16:03:00-CME-001,M2M_CATALOG,2020-10-16T16:03Z,S23W66,12775.0,2020-10-16,6T16,,,,,,,,,,,,,
2020-10-18T09:24:00-CME-001,M2M_CATALOG,2020-10-18T09:24Z,,,2020-10-18,8T09,,,,,,,,,,,,,
2020-10-22T13:09:00-CME-001,M2M_CATALOG,2020-10-22T13:09Z,,,2020-10-22,2T13,,,,,,,,,,,,,
2020-10-23T04:39:00-CME-001,M2M_CATALOG,2020-10-23T04:39Z,,,2020-10-23,3T04,,,,,,,,,,,,,
2020-10-23T22:35:00-CME-001,M2M_CATALOG,2020-10-23T22:35Z,,,2020-10-23,3T22,,,,,,,,,,,,,
2020-10-26T09:12:00-CME-001,M2M_CATALOG,2020-10-26T09:12Z,,,2020-10-26,6T09,,,,,,,,,,,,,
2020-10-26T18:09:00-CME-001,M2M_CATALOG,2020-10-26T18:09Z,,,2020-10-26,6T18,,,,,,,,,,,,,
2020-10-27T03:39:00-CME-001,M2M_CATALOG,2020-10-27T03:39Z,,,2020-10-27,7T03,,,,,,,,,,,,,
2020-10-28T13:42:00-CME-001,M2M_CATALOG,2020-10-28T13:42Z,,,2020-10-28,8T13,,,,,,,,,,,,,
2020-11-18T13:24:00-CME-001,M2M_CATALOG,2020-11-18T13:24Z,,,2020-11-18,8T13,,,,,,,,,,,,,
2020-11-18T13:36:00-CME-001,M2M_CATALOG,2020-11-18T13:36Z,,,2020-11-18,8T13,,,,,,,,,,,,,
2020-10-29T01:54:00-CME-001,M2M_CATALOG,2020-10-29T01:54Z,S19W28,12779.0,2020-10-29,9T01,,,,,,,,,,,,,
2020-10-31T00:12:00-CME-001,M2M_CATALOG,2020-10-31T00:12Z,,,2020-10-31,1T00,,,,,,,,,,,,,
2020-12-11T00:36:00-CME-001,M2M_CATALOG,2020-12-11T00:36Z,,,2020-12-11,1T00,,,,,,,,,,,,,
2020-11-01T20:00:00-CME-001,M2M_CATALOG,2020-11-01T20:00Z,,,2020-11-01,1T20,,,,,,,,,,,,,
2020-11-02T05:24:00-CME-001,M2M_CATALOG,2020-11-02T05:24Z,,,2020-11-02,2T05,,,,,,,,,,,,,
2020-11-07T13:24:00-CME-001,M2M_CATALOG,2020-11-07T13:24Z,N19W01,12780.0,2020-11-07,7T13,,,,,,,,,,,,,
2020-11-08T20:12:00-CME-001,M2M_CATALOG,2020-11-08T20:12Z,,,2020-11-08,8T20,,,,,,,,,,,,,
2020-11-11T19:36:00-CME-001,M2M_CATALOG,2020-11-11T19:36Z,S22E60,12782.0,2020-11-11,1T19,,,,,,,,,,,,,
2020-11-21T19:36:00-CME-001,M2M_CATALOG,2020-11-21T19:36Z,,,2020-11-21,1T19,,,,,,,,,,,,,
2020-12-11T19:09:00-CME-001,M2M_CATALOG,2020-12-11T19:09Z,,12791.0,2020-12-11,1T19,,,,,,,,,,,,,
2020-11-12T02:24:00-CME-001,M2M_CATALOG,2020-11-12T02:24Z,,,2020-11-12,2T02,,,,,,,,,,,,,
2020-11-13T12:24:00-CME-001,M2M_CATALOG,2020-11-13T12:24Z,,,2020-11-13,3T12,,,,,,,,,,,,,
2020-11-17T08:36:00-CME-001,M2M_CATALOG,2020-11-17T08:36Z,,,2020-11-17,7T08,,,,,,,,,,,,,
2020-11-17T19:00:00-CME-001,M2M_CATALOG,2020-11-17T19:00Z,,,2020-11-17,7T19,,,,,,,,,,,,,
2020-10-28T13:42:00-CME-001,M2M_CATALOG,2020-10-28T13:42Z,,,2020-10-28,8T13,,,,,,,,,,,,,
2020-11-18T13:24:00-CME-001,M2M_CATALOG,2020-11-18T13:24Z,,,2020-11-18,8T13,,,,,,,,,,,,,
2020-11-18T13:36:00-CME-001,M2M_CATALOG,2020-11-18T13:36Z,,,2020-11-18,8T13,,,,,,,,,,,,,
2020-10-28T13:42:00-CME-001,M2M_CATALOG,2020-10-28T13:42Z,,,2020-10-28,8T13,,,,,,,,,,,,,
2020-11-18T13:24:00-CME-001,M2M_CATALOG,2020-11-18T13:24Z,,,2020-11-18,8T13,,,,,,,,,,,,,
2020-11-18T13:36:00-CME-001,M2M_CATALOG,2020-11-18T13:36Z,,,2020-11-18,8T13,,,,,,,,,,,,,
2020-11-18T21:48:00-CME-001,M2M_CATALOG,2020-11-18T21:48Z,S20E138,,2020-11-18,8T21,,,,,,,,,,,,,
2020-11-19T02:54:00-CME-001,M2M_CATALOG,2020-11-19T02:54Z,,,2020-11-19,9T02,,,,,,,,,,,,,
2020-11-19T03:12:00-CME-001,M2M_CATALOG,2020-11-19T03:12Z,N30E40,,2020-11-19,9T03,,,,,,,,,,,,,
2020-11-19T06:48:00-CME-001,M2M_CATALOG,2020-11-19T06:48Z,S23E49,,2020-11-19,9T06,,,,,,,,,,,,,
2020-11-19T15:12:00-CME-001,M2M_CATALOG,2020-11-19T15:12Z,,,2020-11-19,9T15,,,,,,,,,,,,,
2020-11-29T15:05:00-CME-001,M2M_CATALOG,2020-11-29T15:05Z,,12783.0,2020-11-29,9T15,,,,,,,,,,,,,
2020-10-10T04:24:00-CME-001,M2M_CATALOG,2020-10-10T04:24Z,,,2020-10-10,0T04,,,,,,,,,,,,,
2020-10-13T21:12:00-CME-001,M2M_CATALOG,2020-10-13T21:12Z,S23W37,12775.0,2020-10-13,3T21,,,,,,,,,,,,,
2020-10-14T03:24:00-CME-001,M2M_CATALOG,2020-10-14T03:24Z,,,2020-10-14,4T03,,,,,,,,,,,,,
2020-10-15T11:24:00-CME-001,M2M_CATALOG,2020-10-15T11:24Z,,,2020-10-15,5T11,,,,,,,,,,,,,
2020-10-15T16:36:00-CME-001,M2M_CATALOG,2020-10-15T16:36Z,,,2020-10-15,5T16,,,,,,,,,,,,,
2020-10-16T13:36:00-CME-001,M2M_CATALOG,2020-10-16T13:36Z,,12774.0,2020-10-16,6T13,,,,,,,,,,,,,
2020-10-16T16:03:00-CME-001,M2M_CATALOG,2020-10-16T16:03Z,S23W66,12775.0,2020-10-16,6T16,,,,,,,,,,,,,
2020-10-18T09:24:00-CME-001,M2M_CATALOG,2020-10-18T09:24Z,,,2020-10-18,8T09,,,,,,,,,,,,,
2020-10-22T13:09:00-CME-001,M2M_CATALOG,2020-10-22T13:09Z,,,2020-10-22,2T13,,,,,,,,,,,,,
2020-11-02T05:24:00-CME-001,M2M_CATALOG,2020-11-02T05:24Z,,,2020-11-02,2T05,,,,,,,,,,,,,
2020-11-07T13:24:00-CME-001,M2M_CATALOG,2020-11-07T13:24Z,N19W01,12780.0,2020-11-07,7T13,,,,,,,,,,,,,
2020-11-08T20:12:00-CME-001,M2M_CATALOG,2020-11-08T20:12Z,,,2020-11-08,8T20,,,,,,,,,,,,,
2020-11-11T19:36:00-CME-001,M2M_CATALOG,2020-11-11T19:36Z,S22E60,12782.0,2020-11-11,1T19,,,,,,,,,,,,,
2020-11-21T19:36:00-CME-001,M2M_CATALOG,2020-11-21T19:36Z,,,2020-11-21,1T19,,,,,,,,,,,,,
2020-12-11T19:09:00-CME-001,M2M_CATALOG,2020-12-11T19:09Z,,12791.0,2020-12-11,1T19,,,,,,,,,,,,,
2020-11-12T02:24:00-CME-001,M2M_CATALOG,2020-11-12T02:24Z,,,2020-11-12,2T02,,,,,,,,,,,,,
2020-11-13T12:24:00-CME-001,M2M_CATALOG,2020-11-13T12:24Z,,,2020-11-13,3T12,,,,,,,,,,,,,
2020-11-17T08:36:00-CME-001,M2M_CATALOG,2020-11-17T08:36Z,,,2020-11-17,7T08,,,,,,,,,,,,,
2020-11-17T19:00:00-CME-001,M2M_CATALOG,2020-11-17T19:00Z,,,2020-11-17,7T19,,,,,,,,,,,,,
2020-11-18T21:48:00-CME-001,M2M_CATALOG,2020-11-18T21:48Z,S20E138,,2020-11-18,8T21,,,,,,,,,,,,,
2020-11-19T02:54:00-CME-001,M2M_CATALOG,2020-11-19T02:54Z,,,2020-11-19,9T02,,,,,,,,,,,,,
2020-11-27T05:48:00-CME-001,M2M_CATALOG,2020-11-27T05:48Z,,,2020-11-27,7T05,,,,,,,,,,,,,
2020-11-29T13:24:00-CME-001,M2M_CATALOG,2020-11-29T13:24Z,S23E97,,2020-11-29,9T13,,,,,,,,,,,,,
2020-11-30T07:09:00-CME-001,M2M_CATALOG,2020-11-30T07:09Z,,,2020-11-30,0T07,,,,,,,,,,,,,
2020-12-01T05:48:00-CME-001,M2M_CATALOG,2020-12-01T05:48Z,S25E80,12790.0,2020-12-01,1T05,,,,,,,,,,,,,
2020-12-01T07:12:00-CME-001,M2M_CATALOG,2020-12-01T07:12Z,N35E30,12787.0,2020-12-01,1T07,,,,,,,,,,,,,
2020-12-03T11:12:00-CME-001,M2M_CATALOG,2020-12-03T11:12Z,S30E137,,2020-12-03,3T11,,,,,,,,,,,,,
2020-12-04T02:48:00-CME-001,M2M_CATALOG,2020-12-04T02:48Z,,,2020-12-04,4T02,,,,,,,,,,,,,
2020-12-06T22:00:00-CME-001,M2M_CATALOG,2020-12-06T22:00Z,,,2020-12-06,6T22,,,,,,,,,,,,,
2020-12-07T16:24:00-CME-001,M2M_CATALOG,2020-12-07T16:24Z,S23W11,12790.0,2020-12-07,7T16,,,,,,,,,,,,,
2020-12-07T18:36:00-CME-001,M2M_CATALOG,2020-12-07T18:36Z,S40W30,,2020-12-07,7T18,,,,,,,,,,,,,
2020-12-17T06:48:00-CME-001,M2M_CATALOG,2020-12-17T06:48Z,,,2020-12-17,7T06,,,,,,,,,,,,,
2020-12-27T00:48:00-CME-001,M2M_CATALOG,2020-12-27T00:48Z,,,2020-12-27,7T00,,,,,,,,,,,,,
2020-12-30T02:24:00-CME-001,M2M_CATALOG,2020-12-30T02:24Z,S20E08,12795.0,2020-12-30,0T02,,,,,,,,,,,,,
2020-10-10T04:24:00-CME-001,M2M_CATALOG,2020-10-10T04:24Z,,,2020-10-10,0T04,,,,,,,,,,,,,
2020-10-13T21:12:00-CME-001,M2M_CATALOG,2020-10-13T21:12Z,S23W37,12775.0,2020-10-13,3T21,,,,,,,,,,,,,
2020-10-14T03:24:00-CME-001,M2M_CATALOG,2020-10-14T03:24Z,,,2020-10-14,4T03,,,,,,,,,,,,,
2020-10-15T11:24:00-CME-001,M2M_CATALOG,2020-10-15T11:24Z,,,2020-10-15,5T11,,,,,,,,,,,,,
2020-10-15T16:36:00-CME-001,M2M_CATALOG,2020-10-15T16:36Z,,,2020-10-15,5T16,,,,,,,,,,,,,
2020-10-16T13:36:00-CME-001,M2M_CATALOG,2020-10-16T13:36Z,,12774.0,2020-10-16,6T13,,,,,,,,,,,,,
2020-10-16T16:03:00-CME-001,M2M_CATALOG,2020-10-16T16:03Z,S23W66,12775.0,2020-10-16,6T16,,,,,,,,,,,,,
2020-10-18T09:24:00-CME-001,M2M_CATALOG,2020-10-18T09:24Z,,,2020-10-18,8T09,,,,,,,,,,,,,
2020-10-22T13:09:00-CME-001,M2M_CATALOG,2020-10-22T13:09Z,,,2020-10-22,2T13,,,,,,,,,,,,,
2020-11-02T05:24:00-CME-001,M2M_CATALOG,2020-11-02T05:24Z,,,2020-11-02,2T05,,,,,,,,,,,,,
2020-11-07T13:24:00-CME-001,M2M_CATALOG,2020-11-07T13:24Z,N19W01,12780.0,2020-11-07,7T13,,,,,,,,,,,,,
2020-11-08T20:12:00-CME-001,M2M_CATALOG,2020-11-08T20:12Z,,,2020-11-08,8T20,,,,,,,,,,,,,
2020-11-11T19:36:00-CME-001,M2M_CATALOG,2020-11-11T19:36Z,S22E60,12782.0,2020-11-11,1T19,,,,,,,,,,,,,
2020-11-21T19:36:00-CME-001,M2M_CATALOG,2020-11-21T19:36Z,,,2020-11-21,1T19,,,,,,,,,,,,,
2020-12-11T19:09:00-CME-001,M2M_CATALOG,2020-12-11T19:09Z,,12791.0,2020-12-11,1T19,,,,,,,,,,,,,
2020-11-12T02:24:00-CME-001,M2M_CATALOG,2020-11-12T02:24Z,,,2020-11-12,2T02,,,,,,,,,,,,,
2020-11-13T12:24:00-CME-001,M2M_CATALOG,2020-11-13T12:24Z,,,2020-11-13,3T12,,,,,,,,,,,,,
2020-11-17T08:36:00-CME-001,M2M_CATALOG,2020-11-17T08:36Z,,,2020-11-17,7T08,,,,,,,,,,,,,
2020-11-17T19:00:00-CME-001,M2M_CATALOG,2020-11-17T19:00Z,,,2020-11-17,7T19,,,,,,,,,,,,,
2020-11-18T21:48:00-CME-001,M2M_CATALOG,2020-11-18T21:48Z,S20E138,,2020-11-18,8T21,,,,,,,,,,,,,
2020-11-19T02:54:00-CME-001,M2M_CATALOG,2020-11-19T02:54Z,,,2020-11-19,9T02,,,,,,,,,,,,,
2020-11-27T05:48:00-CME-001,M2M_CATALOG,2020-11-27T05:48Z,,,2020-11-27,7T05,,,,,,,,,,,,,
2020-11-29T13:24:00-CME-001,M2M_CATALOG,2020-11-29T13:24Z,S23E97,,2020-11-29,9T13,,,,,,,,,,,,,
2020-11-30T07:09:00-CME-001,M2M_CATALOG,2020-11-30T07:09Z,,,2020-11-30,0T07,,,,,,,,,,,,,
2020-12-01T05:48:00-CME-001,M2M_CATALOG,2020-12-01T05:48Z,S25E80,12790.0,2020-12-01,1T05,,,,,,,,,,,,,
2020-12-01T07:12:00-CME-001,M2M_CATALOG,2020-12-01T07:12Z,N35E30,12787.0,2020-12-01,1T07,,,,,,,,,,,,,
2020-12-03T11:12:00-CME-001,M2M_CATALOG,2020-12-03T11:12Z,S30E137,,2020-12-03,3T11,,,,,,,,,,,,,
2020-12-04T02:48:00-CME-001,M2M_CATALOG,2020-12-04T02:48Z,,,2020-12-04,4T02,,,,,,,,,,,,,
2020-12-06T22:00:00-CME-001,M2M_CATALOG,2020-12-06T22:00Z,,,2020-12-06,6T22,,,,,,,,,,,,,
2020-12-07T16:24:00-CME-001,M2M_CATALOG,2020-12-07T16:24Z,S23W11,12790.0,2020-12-07,7T16,,,,,,,,,,,,,
2020-12-07T18:36:00-CME-001,M2M_CATALOG,2020-12-07T18:36Z,S40W30,,2020-12-07,7T18,,,,,,,,,,,,,
2020-12-17T06:48:00-CME-001,M2M_CATALOG,2020-12-17T06:48Z,,,2020-12-17,7T06,,,,,,,,,,,,,
2020-12-27T00:48:00-CME-001,M2M_CATALOG,2020-12-27T00:48Z,,,2020-12-27,7T00,,,,,,,,,,,,,
2020-12-30T02:24:00-CME-001,M2M_CATALOG,2020-12-30T02:24Z,S20E08,12795.0,2020-12-30,0T02,,,,,,,,,,,,,
2020-10-10T04:24:00-CME-001,M2M_CATALOG,2020-10-10T04:24Z,,,2020-10-10,0T04,,,,,,,,,,,,,
2020-10-13T21:12:00-CME-001,M2M_CATALOG,2020-10-13T21:12Z,S23W37,12775.0,2020-10-13,3T21,,,,,,,,,,,,,
2020-10-14T03:24:00-CME-001,M2M_CATALOG,2020-10-14T03:24Z,,,2020-10-14,4T03,,,,,,,,,,,,,
2020-10-15T11:24:00-CME-001,M2M_CATALOG,2020-10-15T11:24Z,,,2020-10-15,5T11,,,,,,,,,,,,,
2020-10-15T16:36:00-CME-001,M2M_CATALOG,2020-10-15T16:36Z,,,2020-10-15,5T16,,,,,,,,,,,,,
2020-10-16T13:36:00-CME-001,M2M_CATALOG,2020-10-16T13:36Z,,12774.0,2020-10-16,6T13,,,,,,,,,,,,,
2020-10-16T16:03:00-CME-001,M2M_CATALOG,2020-10-16T16:03Z,S23W66,12775.0,2020-10-16,6T16,,,,,,,,,,,,,
2020-10-18T09:24:00-CME-001,M2M_CATALOG,2020-10-18T09:24Z,,,2020-10-18,8T09,,,,,,,,,,,,,
2020-10-22T13:09:00-CME-001,M2M_CATALOG,2020-10-22T13:09Z,,,2020-10-22,2T13,,,,,,,,,,,,,
2020-11-02T05:24:00-CME-001,M2M_CATALOG,2020-11-02T05:24Z,,,2020-11-02,2T05,,,,,,,,,,,,,
2020-11-07T13:24:00-CME-001,M2M_CATALOG,2020-11-07T13:24Z,N19W01,12780.0,2020-11-07,7T13,,,,,,,,,,,,,
2020-11-08T20:12:00-CME-001,M2M_CATALOG,2020-11-08T20:12Z,,,2020-11-08,8T20,,,,,,,,,,,,,
2020-11-11T19:36:00-CME-001,M2M_CATALOG,2020-11-11T19:36Z,S22E60,12782.0,2020-11-11,1T19,,,,,,,,,,,,,
2020-11-21T19:36:00-CME-001,M2M_CATALOG,2020-11-21T19:36Z,,,2020-11-21,1T19,,,,,,,,,,,,,
2020-12-11T19:09:00-CME-001,M2M_CATALOG,2020-12-11T19:09Z,,12791.0,2020-12-11,1T19,,,,,,,,,,,,,
2020-11-12T02:24:00-CME-001,M2M_CATALOG,2020-11-12T02:24Z,,,2020-11-12,2T02,,,,,,,,,,,,,
2020-11-13T12:24:00-CME-001,M2M_CATALOG,2020-11-13T12:24Z,,,2020-11-13,3T12,,,,,,,,,,,,,
2020-11-17T08:36:00-CME-001,M2M_CATALOG,2020-11-17T08:36Z,,,2020-11-17,7T08,,,,,,,,,,,,,
2020-11-17T19:00:00-CME-001,M2M_CATALOG,2020-11-17T19:00Z,,,2020-11-17,7T19,,,,,,,,,,,,,
2020-11-18T21:48:00-CME-001,M2M_CATALOG,2020-11-18T21:48Z,S20E138,,2020-11-18,8T21,,,,,,,,,,,,,
2020-11-19T02:54:00-CME-001,M2M_CATALOG,2020-11-19T02:54Z,,,2020-11-19,9T02,,,,,,,,,,,,,
2020-11-27T05:48:00-CME-001,M2M_CATALOG,2020-11-27T05:48Z,,,2020-11-27,7T05,,,,,,,,,,,,,
2020-11-29T13:24:00-CME-001,M2M_CATALOG,2020-11-29T13:24Z,S23E97,,2020-11-29,9T13,,,,,,,,,,,,,
2020-11-30T07:09:00-CME-001,M2M_CATALOG,2020-11-30T07:09Z,,,2020-11-30,0T07,,,,,,,,,,,,,
2020-12-01T05:48:00-CME-001,M2M_CATALOG,2020-12-01T05:48Z,S25E80,12790.0,2020-12-01,1T05,,,,,,,,,,,,,
2020-12-01T07:12:00-CME-001,M2M_CATALOG,2020-12-01T07:12Z,N35E30,12787.0,2020-12-01,1T07,,,,,,,,,,,,,
2020-12-03T11:12:00-CME-001,M2M_CATALOG,2020-12-03T11:12Z,S30E137,,2020-12-03,3T11,,,,,,,,,,,,,
2020-12-04T02:48:00-CME-001,M2M_CATALOG,2020-12-04T02:48Z,,,2020-12-04,4T02,,,,,,,,,,,,,
2020-12-06T22:00:00-CME-001,M2M_CATALOG,2020-12-06T22:00Z,,,2020-12-06,6T22,,,,,,,,,,,,,
2020-12-07T16:24:00-CME-001,M2M_CATALOG,2020-12-07T16:24Z,S23W11,12790.0,2020-12-07,7T16,,,,,,,,,,,,,
2020-12-07T18:36:00-CME-001,M2M_CATALOG,2020-12-07T18:36Z,S40W30,,2020-12-07,7T18,,,,,,,,,,,,,
2020-12-17T06:48:00-CME-001,M2M_CATALOG,2020-12-17T06:48Z,,,2020-12-17,7T06,,,,,,,,,,,,,
2020-12-27T00:48:00-CME-001,M2M_CATALOG,2020-12-27T00:48Z,,,2020-12-27,7T00,,,,,,,,,,,,,
2020-12-30T02:24:00-CME-001,M2M_CATALOG,2020-12-30T02:24Z,S20E08,12795.0,2020-12-30,0T02,,,,,,,,,,,,,
2020-10-23T04:39:00-CME-001,M2M_CATALOG,2020-10-23T04:39Z,,,2020-10-23,3T04,,,,,,,,,,,,,
2020-10-23T22:35:00-CME-001,M2M_CATALOG,2020-10-23T22:35Z,,,2020-10-23,3T22,,,,,,,,,,,,,
2020-10-10T04:24:00-CME-001,M2M_CATALOG,2020-10-10T04:24Z,,,2020-10-10,0T04,,,,,,,,,,,,,
2020-10-13T21:12:00-CME-001,M2M_CATALOG,2020-10-13T21:12Z,S23W37,12775.0,2020-10-13,3T21,,,,,,,,,,,,,
2020-10-14T03:24:00-CME-001,M2M_CATALOG,2020-10-14T03:24Z,,,2020-10-14,4T03,,,,,,,,,,,,,
2020-10-15T11:24:00-CME-001,M2M_CATALOG,2020-10-15T11:24Z,,,2020-10-15,5T11,,,,,,,,,,,,,
2020-10-15T16:36:00-CME-001,M2M_CATALOG,2020-10-15T16:36Z,,,2020-10-15,5T16,,,,,,,,,,,,,
2020-10-16T13:36:00-CME-001,M2M_CATALOG,2020-10-16T13:36Z,,12774.0,2020-10-16,6T13,,,,,,,,,,,,,
2020-10-16T16:03:00-CME-001,M2M_CATALOG,2020-10-16T16:03Z,S23W66,12775.0,2020-10-16,6T16,,,,,,,,,,,,,
2020-10-18T09:24:00-CME-001,M2M_CATALOG,2020-10-18T09:24Z,,,2020-10-18,8T09,,,,,,,,,,,,,
2020-10-22T13:09:00-CME-001,M2M_CATALOG,2020-10-22T13:09Z,,,2020-10-22,2T13,,,,,,,,,,,,,
2020-10-23T04:39:00-CME-001,M2M_CATALOG,2020-10-23T04:39Z,,,2020-10-23,3T04,,,,,,,,,,,,,
2020-10-23T22:35:00-CME-001,M2M_CATALOG,2020-10-23T22:35Z,,,2020-10-23,3T22,,,,,,,,,,,,,
2020-10-26T09:12:00-CME-001,M2M_CATALOG,2020-10-26T09:12Z,,,2020-10-26,6T09,,,,,,,,,,,,,
2020-10-26T18:09:00-CME-001,M2M_CATALOG,2020-10-26T18:09Z,,,2020-10-26,6T18,701.0,77f62417-9424-4f9f-8c12-cb2f17de8b5a,Pacifico,Arrogant Bastard Ale,Porter,Sterling,1028 - London Ale,Pale,99 IBU,5.7%,5.6°Blg,,
2020-10-27T03:39:00-CME-001,M2M_CATALOG,2020-10-27T03:39Z,,,2020-10-27,7T03,,,,,,,,,,,,,
2020-10-28T13:42:00-CME-001,M2M_CATALOG,2020-10-28T13:42Z,,,2020-10-28,8T13,,,,,,,,,,,,,
2020-11-18T13:24:00-CME-001,M2M_CATALOG,2020-11-18T13:24Z,,,2020-11-18,8T13,,,,,,,,,,,,,
2020-11-18T13:36:00-CME-001,M2M_CATALOG,2020-11-18T13:36Z,,,2020-11-18,8T13,,,,,,,,,,,,,
2020-10-29T01:54:00-CME-001,M2M_CATALOG,2020-10-29T01:54Z,S19W28,12779.0,2020-10-29,9T01,,,,,,,,,,,,,
2020-10-31T00:12:00-CME-001,M2M_CATALOG,2020-10-31T00:12Z,,,2020-10-31,1T00,,,,,,,,,,,,,
2020-12-11T00:36:00-CME-001,M2M_CATALOG,2020-12-11T00:36Z,,,2020-12-11,1T00,,,,,,,,,,,,,
2020-11-01T20:00:00-CME-001,M2M_CATALOG,2020-11-01T20:00Z,,,2020-11-01,1T20,,,,,,,,,,,,,
2020-11-02T05:24:00-CME-001,M2M_CATALOG,2020-11-02T05:24Z,,,2020-11-02,2T05,,,,,,,,,,,,,
2020-11-07T13:24:00-CME-001,M2M_CATALOG,2020-11-07T13:24Z,N19W01,12780.0,2020-11-07,7T13,,,,,,,,,,,,,
2020-11-08T20:12:00-CME-001,M2M_CATALOG,2020-11-08T20:12Z,,,2020-11-08,8T20,,,,,,,,,,,,,
2020-11-11T19:36:00-CME-001,M2M_CATALOG,2020-11-11T19:36Z,S22E60,12782.0,2020-11-11,1T19,,,,,,,,,,,,,
2020-11-21T19:36:00-CME-001,M2M_CATALOG,2020-11-21T19:36Z,,,2020-11-21,1T19,,,,,,,,,,,,,
2020-12-11T19:09:00-CME-001,M2M_CATALOG,2020-12-11T19:09Z,,12791.0,2020-12-11,1T19,,,,,,,,,,,,,
2020-11-12T02:24:00-CME-001,M2M_CATALOG,2020-11-12T02:24Z,,,2020-11-12,2T02,,,,,,,,,,,,,
2020-11-13T12:24:00-CME-001,M2M_CATALOG,2020-11-13T12:24Z,,,2020-11-13,3T12,,,,,,,,,,,,,
2020-11-17T08:36:00-CME-001,M2M_CATALOG,2020-11-17T08:36Z,,,2020-11-17,7T08,,,,,,,,,,,,,
2020-11-17T19:00:00-CME-001,M2M_CATALOG,2020-11-17T19:00Z,,,2020-11-17,7T19,,,,,,,,,,,,,
2020-10-28T13:42:00-CME-001,M2M_CATALOG,2020-10-28T13:42Z,,,2020-10-28,8T13,,,,,,,,,,,,,
2020-11-18T13:24:00-CME-001,M2M_CATALOG,2020-11-18T13:24Z,,,2020-11-18,8T13,,,,,,,,,,,,,
2020-11-18T13:36:00-CME-001,M2M_CATALOG,2020-11-18T13:36Z,,,2020-11-18,8T13,,,,,,,,,,,,,
2020-10-28T13:42:00-CME-001,M2M_CATALOG,2020-10-28T13:42Z,,,2020-10-28,8T13,,,,,,,,,,,,,
2020-11-18T13:24:00-CME-001,M2M_CATALOG,2020-11-18T13:24Z,,,2020-11-18,8T13,,,,,,,,,,,,,
2020-11-18T13:36:00-CME-001,M2M_CATALOG,2020-11-18T13:36Z,,,2020-11-18,8T13,,,,,,,,,,,,,
2020-11-18T21:48:00-CME-001,M2M_CATALOG,2020-11-18T21:48Z,S20E138,,2020-11-18,8T21,,,,,,,,,,,,,
2020-11-19T02:54:00-CME-001,M2M_CATALOG,2020-11-19T02:54Z,,,2020-11-19,9T02,,,,,,,,,,,,,
2020-11-19T03:12:00-CME-001,M2M_CATALOG,2020-11-19T03:12Z,N30E40,,2020-11-19,9T03,,,,,,,,,,,,,
2020-11-19T06:48:00-CME-001,M2M_CATALOG,2020-11-19T06:48Z,S23E49,,2020-11-19,9T06,,,,,,,,,,,,,
2020-11-19T15:12:00-CME-001,M2M_CATALOG,2020-11-19T15:12Z,,,2020-11-19,9T15,,,,,,,,,,,,,
2020-11-29T15:05:00-CME-001,M2M_CATALOG,2020-11-29T15:05Z,,12783.0,2020-11-29,9T15,,,,,,,,,,,,,
2020-11-20T19:51:00-CME-001,M2M_CATALOG,2020-11-20T19:51Z,,12783.0,2020-11-20,0T19,,,,,,,,,,,,,
2020-11-20T21:12:00-CME-001,M2M_CATALOG,2020-11-20T21:12Z,,,2020-11-20,0T21,,,,,,,,,,,,,
2020-11-11T19:36:00-CME-001,M2M_CATALOG,2020-11-11T19:36Z,S22E60,12782.0,2020-11-11,1T19,,,,,,,,,,,,,
2020-11-21T19:36:00-CME-001,M2M_CATALOG,2020-11-21T19:36Z,,,2020-11-21,1T19,,,,,,,,,,,,,
2020-12-11T19:09:00-CME-001,M2M_CATALOG,2020-12-11T19:09Z,,12791.0,2020-12-11,1T19,,,,,,,,,,,,,
2020-11-21T23:12:00-CME-001,M2M_CATALOG,2020-11-21T23:12Z,,,2020-11-21,1T23,,,,,,,,,,,,,
2020-11-22T01:36:00-CME-001,M2M_CATALOG,2020-11-22T01:36Z,,,2020-11-22,2T01,,,,,,,,,,,,,
2020-11-23T18:48:00-CME-001,M2M_CATALOG,2020-11-23T18:48Z,,,2020-11-23,3T18,,,,,,,,,,,,,
2020-11-24T04:36:00-CME-001,M2M_CATALOG,2020-11-24T04:36Z,S20E65,12785.0,2020-11-24,4T04,,,,,,,,,,,,,
2020-11-24T11:24:00-CME-001,M2M_CATALOG,2020-11-24T11:24Z,,,2020-11-24,4T11,,,,,,,,,,,,,
2020-12-04T11:09:00-CME-001,M2M_CATALOG,2020-12-04T11:09Z,,,2020-12-04,4T11,,,,,,,,,,,,,
2020-11-24T13:24:00-CME-001,M2M_CATALOG,2020-11-24T13:24Z,,,2020-11-24,4T13,,,,,,,,,,,,,
2020-11-26T08:24:00-CME-001,M2M_CATALOG,2020-11-26T08:24Z,,,2020-11-26,6T08,,,,,,,,,,,,,
2020-11-26T21:24:00-CME-001,M2M_CATALOG,2020-11-26T21:24Z,N32E90,12787.0,2020-11-26,6T21,,,,,,,,,,,,,
2020-11-27T05:48:00-CME-001,M2M_CATALOG,2020-11-27T05:48Z,,,2020-11-27,7T05,,,,,,,,,,,,,
2020-11-29T13:24:00-CME-001,M2M_CATALOG,2020-11-29T13:24Z,S23E97,,2020-11-29,9T13,,,,,,,,,,,,,
2020-11-19T15:12:00-CME-001,M2M_CATALOG,2020-11-19T15:12Z,,,2020-11-19,9T15,,,,,,,,,,,,,
2020-11-29T15:05:00-CME-001,M2M_CATALOG,2020-11-29T15:05Z,,12783.0,2020-11-29,9T15,,,,,,,,,,,,,
2020-11-30T07:09:00-CME-001,M2M_CATALOG,2020-11-30T07:09Z,,,2020-11-30,0T07,,,,,,,,,,,,,
2020-12-01T05:48:00-CME-001,M2M_CATALOG,2020-12-01T05:48Z,S25E80,12790.0,2020-12-01,1T05,,,,,,,,,,,,,
2020-12-01T07:12:00-CME-001,M2M_CATALOG,2020-12-01T07:12Z,N35E30,12787.0,2020-12-01,1T07,,,,,,,,,,,,,
2020-12-03T11:12:00-CME-001,M2M_CATALOG,2020-12-03T11:12Z,S30E137,,2020-12-03,3T11,,,,,,,,,,,,,
2020-12-04T02:48:00-CME-001,M2M_CATALOG,2020-12-04T02:48Z,,,2020-12-04,4T02,,,,,,,,,,,,,
2020-11-24T11:24:00-CME-001,M2M_CATALOG,2020-11-24T11:24Z,,,2020-11-24,4T11,,,,,,,,,,,,,
2020-12-04T11:09:00-CME-001,M2M_CATALOG,2020-12-04T11:09Z,,,2020-12-04,4T11,,,,,,,,,,,,,
2020-12-06T22:00:00-CME-001,M2M_CATALOG,2020-12-06T22:00Z,,,2020-12-06,6T22,,,,,,,,,,,,,
2020-12-07T16:24:00-CME-001,M2M_CATALOG,2020-12-07T16:24Z,S23W11,12790.0,2020-12-07,7T16,,,,,,,,,,,,,
2020-12-07T18:36:00-CME-001,M2M_CATALOG,2020-12-07T18:36Z,S40W30,,2020-12-07,7T18,,,,,,,,,,,,,
2020-10-31T00:12:00-CME-001,M2M_CATALOG,2020-10-31T00:12Z,,,2020-10-31,1T00,,,,,,,,,,,,,
2020-12-11T00:36:00-CME-001,M2M_CATALOG,2020-12-11T00:36Z,,,2020-12-11,1T00,,,,,,,,,,,,,
2020-11-11T19:36:00-CME-001,M2M_CATALOG,2020-11-11T19:36Z,S22E60,12782.0,2020-11-11,1T19,,,,,,,,,,,,,
2020-11-21T19:36:00-CME-001,M2M_CATALOG,2020-11-21T19:36Z,,,2020-11-21,1T19,,,,,,,,,,,,,
2020-12-11T19:09:00-CME-001,M2M_CATALOG,2020-12-11T19:09Z,,12791.0,2020-12-11,1T19,,,,,,,,,,,,,
2020-12-12T04:12:00-CME-001,M2M_CATALOG,2020-12-12T04:12Z,,,2020-12-12,2T04,,,,,,,,,,,,,
2020-12-13T09:24:00-CME-001,M2M_CATALOG,2020-12-13T09:24Z,,,2020-12-13,3T09,,,,,,,,,,,,,
2020-12-14T15:12:00-CME-001,M2M_CATALOG,2020-12-14T15:12Z,S22E44,12792.0,2020-12-14,4T15,,,,,,,,,,,,,
2020-12-14T21:12:00-CME-001,M2M_CATALOG,2020-12-14T21:12Z,N40E110,,2020-12-14,4T21,,,,,,,,,,,,,
2020-12-17T06:48:00-CME-001,M2M_CATALOG,2020-12-17T06:48Z,,,2020-12-17,7T06,,,,,,,,,,,,,
2020-12-27T00:48:00-CME-001,M2M_CATALOG,2020-12-27T00:48Z,,,2020-12-27,7T00,,,,,,,,,,,,,
2020-12-30T02:24:00-CME-001,M2M_CATALOG,2020-12-30T02:24Z,S20E08,12795.0,2020-12-30,0T02,,,,,,,,,,,,,
2020-10-10T04:24:00-CME-001,M2M_CATALOG,2020-10-10T04:24Z,,,2020-10-10,0T04,,,,,,,,,,,,,
2020-10-13T21:12:00-CME-001,M2M_CATALOG,2020-10-13T21:12Z,S23W37,12775.0,2020-10-13,3T21,,,,,,,,,,,,,
2020-10-14T03:24:00-CME-001,M2M_CATALOG,2020-10-14T03:24Z,,,2020-10-14,4T03,,,,,,,,,,,,,
2020-10-15T11:24:00-CME-001,M2M_CATALOG,2020-10-15T11:24Z,,,2020-10-15,5T11,,,,,,,,,,,,,
2020-10-15T16:36:00-CME-001,M2M_CATALOG,2020-10-15T16:36Z,,,2020-10-15,5T16,,,,,,,,,,,,,
2020-10-16T13:36:00-CME-001,M2M_CATALOG,2020-10-16T13:36Z,,12774.0,2020-10-16,6T13,,,,,,,,,,,,,
2020-10-16T16:03:00-CME-001,M2M_CATALOG,2020-10-16T16:03Z,S23W66,12775.0,2020-10-16,6T16,,,,,,,,,,,,,
2020-10-18T09:24:00-CME-001,M2M_CATALOG,2020-10-18T09:24Z,,,2020-10-18,8T09,,,,,,,,,,,,,
2020-10-22T13:09:00-CME-001,M2M_CATALOG,2020-10-22T13:09Z,,,2020-10-22,2T13,,,,,,,,,,,,,
2020-10-23T04:39:00-CME-001,M2M_CATALOG,2020-10-23T04:39Z,,,2020-10-23,3T04,,,,,,,,,,,,,
2020-10-23T22:35:00-CME-001,M2M_CATALOG,2020-10-23T22:35Z,,,2020-10-23,3T22,,,,,,,,,,,,,
2020-10-26T09:12:00-CME-001,M2M_CATALOG,2020-10-26T09:12Z,,,2020-10-26,6T09,,,,,,,,,,,,,
2020-10-26T18:09:00-CME-001,M2M_CATALOG,2020-10-26T18:09Z,,,2020-10-26,6T18,,,,,,,,,,,,,
2020-10-27T03:39:00-CME-001,M2M_CATALOG,2020-10-27T03:39Z,,,2020-10-27,7T03,,,,,,,,,,,,,
2020-10-28T13:42:00-CME-001,M2M_CATALOG,2020-10-28T13:42Z,,,2020-10-28,8T13,,,,,,,,,,,,,
2020-11-18T13:24:00-CME-001,M2M_CATALOG,2020-11-18T13:24Z,,,2020-11-18,8T13,,,,,,,,,,,,,
2020-11-18T13:36:00-CME-001,M2M_CATALOG,2020-11-18T13:36Z,,,2020-11-18,8T13,,,,,,,,,,,,,
2020-10-29T01:54:00-CME-001,M2M_CATALOG,2020-10-29T01:54Z,S19W28,12779.0,2020-10-29,9T01,,,,,,,,,,,,,
2020-10-31T00:12:00-CME-001,M2M_CATALOG,2020-10-31T00:12Z,,,2020-10-31,1T00,,,,,,,,,,,,,
2020-12-11T00:36:00-CME-001,M2M_CATALOG,2020-12-11T00:36Z,,,2020-12-11,1T00,,,,,,,,,,,,,
2020-11-01T20:00:00-CME-001,M2M_CATALOG,2020-11-01T20:00Z,,,2020-11-01,1T20,,,,,,,,,,,,,
2020-11-02T05:24:00-CME-001,M2M_CATALOG,2020-11-02T05:24Z,,,2020-11-02,2T05,,,,,,,,,,,,,
2020-11-07T13:24:00-CME-001,M2M_CATALOG,2020-11-07T13:24Z,N19W01,12780.0,2020-11-07,7T13,,,,,,,,,,,,,
2020-11-08T20:12:00-CME-001,M2M_CATALOG,2020-11-08T20:12Z,,,2020-11-08,8T20,,,,,,,,,,,,,
2020-11-11T19:36:00-CME-001,M2M_CATALOG,2020-11-11T19:36Z,S22E60,12782.0,2020-11-11,1T19,,,,,,,,,,,,,
2020-11-21T19:36:00-CME-001,M2M_CATALOG,2020-11-21T19:36Z,,,2020-11-21,1T19,,,,,,,,,,,,,
2020-12-11T19:09:00-CME-001,M2M_CATALOG,2020-12-11T19:09Z,,12791.0,2020-12-11,1T19,,,,,,,,,,,,,
2020-11-12T02:24:00-CME-001,M2M_CATALOG,2020-11-12T02:24Z,,,2020-11-12,2T02,,,,,,,,,,,,,
2020-11-13T12:24:00-CME-001,M2M_CATALOG,2020-11-13T12:24Z,,,2020-11-13,3T12,,,,,,,,,,,,,
2020-11-17T08:36:00-CME-001,M2M_CATALOG,2020-11-17T08:36Z,,,2020-11-17,7T08,,,,,,,,,,,,,
2020-11-17T19:00:00-CME-001,M2M_CATALOG,2020-11-17T19:00Z,,,2020-11-17,7T19,,,,,,,,,,,,,
2020-10-28T13:42:00-CME-001,M2M_CATALOG,2020-10-28T13:42Z,,,2020-10-28,8T13,,,,,,,,,,,,,
2020-11-18T13:24:00-CME-001,M2M_CATALOG,2020-11-18T13:24Z,,,2020-11-18,8T13,,,,,,,,,,,,,
2020-11-18T13:36:00-CME-001,M2M_CATALOG,2020-11-18T13:36Z,,,2020-11-18,8T13,,,,,,,,,,,,,
2020-10-28T13:42:00-CME-001,M2M_CATALOG,2020-10-28T13:42Z,,,2020-10-28,8T13,,,,,,,,,,,,,
2020-11-18T13:24:00-CME-001,M2M_CATALOG,2020-11-18T13:24Z,,,2020-11-18,8T13,,,,,,,,,,,,,
2020-11-18T13:36:00-CME-001,M2M_CATALOG,2020-11-18T13:36Z,,,2020-11-18,8T13,,,,,,,,,,,,,
2020-11-18T21:48:00-CME-001,M2M_CATALOG,2020-11-18T21:48Z,S20E138,,2020-11-18,8T21,,,,,,,,,,,,,
2020-11-19T02:54:00-CME-001,M2M_CATALOG,2020-11-19T02:54Z,,,2020-11-19,9T02,,,,,,,,,,,,,
2020-11-19T03:12:00-CME-001,M2M_CATALOG,2020-11-19T03:12Z,N30E40,,2020-11-19,9T03,,,,,,,,,,,,,
2020-11-19T06:48:00-CME-001,M2M_CATALOG,2020-11-19T06:48Z,S23E49,,2020-11-19,9T06,,,,,,,,,,,,,
2020-11-19T15:12:00-CME-001,M2M_CATALOG,2020-11-19T15:12Z,,,2020-11-19,9T15,,,,,,,,,,,,,
2020-11-29T15:05:00-CME-001,M2M_CATALOG,2020-11-29T15:05Z,,12783.0,2020-11-29,9T15,,,,,,,,,,,,,
2020-11-20T19:51:00-CME-001,M2M_CATALOG,2020-11-20T19:51Z,,12783.0,2020-11-20,0T19,,,,,,,,,,,,,
2020-10-10T04:24:00-CME-001,M2M_CATALOG,2020-10-10T04:24Z,,,2020-10-10,0T04,,,,,,,,,,,,,
2020-10-13T21:12:00-CME-001,M2M_CATALOG,2020-10-13T21:12Z,S23W37,12775.0,2020-10-13,3T21,,,,,,,,,,,,,
2020-10-14T03:24:00-CME-001,M2M_CATALOG,2020-10-14T03:24Z,,,2020-10-14,4T03,,,,,,,,,,,,,
2020-10-15T11:24:00-CME-001,M2M_CATALOG,2020-10-15T11:24Z,,,2020-10-15,5T11,,,,,,,,,,,,,
2020-10-15T16:36:00-CME-001,M2M_CATALOG,2020-10-15T16:36Z,,,2020-10-15,5T16,,,,,,,,,,,,,
2020-10-16T13:36:00-CME-001,M2M_CATALOG,2020-10-16T13:36Z,,12774.0,2020-10-16,6T13,,,,,,,,,,,,,
2020-10-16T16:03:00-CME-001,M2M_CATALOG,2020-10-16T16:03Z,S23W66,12775.0,2020-10-16,6T16,,,,,,,,,,,,,
2020-10-18T09:24:00-CME-001,M2M_CATALOG,2020-10-18T09:24Z,,,2020-10-18,8T09,,,,,,,,,,,,,
2020-10-22T13:09:00-CME-001,M2M_CATALOG,2020-10-22T13:09Z,,,2020-10-22,2T13,,,,,,,,,,,,,
2020-10-23T04:39:00-CME-001,M2M_CATALOG,2020-10-23T04:39Z,,,2020-10-23,3T04,,,,,,,,,,,,,
2020-10-23T22:35:00-CME-001,M2M_CATALOG,2020-10-23T22:35Z,,,2020-10-23,3T22,,,,,,,,,,,,,
2020-10-26T09:12:00-CME-001,M2M_CATALOG,2020-10-26T09:12Z,,,2020-10-26,6T09,,,,,,,,,,,,,
2020-10-26T18:09:00-CME-001,M2M_CATALOG,2020-10-26T18:09Z,,,2020-10-26,6T18,,,,,,,,,,,,,
2020-10-27T03:39:00-CME-001,M2M_CATALOG,2020-10-27T03:39Z,,,2020-10-27,7T03,,,,,,,,,,,,,
2020-10-28T13:42:00-CME-001,M2M_CATALOG,2020-10-28T13:42Z,,,2020-10-28,8T13,,,,,,,,,,,,,
2020-11-18T13:24:00-CME-001,M2M_CATALOG,2020-11-18T13:24Z,,,2020-11-18,8T13,,,,,,,,,,,,,
2020-11-18T13:36:00-CME-001,M2M_CATALOG,2020-11-18T13:36Z,,,2020-11-18,8T13,,,,,,,,,,,,,
2020-10-29T01:54:00-CME-001,M2M_CATALOG,2020-10-29T01:54Z,S19W28,12779.0,2020-10-29,9T01,,,,,,,,,,,,,
2020-10-31T00:12:00-CME-001,M2M_CATALOG,2020-10-31T00:12Z,,,2020-10-31,1T00,,,,,,,,,,,,,
2020-12-11T00:36:00-CME-001,M2M_CATALOG,2020-12-11T00:36Z,,,2020-12-11,1T00,,,,,,,,,,,,,
2020-11-01T20:00:00-CME-001,M2M_CATALOG,2020-11-01T20:00Z,,,2020-11-01,1T20,,,,,,,,,,,,,
2020-11-02T05:24:00-CME-001,M2M_CATALOG,2020-11-02T05:24Z,,,2020-11-02,2T05,,,,,,,,,,,,,
2020-11-07T13:24:00-CME-001,M2M_CATALOG,2020-11-07T13:24Z,N19W01,12780.0,2020-11-07,7T13,,,,,,,,,,,,,
2020-11-08T20:12:00-CME-001,M2M_CATALOG,2020-11-08T20:12Z,,,2020-11-08,8T20,,,,,,,,,,,,,
2020-11-11T19:36:00-CME-001,M2M_CATALOG,2020-11-11T19:36Z,S22E60,12782.0,2020-11-11,1T19,,,,,,,,,,,,,
2020-11-21T19:36:00-CME-001,M2M_CATALOG,2020-11-21T19:36Z,,,2020-11-21,1T19,,,,,,,,,,,,,
2020-12-11T19:09:00-CME-001,M2M_CATALOG,2020-12-11T19:09Z,,12791.0,2020-12-11,1T19,,,,,,,,,,,,,
2020-11-12T02:24:00-CME-001,M2M_CATALOG,2020-11-12T02:24Z,,,2020-11-12,2T02,,,,,,,,,,,,,
2020-11-13T12:24:00-CME-001,M2M_CATALOG,2020-11-13T12:24Z,,,2020-11-13,3T12,,,,,,,,,,,,,
2020-11-17T08:36:00-CME-001,M2M_CATALOG,2020-11-17T08:36Z,,,2020-11-17,7T08,,,,,,,,,,,,,
2020-11-17T19:00:00-CME-001,M2M_CATALOG,2020-11-17T19:00Z,,,2020-11-17,7T19,,,,,,,,,,,,,
2020-10-28T13:42:00-CME-001,M2M_CATALOG,2020-10-28T13:42Z,,,2020-10-28,8T13,,,,,,,,,,,,,
2020-11-18T13:24:00-CME-001,M2M_CATALOG,2020-11-18T13:24Z,,,2020-11-18,8T13,,,,,,,,,,,,,
2020-11-18T13:36:00-CME-001,M2M_CATALOG,2020-11-18T13:36Z,,,2020-11-18,8T13,,,,,,,,,,,,,
2020-10-28T13:42:00-CME-001,M2M_CATALOG,2020-10-28T13:42Z,,,2020-10-28,8T13,,,,,,,,,,,,,
2020-11-18T13:24:00-CME-001,M2M_CATALOG,2020-11-18T13:24Z,,,2020-11-18,8T13,,,,,,,,,,,,,
2020-11-18T13:36:00-CME-001,M2M_CATALOG,2020-11-18T13:36Z,,,2020-11-18,8T13,,,,,,,,,,,,,
2020-11-18T21:48:00-CME-001,M2M_CATALOG,2020-11-18T21:48Z,S20E138,,2020-11-18,8T21,,,,,,,,,,,,,
2020-11-19T02:54:00-CME-001,M2M_CATALOG,2020-11-19T02:54Z,,,2020-11-19,9T02,,,,,,,,,,,,,
2020-11-19T03:12:00-CME-001,M2M_CATALOG,2020-11-19T03:12Z,N30E40,,2020-11-19,9T03,,,,,,,,,,,,,
2020-11-19T06:48:00-CME-001,M2M_CATALOG,2020-11-19T06:48Z,S23E49,,2020-11-19,9T06,,,,,,,,,,,,,
2020-11-19T15:12:00-CME-001,M2M_CATALOG,2020-11-19T15:12Z,,,2020-11-19,9T15,,,,,,,,,,,,,
2020-11-29T15:05:00-CME-001,M2M_CATALOG,2020-11-29T15:05Z,,12783.0,2020-11-29,9T15,,,,,,,,,,,,,
2020-11-20T19:51:00-CME-001,M2M_CATALOG,2020-11-20T19:51Z,,12783.0,2020-11-20,0T19,,,,,,,,,,,,,
2020-11-20T21:12:00-CME-001,M2M_CATALOG,2020-11-20T21:12Z,,,2020-11-20,0T21,,,,,,,,,,,,,
2020-11-11T19:36:00-CME-001,M2M_CATALOG,2020-11-11T19:36Z,S22E60,12782.0,2020-11-11,1T19,,,,,,,,,,,,,
2020-11-21T19:36:00-CME-001,M2M_CATALOG,2020-11-21T19:36Z,,,2020-11-21,1T19,,,,,,,,,,,,,
2020-12-11T19:09:00-CME-001,M2M_CATALOG,2020-12-11T19:09Z,,12791.0,2020-12-11,1T19,,,,,,,,,,,,,
2020-11-21T23:12:00-CME-001,M2M_CATALOG,2020-11-21T23:12Z,,,2020-11-21,1T23,,,,,,,,,,,,,
2020-11-22T01:36:00-CME-001,M2M_CATALOG,2020-11-22T01:36Z,,,2020-11-22,2T01,,,,,,,,,,,,,
2020-11-23T18:48:00-CME-001,M2M_CATALOG,2020-11-23T18:48Z,,,2020-11-23,3T18,,,,,,,,,,,,,
2020-11-24T04:36:00-CME-001,M2M_CATALOG,2020-11-24T04:36Z,S20E65,12785.0,2020-11-24,4T04,,,,,,,,,,,,,
2020-11-24T11:24:00-CME-001,M2M_CATALOG,2020-11-24T11:24Z,,,2020-11-24,4T11,,,,,,,,,,,,,
2020-12-04T11:09:00-CME-001,M2M_CATALOG,2020-12-04T11:09Z,,,2020-12-04,4T11,,,,,,,,,,,,,
2020-11-24T13:24:00-CME-001,M2M_CATALOG,2020-11-24T13:24Z,,,2020-11-24,4T13,,,,,,,,,,,,,
2020-11-26T08:24:00-CME-001,M2M_CATALOG,2020-11-26T08:24Z,,,2020-11-26,6T08,,,,,,,,,,,,,
2020-11-26T21:24:00-CME-001,M2M_CATALOG,2020-11-26T21:24Z,N32E90,12787.0,2020-11-26,6T21,,,,,,,,,,,,,
2020-11-27T05:48:00-CME-001,M2M_CATALOG,2020-11-27T05:48Z,,,2020-11-27,7T05,,,,,,,,,,,,,
2020-11-29T13:24:00-CME-001,M2M_CATALOG,2020-11-29T13:24Z,S23E97,,2020-11-29,9T13,,,,,,,,,,,,,
2020-11-19T15:12:00-CME-001,M2M_CATALOG,2020-11-19T15:12Z,,,2020-11-19,9T15,,,,,,,,,,,,,
2020-11-29T15:05:00-CME-001,M2M_CATALOG,2020-11-29T15:05Z,,12783.0,2020-11-29,9T15,,,,,,,,,,,,,
2020-11-30T07:09:00-CME-001,M2M_CATALOG,2020-11-30T07:09Z,,,2020-11-30,0T07,,,,,,,,,,,,,
2020-12-01T05:48:00-CME-001,M2M_CATALOG,2020-12-01T05:48Z,S25E80,12790.0,2020-12-01,1T05,,,,,,,,,,,,,
2020-12-01T07:12:00-CME-001,M2M_CATALOG,2020-12-01T07:12Z,N35E30,12787.0,2020-12-01,1T07,,,,,,,,,,,,,
2020-12-03T11:12:00-CME-001,M2M_CATALOG,2020-12-03T11:12Z,S30E137,,2020-12-03,3T11,,,,,,,,,,,,,
2020-12-04T02:48:00-CME-001,M2M_CATALOG,2020-12-04T02:48Z,,,2020-12-04,4T02,,,,,,,,,,,,,
2020-11-24T11:24:00-CME-001,M2M_CATALOG,2020-11-24T11:24Z,,,2020-11-24,4T11,,,,,,,,,,,,,
2020-12-04T11:09:00-CME-001,M2M_CATALOG,2020-12-04T11:09Z,,,2020-12-04,4T11,,,,,,,,,,,,,
2020-12-06T22:00:00-CME-001,M2M_CATALOG,2020-12-06T22:00Z,,,2020-12-06,6T22,,,,,,,,,,,,,
2020-12-07T16:24:00-CME-001,M2M_CATALOG,2020-12-07T16:24Z,S23W11,12790.0,2020-12-07,7T16,,,,,,,,,,,,,
2020-12-07T18:36:00-CME-001,M2M_CATALOG,2020-12-07T18:36Z,S40W30,,2020-12-07,7T18,,,,,,,,,,,,,
2020-10-31T00:12:00-CME-001,M2M_CATALOG,2020-10-31T00:12Z,,,2020-10-31,1T00,,,,,,,,,,,,,
2020-12-11T00:36:00-CME-001,M2M_CATALOG,2020-12-11T00:36Z,,,2020-12-11,1T00,,,,,,,,,,,,,
2020-11-11T19:36:00-CME-001,M2M_CATALOG,2020-11-11T19:36Z,S22E60,12782.0,2020-11-11,1T19,,,,,,,,,,,,,
2020-11-21T19:36:00-CME-001,M2M_CATALOG,2020-11-21T19:36Z,,,2020-11-21,1T19,,,,,,,,,,,,,
2020-12-11T19:09:00-CME-001,M2M_CATALOG,2020-12-11T19:09Z,,12791.0,2020-12-11,1T19,,,,,,,,,,,,,
2020-12-12T04:12:00-CME-001,M2M_CATALOG,2020-12-12T04:12Z,,,2020-12-12,2T04,,,,,,,,,,,,,
2020-12-13T09:24:00-CME-001,M2M_CATALOG,2020-12-13T09:24Z,,,2020-12-13,3T09,,,,,,,,,,,,,
2020-12-14T15:12:00-CME-001,M2M_CATALOG,2020-12-14T15:12Z,S22E44,12792.0,2020-12-14,4T15,,,,,,,,,,,,,
2020-12-14T21:12:00-CME-001,M2M_CATALOG,2020-12-14T21:12Z,N40E110,,2020-12-14,4T21,,,,,,,,,,,,,
2020-12-17T06:48:00-CME-001,M2M_CATALOG,2020-12-17T06:48Z,,,2020-12-17,7T06,,,,,,,,,,,,,
2020-12-27T00:48:00-CME-001,M2M_CATALOG,2020-12-27T00:48Z,,,2020-12-27,7T00,,,,,,,,,,,,,
2020-12-30T02:24:00-CME-001,M2M_CATALOG,2020-12-30T02:24Z,S20E08,12795.0,2020-12-30,0T02,,,,,,,,,,,,,
2020-10-10T04:24:00-CME-001,M2M_CATALOG,2020-10-10T04:24Z,,,2020-10-10,0T04,,,,,,,,,,,,,
2020-10-13T21:12:00-CME-001,M2M_CATALOG,2020-10-13T21:12Z,S23W37,12775.0,2020-10-13,3T21,,,,,,,,,,,,,
2020-10-14T03:24:00-CME-001,M2M_CATALOG,2020-10-14T03:24Z,,,2020-10-14,4T03,,,,,,,,,,,,,
2020-10-15T11:24:00-CME-001,M2M_CATALOG,2020-10-15T11:24Z,,,2020-10-15,5T11,,,,,,,,,,,,,
2020-10-15T16:36:00-CME-001,M2M_CATALOG,2020-10-15T16:36Z,,,2020-10-15,5T16,,,,,,,,,,,,,
2020-10-16T13:36:00-CME-001,M2M_CATALOG,2020-10-16T13:36Z,,12774.0,2020-10-16,6T13,,,,,,,,,,,,,
2020-10-16T16:03:00-CME-001,M2M_CATALOG,2020-10-16T16:03Z,S23W66,12775.0,2020-10-16,6T16,,,,,,,,,,,,,
2020-10-18T09:24:00-CME-001,M2M_CATALOG,2020-10-18T09:24Z,,,2020-10-18,8T09,,,,,,,,,,,,,
2020-10-22T13:09:00-CME-001,M2M_CATALOG,2020-10-22T13:09Z,,,2020-10-22,2T13,,,,,,,,,,,,,
2020-10-23T04:39:00-CME-001,M2M_CATALOG,2020-10-23T04:39Z,,,2020-10-23,3T04,,,,,,,,,,,,,
2020-10-23T22:35:00-CME-001,M2M_CATALOG,2020-10-23T22:35Z,,,2020-10-23,3T22,,,,,,,,,,,,,
2020-10-26T09:12:00-CME-001,M2M_CATALOG,2020-10-26T09:12Z,,,2020-10-26,6T09,,,,,,,,,,,,,
2020-10-26T18:09:00-CME-001,M2M_CATALOG,2020-10-26T18:09Z,,,2020-10-26,6T18,,,,,,,,,,,,,
2020-10-27T03:39:00-CME-001,M2M_CATALOG,2020-10-27T03:39Z,,,2020-10-27,7T03,,,,,,,,,,,,,
2020-10-28T13:42:00-CME-001,M2M_CATALOG,2020-10-28T13:42Z,,,2020-10-28,8T13,,,,,,,,,,,,,
2020-11-18T13:24:00-CME-001,M2M_CATALOG,2020-11-18T13:24Z,,,2020-11-18,8T13,,,,,,,,,,,,,
2020-11-18T13:36:00-CME-001,M2M_CATALOG,2020-11-18T13:36Z,,,2020-11-18,8T13,,,,,,,,,,,,,
2020-10-29T01:54:00-CME-001,M2M_CATALOG,2020-10-29T01:54Z,S19W28,12779.0,2020-10-29,9T01,,,,,,,,,,,,,
2020-10-31T00:12:00-CME-001,M2M_CATALOG,2020-10-31T00:12Z,,,2020-10-31,1T00,,,,,,,,,,,,,
2020-12-11T00:36:00-CME-001,M2M_CATALOG,2020-12-11T00:36Z,,,2020-12-11,1T00,,,,,,,,,,,,,
2020-11-01T20:00:00-CME-001,M2M_CATALOG,2020-11-01T20:00Z,,,2020-11-01,1T20,,,,,,,,,,,,,
2020-11-02T05:24:00-CME-001,M2M_CATALOG,2020-11-02T05:24Z,,,2020-11-02,2T05,,,,,,,,,,,,,
2020-11-07T13:24:00-CME-001,M2M_CATALOG,2020-11-07T13:24Z,N19W01,12780.0,2020-11-07,7T13,,,,,,,,,,,,,
2020-11-08T20:12:00-CME-001,M2M_CATALOG,2020-11-08T20:12Z,,,2020-11-08,8T20,,,,,,,,,,,,,
2020-11-11T19:36:00-CME-001,M2M_CATALOG,2020-11-11T19:36Z,S22E60,12782.0,2020-11-11,1T19,,,,,,,,,,,,,
2020-11-21T19:36:00-CME-001,M2M_CATALOG,2020-11-21T19:36Z,,,2020-11-21,1T19,,,,,,,,,,,,,
2020-12-11T19:09:00-CME-001,M2M_CATALOG,2020-12-11T19:09Z,,12791.0,2020-12-11,1T19,,,,,,,,,,,,,
2020-11-12T02:24:00-CME-001,M2M_CATALOG,2020-11-12T02:24Z,,,2020-11-12,2T02,,,,,,,,,,,,,
2020-11-13T12:24:00-CME-001,M2M_CATALOG,2020-11-13T12:24Z,,,2020-11-13,3T12,,,,,,,,,,,,,
2020-11-17T08:36:00-CME-001,M2M_CATALOG,2020-11-17T08:36Z,,,2020-11-17,7T08,,,,,,,,,,,,,
2020-11-17T19:00:00-CME-001,M2M_CATALOG,2020-11-17T19:00Z,,,2020-11-17,7T19,,,,,,,,,,,,,
2020-10-28T13:42:00-CME-001,M2M_CATALOG,2020-10-28T13:42Z,,,2020-10-28,8T13,,,,,,,,,,,,,
2020-11-18T13:24:00-CME-001,M2M_CATALOG,2020-11-18T13:24Z,,,2020-11-18,8T13,,,,,,,,,,,,,
2020-11-18T13:36:00-CME-001,M2M_CATALOG,2020-11-18T13:36Z,,,2020-11-18,8T13,,,,,,,,,,,,,
2020-10-28T13:42:00-CME-001,M2M_CATALOG,2020-10-28T13:42Z,,,2020-10-28,8T13,880.0,08cf7e56-1ab9-4f5e-bf1a-e1241218f56b,Red Stripe,Maudite,Strong Ale,Centennial,5335 - Lactobacillus,Munich,26 IBU,6.1%,15.9°Blg,Jamaica,1928.0
2020-11-18T13:24:00-CME-001,M2M_CATALOG,2020-11-18T13:24Z,,,2020-11-18,8T13,880.0,08cf7e56-1ab9-4f5e-bf1a-e1241218f56b,Red Stripe,Maudite,Strong Ale,Centennial,5335 - Lactobacillus,Munich,26 IBU,6.1%,15.9°Blg,Jamaica,1928.0
2020-11-18T13:36:00-CME-001,M2M_CATALOG,2020-11-18T13:36Z,,,2020-11-18,8T13,880.0,08cf7e56-1ab9-4f5e-bf1a-e1241218f56b,Red Stripe,Maudite,Strong Ale,Centennial,5335 - Lactobacillus,Munich,26 IBU,6.1%,15.9°Blg,Jamaica,1928.0
2020-11-18T21:48:00-CME-001,M2M_CATALOG,2020-11-18T21:48Z,S20E138,,2020-11-18,8T21,,,,,,,,,,,,,
2020-11-19T02:54:00-CME-001,M2M_CATALOG,2020-11-19T02:54Z,,,2020-11-19,9T02,,,,,,,,,,,,,
2020-11-19T03:12:00-CME-001,M2M_CATALOG,2020-11-19T03:12Z,N30E40,,2020-11-19,9T03,,,,,,,,,,,,,
2020-11-19T06:48:00-CME-001,M2M_CATALOG,2020-11-19T06:48Z,S23E49,,2020-11-19,9T06,,,,,,,,,,,,,
2020-11-19T15:12:00-CME-001,M2M_CATALOG,2020-11-19T15:12Z,,,2020-11-19,9T15,,,,,,,,,,,,,
2020-11-29T15:05:00-CME-001,M2M_CATALOG,2020-11-29T15:05Z,,12783.0,2020-11-29,9T15,,,,,,,,,,,,,
2020-10-10T04:24:00-CME-001,M2M_CATALOG,2020-10-10T04:24Z,,,2020-10-10,0T04,,,,,,,,,,,,,
2020-10-13T21:12:00-CME-001,M2M_CATALOG,2020-10-13T21:12Z,S23W37,12775.0,2020-10-13,3T21,,,,,,,,,,,,,
2020-10-14T03:24:00-CME-001,M2M_CATALOG,2020-10-14T03:24Z,,,2020-10-14,4T03,,,,,,,,,,,,,
2020-10-15T11:24:00-CME-001,M2M_CATALOG,2020-10-15T11:24Z,,,2020-10-15,5T11,,,,,,,,,,,,,
2020-10-15T16:36:00-CME-001,M2M_CATALOG,2020-10-15T16:36Z,,,2020-10-15,5T16,,,,,,,,,,,,,
2020-10-16T13:36:00-CME-001,M2M_CATALOG,2020-10-16T13:36Z,,12774.0,2020-10-16,6T13,,,,,,,,,,,,,
2020-10-16T16:03:00-CME-001,M2M_CATALOG,2020-10-16T16:03Z,S23W66,12775.0,2020-10-16,6T16,,,,,,,,,,,,,
2020-10-18T09:24:00-CME-001,M2M_CATALOG,2020-10-18T09:24Z,,,2020-10-18,8T09,,,,,,,,,,,,,
2020-10-22T13:09:00-CME-001,M2M_CATALOG,2020-10-22T13:09Z,,,2020-10-22,2T13,,,,,,,,,,,,,
2020-11-02T05:24:00-CME-001,M2M_CATALOG,2020-11-02T05:24Z,,,2020-11-02,2T05,,,,,,,,,,,,,
2020-11-07T13:24:00-CME-001,M2M_CATALOG,2020-11-07T13:24Z,N19W01,12780.0,2020-11-07,7T13,,,,,,,,,,,,,
2020-11-08T20:12:00-CME-001,M2M_CATALOG,2020-11-08T20:12Z,,,2020-11-08,8T20,,,,,,,,,,,,,
2020-11-11T19:36:00-CME-001,M2M_CATALOG,2020-11-11T19:36Z,S22E60,12782.0,2020-11-11,1T19,,,,,,,,,,,,,
2020-11-21T19:36:00-CME-001,M2M_CATALOG,2020-11-21T19:36Z,,,2020-11-21,1T19,,,,,,,,,,,,,
2020-12-11T19:09:00-CME-001,M2M_CATALOG,2020-12-11T19:09Z,,12791.0,2020-12-11,1T19,,,,,,,,,,,,,
2020-11-12T02:24:00-CME-001,M2M_CATALOG,2020-11-12T02:24Z,,,2020-11-12,2T02,,,,,,,,,,,,,
2020-11-13T12:24:00-CME-001,M2M_CATALOG,2020-11-13T12:24Z,,,2020-11-13,3T12,,,,,,,,,,,,,
2020-11-17T08:36:00-CME-001,M2M_CATALOG,2020-11-17T08:36Z,,,2020-11-17,7T08,,,,,,,,,,,,,
2020-11-17T19:00:00-CME-001,M2M_CATALOG,2020-11-17T19:00Z,,,2020-11-17,7T19,,,,,,,,,,,,,
2020-11-18T21:48:00-CME-001,M2M_CATALOG,2020-11-18T21:48Z,S20E138,,2020-11-18,8T21,,,,,,,,,,,,,
2020-11-19T02:54:00-CME-001,M2M_CATALOG,2020-11-19T02:54Z,,,2020-11-19,9T02,,,,,,,,,,,,,
2020-11-27T05:48:00-CME-001,M2M_CATALOG,2020-11-27T05:48Z,,,2020-11-27,7T05,,,,,,,,,,,,,
2020-11-29T13:24:00-CME-001,M2M_CATALOG,2020-11-29T13:24Z,S23E97,,2020-11-29,9T13,,,,,,,,,,,,,
2020-11-30T07:09:00-CME-001,M2M_CATALOG,2020-11-30T07:09Z,,,2020-11-30,0T07,,,,,,,,,,,,,
2020-12-01T05:48:00-CME-001,M2M_CATALOG,2020-12-01T05:48Z,S25E80,12790.0,2020-12-01,1T05,,,,,,,,,,,,,
2020-12-01T07:12:00-CME-001,M2M_CATALOG,2020-12-01T07:12Z,N35E30,12787.0,2020-12-01,1T07,,,,,,,,,,,,,
2020-12-03T11:12:00-CME-001,M2M_CATALOG,2020-12-03T11:12Z,S30E137,,2020-12-03,3T11,,,,,,,,,,,,,
2020-12-04T02:48:00-CME-001,M2M_CATALOG,2020-12-04T02:48Z,,,2020-12-04,4T02,,,,,,,,,,,,,
2020-12-06T22:00:00-CME-001,M2M_CATALOG,2020-12-06T22:00Z,,,2020-12-06,6T22,,,,,,,,,,,,,
2020-12-07T16:24:00-CME-001,M2M_CATALOG,2020-12-07T16:24Z,S23W11,12790.0,2020-12-07,7T16,,,,,,,,,,,,,
2020-12-07T18:36:00-CME-001,M2M_CATALOG,2020-12-07T18:36Z,S40W30,,2020-12-07,7T18,,,,,,,,,,,,,
2020-12-17T06:48:00-CME-001,M2M_CATALOG,2020-12-17T06:48Z,,,2020-12-17,7T06,,,,,,,,,,,,,
2020-12-27T00:48:00-CME-001,M2M_CATALOG,2020-12-27T00:48Z,,,2020-12-27,7T00,,,,,,,,,,,,,
2020-12-30T02:24:00-CME-001,M2M_CATALOG,2020-12-30T02:24Z,S20E08,12795.0,2020-12-30,0T02,,,,,,,,,,,,,
2020-10-10T04:24:00-CME-001,M2M_CATALOG,2020-10-10T04:24Z,,,2020-10-10,0T04,,,,,,,,,,,,,
2020-10-13T21:12:00-CME-001,M2M_CATALOG,2020-10-13T21:12Z,S23W37,12775.0,2020-10-13,3T21,,,,,,,,,,,,,
2020-10-14T03:24:00-CME-001,M2M_CATALOG,2020-10-14T03:24Z,,,2020-10-14,4T03,,,,,,,,,,,,,
2020-10-15T11:24:00-CME-001,M2M_CATALOG,2020-10-15T11:24Z,,,2020-10-15,5T11,,,,,,,,,,,,,
2020-10-15T16:36:00-CME-001,M2M_CATALOG,2020-10-15T16:36Z,,,2020-10-15,5T16,,,,,,,,,,,,,
2020-10-16T13:36:00-CME-001,M2M_CATALOG,2020-10-16T13:36Z,,12774.0,2020-10-16,6T13,,,,,,,,,,,,,
2020-10-16T16:03:00-CME-001,M2M_CATALOG,2020-10-16T16:03Z,S23W66,12775.0,2020-10-16,6T16,,,,,,,,,,,,,
2020-10-18T09:24:00-CME-001,M2M_CATALOG,2020-10-18T09:24Z,,,2020-10-18,8T09,,,,,,,,,,,,,
2020-10-22T13:09:00-CME-001,M2M_CATALOG,2020-10-22T13:09Z,,,2020-10-22,2T13,,,,,,,,,,,,,
2020-11-02T05:24:00-CME-001,M2M_CATALOG,2020-11-02T05:24Z,,,2020-11-02,2T05,,,,,,,,,,,,,
2020-11-07T13:24:00-CME-001,M2M_CATALOG,2020-11-07T13:24Z,N19W01,12780.0,2020-11-07,7T13,,,,,,,,,,,,,
2020-11-08T20:12:00-CME-001,M2M_CATALOG,2020-11-08T20:12Z,,,2020-11-08,8T20,,,,,,,,,,,,,
2020-11-11T19:36:00-CME-001,M2M_CATALOG,2020-11-11T19:36Z,S22E60,12782.0,2020-11-11,1T19,,,,,,,,,,,,,
2020-11-21T19:36:00-CME-001,M2M_CATALOG,2020-11-21T19:36Z,,,2020-11-21,1T19,,,,,,,,,,,,,
2020-12-11T19:09:00-CME-001,M2M_CATALOG,2020-12-11T19:09Z,,12791.0,2020-12-11,1T19,,,,,,,,,,,,,
2020-11-12T02:24:00-CME-001,M2M_CATALOG,2020-11-12T02:24Z,,,2020-11-12,2T02,,,,,,,,,,,,,
2020-11-13T12:24:00-CME-001,M2M_CATALOG,2020-11-13T12:24Z,,,2020-11-13,3T12,,,,,,,,,,,,,
2020-11-17T08:36:00-CME-001,M2M_CATALOG,2020-11-17T08:36Z,,,2020-11-17,7T08,,,,,,,,,,,,,
2020-11-17T19:00:00-CME-001,M2M_CATALOG,2020-11-17T19:00Z,,,2020-11-17,7T19,,,,,,,,,,,,,
2020-11-18T21:48:00-CME-001,M2M_CATALOG,2020-11-18T21:48Z,S20E138,,2020-11-18,8T21,,,,,,,,,,,,,
2020-11-19T02:54:00-CME-001,M2M_CATALOG,2020-11-19T02:54Z,,,2020-11-19,9T02,,,,,,,,,,,,,
2020-11-27T05:48:00-CME-001,M2M_CATALOG,2020-11-27T05:48Z,,,2020-11-27,7T05,,,,,,,,,,,,,
2020-11-29T13:24:00-CME-001,M2M_CATALOG,2020-11-29T13:24Z,S23E97,,2020-11-29,9T13,,,,,,,,,,,,,
2020-11-30T07:09:00-CME-001,M2M_CATALOG,2020-11-30T07:09Z,,,2020-11-30,0T07,,,,,,,,,,,,,
2020-12-01T05:48:00-CME-001,M2M_CATALOG,2020-12-01T05:48Z,S25E80,12790.0,2020-12-01,1T05,,,,,,,,,,,,,
2020-12-01T07:12:00-CME-001,M2M_CATALOG,2020-12-01T07:12Z,N35E30,12787.0,2020-12-01,1T07,,,,,,,,,,,,,
2020-12-03T11:12:00-CME-001,M2M_CATALOG,2020-12-03T11:12Z,S30E137,,2020-12-03,3T11,,,,,,,,,,,,,
2020-12-04T02:48:00-CME-001,M2M_CATALOG,2020-12-04T02:48Z,,,2020-12-04,4T02,,,,,,,,,,,,,
2020-12-06T22:00:00-CME-001,M2M_CATALOG,2020-12-06T22:00Z,,,2020-12-06,6T22,,,,,,,,,,,,,
2020-12-07T16:24:00-CME-001,M2M_CATALOG,2020-12-07T16:24Z,S23W11,12790.0,2020-12-07,7T16,,,,,,,,,,,,,
2020-12-07T18:36:00-CME-001,M2M_CATALOG,2020-12-07T18:36Z,S40W30,,2020-12-07,7T18,,,,,,,,,,,,,
2020-12-17T06:48:00-CME-001,M2M_CATALOG,2020-12-17T06:48Z,,,2020-12-17,7T06,,,,,,,,,,,,,
2020-12-27T00:48:00-CME-001,M2M_CATALOG,2020-12-27T00:48Z,,,2020-12-27,7T00,,,,,,,,,,,,,
2020-12-30T02:24:00-CME-001,M2M_CATALOG,2020-12-30T02:24Z,S20E08,12795.0,2020-12-30,0T02,,,,,,,,,,,,,
2020-10-10T04:24:00-CME-001,M2M_CATALOG,2020-10-10T04:24Z,,,2020-10-10,0T04,,,,,,,,,,,,,
2020-10-13T21:12:00-CME-001,M2M_CATALOG,2020-10-13T21:12Z,S23W37,12775.0,2020-10-13,3T21,,,,,,,,,,,,,
2020-10-14T03:24:00-CME-001,M2M_CATALOG,2020-10-14T03:24Z,,,2020-10-14,4T03,,,,,,,,,,,,,
2020-10-15T11:24:00-CME-001,M2M_CATALOG,2020-10-15T11:24Z,,,2020-10-15,5T11,,,,,,,,,,,,,
2020-10-15T16:36:00-CME-001,M2M_CATALOG,2020-10-15T16:36Z,,,2020-10-15,5T16,,,,,,,,,,,,,
2020-10-16T13:36:00-CME-001,M2M_CATALOG,2020-10-16T13:36Z,,12774.0,2020-10-16,6T13,,,,,,,,,,,,,
2020-10-16T16:03:00-CME-001,M2M_CATALOG,2020-10-16T16:03Z,S23W66,12775.0,2020-10-16,6T16,,,,,,,,,,,,,
2020-10-18T09:24:00-CME-001,M2M_CATALOG,2020-10-18T09:24Z,,,2020-10-18,8T09,,,,,,,,,,,,,
2020-10-22T13:09:00-CME-001,M2M_CATALOG,2020-10-22T13:09Z,,,2020-10-22,2T13,,,,,,,,,,,,,
2020-11-02T05:24:00-CME-001,M2M_CATALOG,2020-11-02T05:24Z,,,2020-11-02,2T05,,,,,,,,,,,,,
2020-11-07T13:24:00-CME-001,M2M_CATALOG,2020-11-07T13:24Z,N19W01,12780.0,2020-11-07,7T13,,,,,,,,,,,,,
2020-11-08T20:12:00-CME-001,M2M_CATALOG,2020-11-08T20:12Z,,,2020-11-08,8T20,,,,,,,,,,,,,
2020-11-11T19:36:00-CME-001,M2M_CATALOG,2020-11-11T19:36Z,S22E60,12782.0,2020-11-11,1T19,,,,,,,,,,,,,
2020-11-21T19:36:00-CME-001,M2M_CATALOG,2020-11-21T19:36Z,,,2020-11-21,1T19,,,,,,,,,,,,,
2020-12-11T19:09:00-CME-001,M2M_CATALOG,2020-12-11T19:09Z,,12791.0,2020-12-11,1T19,,,,,,,,,,,,,
2020-11-12T02:24:00-CME-001,M2M_CATALOG,2020-11-12T02:24Z,,,2020-11-12,2T02,,,,,,,,,,,,,
2020-11-13T12:24:00-CME-001,M2M_CATALOG,2020-11-13T12:24Z,,,2020-11-13,3T12,,,,,,,,,,,,,
2020-11-17T08:36:00-CME-001,M2M_CATALOG,2020-11-17T08:36Z,,,2020-11-17,7T08,,,,,,,,,,,,,
2020-11-17T19:00:00-CME-001,M2M_CATALOG,2020-11-17T19:00Z,,,2020-11-17,7T19,,,,,,,,,,,,,
2020-11-18T21:48:00-CME-001,M2M_CATALOG,2020-11-18T21:48Z,S20E138,,2020-11-18,8T21,,,,,,,,,,,,,
2020-11-19T02:54:00-CME-001,M2M_CATALOG,2020-11-19T02:54Z,,,2020-11-19,9T02,,,,,,,,,,,,,
2020-11-27T05:48:00-CME-001,M2M_CATALOG,2020-11-27T05:48Z,,,2020-11-27,7T05,,,,,,,,,,,,,
2020-11-29T13:24:00-CME-001,M2M_CATALOG,2020-11-29T13:24Z,S23E97,,2020-11-29,9T13,,,,,,,,,,,,,
2020-11-30T07:09:00-CME-001,M2M_CATALOG,2020-11-30T07:09Z,,,2020-11-30,0T07,,,,,,,,,,,,,
2020-12-01T05:48:00-CME-001,M2M_CATALOG,2020-12-01T05:48Z,S25E80,12790.0,2020-12-01,1T05,,,,,,,,,,,,,
2020-12-01T07:12:00-CME-001,M2M_CATALOG,2020-12-01T07:12Z,N35E30,12787.0,2020-12-01,1T07,,,,,,,,,,,,,
2020-12-03T11:12:00-CME-001,M2M_CATALOG,2020-12-03T11:12Z,S30E137,,2020-12-03,3T11,,,,,,,,,,,,,
2020-12-04T02:48:00-CME-001,M2M_CATALOG,2020-12-04T02:48Z,,,2020-12-04,4T02,,,,,,,,,,,,,
2020-12-06T22:00:00-CME-001,M2M_CATALOG,2020-12-06T22:00Z,,,2020-12-06,6T22,,,,,,,,,,,,,
2020-12-07T16:24:00-CME-001,M2M_CATALOG,2020-12-07T16:24Z,S23W11,12790.0,2020-12-07,7T16,,,,,,,,,,,,,
2020-12-07T18:36:00-CME-001,M2M_CATALOG,2020-12-07T18:36Z,S40W30,,2020-12-07,7T18,,,,,,,,,,,,,
2020-12-17T06:48:00-CME-001,M2M_CATALOG,2020-12-17T06:48Z,,,2020-12-17,7T06,,,,,,,,,,,,,
2020-12-27T00:48:00-CME-001,M2M_CATALOG,2020-12-27T00:48Z,,,2020-12-27,7T00,,,,,,,,,,,,,
2020-12-30T02:24:00-CME-001,M2M_CATALOG,2020-12-30T02:24Z,S20E08,12795.0,2020-12-30,0T02,,,,,,,,,,,,,
2020-10-23T04:39:00-CME-001,M2M_CATALOG,2020-10-23T04:39Z,,,2020-10-23,3T04,,,,,,,,,,,,,
2020-10-23T22:35:00-CME-001,M2M_CATALOG,2020-10-23T22:35Z,,,2020-10-23,3T22,,,,,,,,,,,,,
2020-10-10T04:24:00-CME-001,M2M_CATALOG,2020-10-10T04:24Z,,,2020-10-10,0T04,,,,,,,,,,,,,
2020-10-13T21:12:00-CME-001,M2M_CATALOG,2020-10-13T21:12Z,S23W37,12775.0,2020-10-13,3T21,,,,,,,,,,,,,
2020-10-14T03:24:00-CME-001,M2M_CATALOG,2020-10-14T03:24Z,,,2020-10-14,4T03,,,,,,,,,,,,,
2020-10-15T11:24:00-CME-001,M2M_CATALOG,2020-10-15T11:24Z,,,2020-10-15,5T11,,,,,,,,,,,,,
2020-10-15T16:36:00-CME-001,M2M_CATALOG,2020-10-15T16:36Z,,,2020-10-15,5T16,,,,,,,,,,,,,
2020-10-16T13:36:00-CME-001,M2M_CATALOG,2020-10-16T13:36Z,,12774.0,2020-10-16,6T13,,,,,,,,,,,,,
2020-10-16T16:03:00-CME-001,M2M_CATALOG,2020-10-16T16:03Z,S23W66,12775.0,2020-10-16,6T16,,,,,,,,,,,,,
2020-10-18T09:24:00-CME-001,M2M_CATALOG,2020-10-18T09:24Z,,,2020-10-18,8T09,,,,,,,,,,,,,
2020-10-22T13:09:00-CME-001,M2M_CATALOG,2020-10-22T13:09Z,,,2020-10-22,2T13,,,,,,,,,,,,,
2020-10-23T04:39:00-CME-001,M2M_CATALOG,2020-10-23T04:39Z,,,2020-10-23,3T04,,,,,,,,,,,,,
2020-10-23T22:35:00-CME-001,M2M_CATALOG,2020-10-23T22:35Z,,,2020-10-23,3T22,,,,,,,,,,,,,
2020-10-26T09:12:00-CME-001,M2M_CATALOG,2020-10-26T09:12Z,,,2020-10-26,6T09,,,,,,,,,,,,,
2020-10-26T18:09:00-CME-001,M2M_CATALOG,2020-10-26T18:09Z,,,2020-10-26,6T18,,,,,,,,,,,,,
2020-10-27T03:39:00-CME-001,M2M_CATALOG,2020-10-27T03:39Z,,,2020-10-27,7T03,,,,,,,,,,,,,
2020-10-28T13:42:00-CME-001,M2M_CATALOG,2020-10-28T13:42Z,,,2020-10-28,8T13,,,,,,,,,,,,,
2020-11-18T13:24:00-CME-001,M2M_CATALOG,2020-11-18T13:24Z,,,2020-11-18,8T13,,,,,,,,,,,,,
2020-11-18T13:36:00-CME-001,M2M_CATALOG,2020-11-18T13:36Z,,,2020-11-18,8T13,,,,,,,,,,,,,
2020-10-29T01:54:00-CME-001,M2M_CATALOG,2020-10-29T01:54Z,S19W28,12779.0,2020-10-29,9T01,,,,,,,,,,,,,
2020-10-31T00:12:00-CME-001,M2M_CATALOG,2020-10-31T00:12Z,,,2020-10-31,1T00,,,,,,,,,,,,,
2020-12-11T00:36:00-CME-001,M2M_CATALOG,2020-12-11T00:36Z,,,2020-12-11,1T00,,,,,,,,,,,,,
2020-11-01T20:00:00-CME-001,M2M_CATALOG,2020-11-01T20:00Z,,,2020-11-01,1T20,,,,,,,,,,,,,
2020-11-02T05:24:00-CME-001,M2M_CATALOG,2020-11-02T05:24Z,,,2020-11-02,2T05,,,,,,,,,,,,,
2020-11-07T13:24:00-CME-001,M2M_CATALOG,2020-11-07T13:24Z,N19W01,12780.0,2020-11-07,7T13,,,,,,,,,,,,,
2020-11-08T20:12:00-CME-001,M2M_CATALOG,2020-11-08T20:12Z,,,2020-11-08,8T20,,,,,,,,,,,,,
2020-11-11T19:36:00-CME-001,M2M_CATALOG,2020-11-11T19:36Z,S22E60,12782.0,2020-11-11,1T19,,,,,,,,,,,,,
2020-11-21T19:36:00-CME-001,M2M_CATALOG,2020-11-21T19:36Z,,,2020-11-21,1T19,,,,,,,,,,,,,
2020-12-11T19:09:00-CME-001,M2M_CATALOG,2020-12-11T19:09Z,,12791.0,2020-12-11,1T19,,,,,,,,,,,,,
2020-11-12T02:24:00-CME-001,M2M_CATALOG,2020-11-12T02:24Z,,,2020-11-12,2T02,,,,,,,,,,,,,
2020-11-13T12:24:00-CME-001,M2M_CATALOG,2020-11-13T12:24Z,,,2020-11-13,3T12,,,,,,,,,,,,,
2020-11-17T08:36:00-CME-001,M2M_CATALOG,2020-11-17T08:36Z,,,2020-11-17,7T08,,,,,,,,,,,,,
2020-11-17T19:00:00-CME-001,M2M_CATALOG,2020-11-17T19:00Z,,,2020-11-17,7T19,,,,,,,,,,,,,
2020-10-28T13:42:00-CME-001,M2M_CATALOG,2020-10-28T13:42Z,,,2020-10-28,8T13,,,,,,,,,,,,,
2020-11-18T13:24:00-CME-001,M2M_CATALOG,2020-11-18T13:24Z,,,2020-11-18,8T13,,,,,,,,,,,,,
2020-11-18T13:36:00-CME-001,M2M_CATALOG,2020-11-18T13:36Z,,,2020-11-18,8T13,,,,,,,,,,,,,
2020-10-28T13:42:00-CME-001,M2M_CATALOG,2020-10-28T13:42Z,,,2020-10-28,8T13,,,,,,,,,,,,,
2020-11-18T13:24:00-CME-001,M2M_CATALOG,2020-11-18T13:24Z,,,2020-11-18,8T13,,,,,,,,,,,,,
2020-11-18T13:36:00-CME-001,M2M_CATALOG,2020-11-18T13:36Z,,,2020-11-18,8T13,,,,,,,,,,,,,
2020-11-18T21:48:00-CME-001,M2M_CATALOG,2020-11-18T21:48Z,S20E138,,2020-11-18,8T21,,,,,,,,,,,,,
2020-11-19T02:54:00-CME-001,M2M_CATALOG,2020-11-19T02:54Z,,,2020-11-19,9T02,,,,,,,,,,,,,
2020-11-19T03:12:00-CME-001,M2M_CATALOG,2020-11-19T03:12Z,N30E40,,2020-11-19,9T03,,,,,,,,,,,,,
2020-11-19T06:48:00-CME-001,M2M_CATALOG,2020-11-19T06:48Z,S23E49,,2020-11-19,9T06,,,,,,,,,,,,,
2020-11-19T15:12:00-CME-001,M2M_CATALOG,2020-11-19T15:12Z,,,2020-11-19,9T15,,,,,,,,,,,,,
2020-11-29T15:05:00-CME-001,M2M_CATALOG,2020-11-29T15:05Z,,12783.0,2020-11-29,9T15,,,,,,,,,,,,,
2020-11-20T19:51:00-CME-001,M2M_CATALOG,2020-11-20T19:51Z,,12783.0,2020-11-20,0T19,,,,,,,,,,,,,
2020-11-20T21:12:00-CME-001,M2M_CATALOG,2020-11-20T21:12Z,,,2020-11-20,0T21,,,,,,,,,,,,,
2020-11-11T19:36:00-CME-001,M2M_CATALOG,2020-11-11T19:36Z,S22E60,12782.0,2020-11-11,1T19,,,,,,,,,,,,,
2020-11-21T19:36:00-CME-001,M2M_CATALOG,2020-11-21T19:36Z,,,2020-11-21,1T19,,,,,,,,,,,,,
2020-12-11T19:09:00-CME-001,M2M_CATALOG,2020-12-11T19:09Z,,12791.0,2020-12-11,1T19,,,,,,,,,,,,,
2020-11-21T23:12:00-CME-001,M2M_CATALOG,2020-11-21T23:12Z,,,2020-11-21,1T23,,,,,,,,,,,,,
2020-11-22T01:36:00-CME-001,M2M_CATALOG,2020-11-22T01:36Z,,,2020-11-22,2T01,,,,,,,,,,,,,
2020-11-23T18:48:00-CME-001,M2M_CATALOG,2020-11-23T18:48Z,,,2020-11-23,3T18,,,,,,,,,,,,,
2020-11-24T04:36:00-CME-001,M2M_CATALOG,2020-11-24T04:36Z,S20E65,12785.0,2020-11-24,4T04,,,,,,,,,,,,,
2020-11-24T11:24:00-CME-001,M2M_CATALOG,2020-11-24T11:24Z,,,2020-11-24,4T11,,,,,,,,,,,,,
2020-12-04T11:09:00-CME-001,M2M_CATALOG,2020-12-04T11:09Z,,,2020-12-04,4T11,,,,,,,,,,,,,
2020-11-24T13:24:00-CME-001,M2M_CATALOG,2020-11-24T13:24Z,,,2020-11-24,4T13,,,,,,,,,,,,,
2020-11-26T08:24:00-CME-001,M2M_CATALOG,2020-11-26T08:24Z,,,2020-11-26,6T08,,,,,,,,,,,,,
2020-11-26T21:24:00-CME-001,M2M_CATALOG,2020-11-26T21:24Z,N32E90,12787.0,2020-11-26,6T21,,,,,,,,,,,,,
2020-11-27T05:48:00-CME-001,M2M_CATALOG,2020-11-27T05:48Z,,,2020-11-27,7T05,,,,,,,,,,,,,
2020-11-29T13:24:00-CME-001,M2M_CATALOG,2020-11-29T13:24Z,S23E97,,2020-11-29,9T13,,,,,,,,,,,,,
2020-11-19T15:12:00-CME-001,M2M_CATALOG,2020-11-19T15:12Z,,,2020-11-19,9T15,,,,,,,,,,,,,
2020-11-29T15:05:00-CME-001,M2M_CATALOG,2020-11-29T15:05Z,,12783.0,2020-11-29,9T15,,,,,,,,,,,,,
2020-11-30T07:09:00-CME-001,M2M_CATALOG,2020-11-30T07:09Z,,,2020-11-30,0T07,,,,,,,,,,,,,
2020-12-01T05:48:00-CME-001,M2M_CATALOG,2020-12-01T05:48Z,S25E80,12790.0,2020-12-01,1T05,,,,,,,,,,,,,
2020-12-01T07:12:00-CME-001,M2M_CATALOG,2020-12-01T07:12Z,N35E30,12787.0,2020-12-01,1T07,,,,,,,,,,,,,
2020-12-03T11:12:00-CME-001,M2M_CATALOG,2020-12-03T11:12Z,S30E137,,2020-12-03,3T11,,,,,,,,,,,,,
2020-12-04T02:48:00-CME-001,M2M_CATALOG,2020-12-04T02:48Z,,,2020-12-04,4T02,,,,,,,,,,,,,
2020-11-24T11:24:00-CME-001,M2M_CATALOG,2020-11-24T11:24Z,,,2020-11-24,4T11,,,,,,,,,,,,,
2020-12-04T11:09:00-CME-001,M2M_CATALOG,2020-12-04T11:09Z,,,2020-12-04,4T11,,,,,,,,,,,,,
2020-12-06T22:00:00-CME-001,M2M_CATALOG,2020-12-06T22:00Z,,,2020-12-06,6T22,,,,,,,,,,,,,
2020-12-07T16:24:00-CME-001,M2M_CATALOG,2020-12-07T16:24Z,S23W11,12790.0,2020-12-07,7T16,,,,,,,,,,,,,
2020-12-07T18:36:00-CME-001,M2M_CATALOG,2020-12-07T18:36Z,S40W30,,2020-12-07,7T18,,,,,,,,,,,,,
2020-10-31T00:12:00-CME-001,M2M_CATALOG,2020-10-31T00:12Z,,,2020-10-31,1T00,,,,,,,,,,,,,
2020-12-11T00:36:00-CME-001,M2M_CATALOG,2020-12-11T00:36Z,,,2020-12-11,1T00,,,,,,,,,,,,,
2020-11-11T19:36:00-CME-001,M2M_CATALOG,2020-11-11T19:36Z,S22E60,12782.0,2020-11-11,1T19,,,,,,,,,,,,,
2020-11-21T19:36:00-CME-001,M2M_CATALOG,2020-11-21T19:36Z,,,2020-11-21,1T19,,,,,,,,,,,,,
2020-12-11T19:09:00-CME-001,M2M_CATALOG,2020-12-11T19:09Z,,12791.0,2020-12-11,1T19,,,,,,,,,,,,,
2020-12-12T04:12:00-CME-001,M2M_CATALOG,2020-12-12T04:12Z,,,2020-12-12,2T04,,,,,,,,,,,,,
2020-12-13T09:24:00-CME-001,M2M_CATALOG,2020-12-13T09:24Z,,,2020-12-13,3T09,,,,,,,,,,,,,
2020-12-14T15:12:00-CME-001,M2M_CATALOG,2020-12-14T15:12Z,S22E44,12792.0,2020-12-14,4T15,,,,,,,,,,,,,
2020-12-14T21:12:00-CME-001,M2M_CATALOG,2020-12-14T21:12Z,N40E110,,2020-12-14,4T21,,,,,,,,,,,,,
2020-12-17T06:48:00-CME-001,M2M_CATALOG,2020-12-17T06:48Z,,,2020-12-17,7T06,,,,,,,,,,,,,
2020-12-27T00:48:00-CME-001,M2M_CATALOG,2020-12-27T00:48Z,,,2020-12-27,7T00,,,,,,,,,,,,,
2020-12-30T02:24:00-CME-001,M2M_CATALOG,2020-12-30T02:24Z,S20E08,12795.0,2020-12-30,0T02,,,,,,,,,,,,,
2020-10-10T04:24:00-CME-001,M2M_CATALOG,2020-10-10T04:24Z,,,2020-10-10,0T04,,,,,,,,,,,,,
2020-10-13T21:12:00-CME-001,M2M_CATALOG,2020-10-13T21:12Z,S23W37,12775.0,2020-10-13,3T21,,,,,,,,,,,,,
2020-10-14T03:24:00-CME-001,M2M_CATALOG,2020-10-14T03:24Z,,,2020-10-14,4T03,,,,,,,,,,,,,
2020-10-15T11:24:00-CME-001,M2M_CATALOG,2020-10-15T11:24Z,,,2020-10-15,5T11,,,,,,,,,,,,,
2020-10-15T16:36:00-CME-001,M2M_CATALOG,2020-10-15T16:36Z,,,2020-10-15,5T16,,,,,,,,,,,,,
2020-10-16T13:36:00-CME-001,M2M_CATALOG,2020-10-16T13:36Z,,12774.0,2020-10-16,6T13,,,,,,,,,,,,,
2020-10-16T16:03:00-CME-001,M2M_CATALOG,2020-10-16T16:03Z,S23W66,12775.0,2020-10-16,6T16,,,,,,,,,,,,,
2020-10-18T09:24:00-CME-001,M2M_CATALOG,2020-10-18T09:24Z,,,2020-10-18,8T09,,,,,,,,,,,,,
2020-10-22T13:09:00-CME-001,M2M_CATALOG,2020-10-22T13:09Z,,,2020-10-22,2T13,,,,,,,,,,,,,
2020-10-23T04:39:00-CME-001,M2M_CATALOG,2020-10-23T04:39Z,,,2020-10-23,3T04,,,,,,,,,,,,,
2020-10-23T22:35:00-CME-001,M2M_CATALOG,2020-10-23T22:35Z,,,2020-10-23,3T22,,,,,,,,,,,,,
2020-10-26T09:12:00-CME-001,M2M_CATALOG,2020-10-26T09:12Z,,,2020-10-26,6T09,,,,,,,,,,,,,
2020-10-26T18:09:00-CME-001,M2M_CATALOG,2020-10-26T18:09Z,,,2020-10-26,6T18,,,,,,,,,,,,,
2020-10-27T03:39:00-CME-001,M2M_CATALOG,2020-10-27T03:39Z,,,2020-10-27,7T03,,,,,,,,,,,,,
2020-10-28T13:42:00-CME-001,M2M_CATALOG,2020-10-28T13:42Z,,,2020-10-28,8T13,,,,,,,,,,,,,
2020-11-18T13:24:00-CME-001,M2M_CATALOG,2020-11-18T13:24Z,,,2020-11-18,8T13,,,,,,,,,,,,,
2020-11-18T13:36:00-CME-001,M2M_CATALOG,2020-11-18T13:36Z,,,2020-11-18,8T13,,,,,,,,,,,,,
2020-10-29T01:54:00-CME-001,M2M_CATALOG,2020-10-29T01:54Z,S19W28,12779.0,2020-10-29,9T01,,,,,,,,,,,,,
2020-10-31T00:12:00-CME-001,M2M_CATALOG,2020-10-31T00:12Z,,,2020-10-31,1T00,,,,,,,,,,,,,
2020-12-11T00:36:00-CME-001,M2M_CATALOG,2020-12-11T00:36Z,,,2020-12-11,1T00,,,,,,,,,,,,,
2020-11-01T20:00:00-CME-001,M2M_CATALOG,2020-11-01T20:00Z,,,2020-11-01,1T20,,,,,,,,,,,,,
2020-11-02T05:24:00-CME-001,M2M_CATALOG,2020-11-02T05:24Z,,,2020-11-02,2T05,,,,,,,,,,,,,
2020-11-07T13:24:00-CME-001,M2M_CATALOG,2020-11-07T13:24Z,N19W01,12780.0,2020-11-07,7T13,,,,,,,,,,,,,
2020-11-08T20:12:00-CME-001,M2M_CATALOG,2020-11-08T20:12Z,,,2020-11-08,8T20,,,,,,,,,,,,,
2020-11-11T19:36:00-CME-001,M2M_CATALOG,2020-11-11T19:36Z,S22E60,12782.0,2020-11-11,1T19,,,,,,,,,,,,,
2020-11-21T19:36:00-CME-001,M2M_CATALOG,2020-11-21T19:36Z,,,2020-11-21,1T19,,,,,,,,,,,,,
2020-12-11T19:09:00-CME-001,M2M_CATALOG,2020-12-11T19:09Z,,12791.0,2020-12-11,1T19,,,,,,,,,,,,,
2020-11-12T02:24:00-CME-001,M2M_CATALOG,2020-11-12T02:24Z,,,2020-11-12,2T02,,,,,,,,,,,,,
2020-11-13T12:24:00-CME-001,M2M_CATALOG,2020-11-13T12:24Z,,,2020-11-13,3T12,,,,,,,,,,,,,
2020-11-17T08:36:00-CME-001,M2M_CATALOG,2020-11-17T08:36Z,,,2020-11-17,7T08,,,,,,,,,,,,,
2020-11-17T19:00:00-CME-001,M2M_CATALOG,2020-11-17T19:00Z,,,2020-11-17,7T19,,,,,,,,,,,,,
2020-10-28T13:42:00-CME-001,M2M_CATALOG,2020-10-28T13:42Z,,,2020-10-28,8T13,,,,,,,,,,,,,
2020-11-18T13:24:00-CME-001,M2M_CATALOG,2020-11-18T13:24Z,,,2020-11-18,8T13,,,,,,,,,,,,,
2020-11-18T13:36:00-CME-001,M2M_CATALOG,2020-11-18T13:36Z,,,2020-11-18,8T13,,,,,,,,,,,,,
2020-10-28T13:42:00-CME-001,M2M_CATALOG,2020-10-28T13:42Z,,,2020-10-28,8T13,,,,,,,,,,,,,
2020-11-18T13:24:00-CME-001,M2M_CATALOG,2020-11-18T13:24Z,,,2020-11-18,8T13,,,,,,,,,,,,,
2020-11-18T13:36:00-CME-001,M2M_CATALOG,2020-11-18T13:36Z,,,2020-11-18,8T13,,,,,,,,,,,,,
2020-11-18T21:48:00-CME-001,M2M_CATALOG,2020-11-18T21:48Z,S20E138,,2020-11-18,8T21,,,,,,,,,,,,,
2020-11-19T02:54:00-CME-001,M2M_CATALOG,2020-11-19T02:54Z,,,2020-11-19,9T02,,,,,,,,,,,,,
2020-11-19T03:12:00-CME-001,M2M_CATALOG,2020-11-19T03:12Z,N30E40,,2020-11-19,9T03,,,,,,,,,,,,,
2020-11-19T06:48:00-CME-001,M2M_CATALOG,2020-11-19T06:48Z,S23E49,,2020-11-19,9T06,,,,,,,,,,,,,
2020-11-19T15:12:00-CME-001,M2M_CATALOG,2020-11-19T15:12Z,,,2020-11-19,9T15,,,,,,,,,,,,,
2020-11-29T15:05:00-CME-001,M2M_CATALOG,2020-11-29T15:05Z,,12783.0,2020-11-29,9T15,,,,,,,,,,,,,
2020-11-20T19:51:00-CME-001,M2M_CATALOG,2020-11-20T19:51Z,,12783.0,2020-11-20,0T19,,,,,,,,,,,,,
2020-10-10T04:24:00-CME-001,M2M_CATALOG,2020-10-10T04:24Z,,,2020-10-10,0T04,,,,,,,,,,,,,
2020-10-13T21:12:00-CME-001,M2M_CATALOG,2020-10-13T21:12Z,S23W37,12775.0,2020-10-13,3T21,,,,,,,,,,,,,
2020-10-14T03:24:00-CME-001,M2M_CATALOG,2020-10-14T03:24Z,,,2020-10-14,4T03,,,,,,,,,,,,,
2020-10-15T11:24:00-CME-001,M2M_CATALOG,2020-10-15T11:24Z,,,2020-10-15,5T11,,,,,,,,,,,,,
2020-10-15T16:36:00-CME-001,M2M_CATALOG,2020-10-15T16:36Z,,,2020-10-15,5T16,,,,,,,,,,,,,
2020-10-16T13:36:00-CME-001,M2M_CATALOG,2020-10-16T13:36Z,,12774.0,2020-10-16,6T13,,,,,,,,,,,,,
2020-10-16T16:03:00-CME-001,M2M_CATALOG,2020-10-16T16:03Z,S23W66,12775.0,2020-10-16,6T16,,,,,,,,,,,,,
2020-10-18T09:24:00-CME-001,M2M_CATALOG,2020-10-18T09:24Z,,,2020-10-18,8T09,,,,,,,,,,,,,
2020-10-22T13:09:00-CME-001,M2M_CATALOG,2020-10-22T13:09Z,,,2020-10-22,2T13,,,,,,,,,,,,,
2020-10-23T04:39:00-CME-001,M2M_CATALOG,2020-10-23T04:39Z,,,2020-10-23,3T04,,,,,,,,,,,,,
2020-10-23T22:35:00-CME-001,M2M_CATALOG,2020-10-23T22:35Z,,,2020-10-23,3T22,,,,,,,,,,,,,
2020-10-26T09:12:00-CME-001,M2M_CATALOG,2020-10-26T09:12Z,,,2020-10-26,6T09,,,,,,,,,,,,,
2020-10-26T18:09:00-CME-001,M2M_CATALOG,2020-10-26T18:09Z,,,2020-10-26,6T18,,,,,,,,,,,,,
2020-10-27T03:39:00-CME-001,M2M_CATALOG,2020-10-27T03:39Z,,,2020-10-27,7T03,,,,,,,,,,,,,
2020-10-28T13:42:00-CME-001,M2M_CATALOG,2020-10-28T13:42Z,,,2020-10-28,8T13,,,,,,,,,,,,,
2020-11-18T13:24:00-CME-001,M2M_CATALOG,2020-11-18T13:24Z,,,2020-11-18,8T13,,,,,,,,,,,,,
2020-11-18T13:36:00-CME-001,M2M_CATALOG,2020-11-18T13:36Z,,,2020-11-18,8T13,,,,,,,,,,,,,
2020-10-29T01:54:00-CME-001,M2M_CATALOG,2020-10-29T01:54Z,S19W28,12779.0,2020-10-29,9T01,,,,,,,,,,,,,
2020-10-31T00:12:00-CME-001,M2M_CATALOG,2020-10-31T00:12Z,,,2020-10-31,1T00,,,,,,,,,,,,,
2020-12-11T00:36:00-CME-001,M2M_CATALOG,2020-12-11T00:36Z,,,2020-12-11,1T00,,,,,,,,,,,,,
2020-11-01T20:00:00-CME-001,M2M_CATALOG,2020-11-01T20:00Z,,,2020-11-01,1T20,,,,,,,,,,,,,
2020-11-02T05:24:00-CME-001,M2M_CATALOG,2020-11-02T05:24Z,,,2020-11-02,2T05,,,,,,,,,,,,,
2020-11-07T13:24:00-CME-001,M2M_CATALOG,2020-11-07T13:24Z,N19W01,12780.0,2020-11-07,7T13,,,,,,,,,,,,,
2020-11-08T20:12:00-CME-001,M2M_CATALOG,2020-11-08T20:12Z,,,2020-11-08,8T20,,,,,,,,,,,,,
2020-11-11T19:36:00-CME-001,M2M_CATALOG,2020-11-11T19:36Z,S22E60,12782.0,2020-11-11,1T19,,,,,,,,,,,,,
2020-11-21T19:36:00-CME-001,M2M_CATALOG,2020-11-21T19:36Z,,,2020-11-21,1T19,,,,,,,,,,,,,
2020-12-11T19:09:00-CME-001,M2M_CATALOG,2020-12-11T19:09Z,,12791.0,2020-12-11,1T19,,,,,,,,,,,,,
2020-11-12T02:24:00-CME-001,M2M_CATALOG,2020-11-12T02:24Z,,,2020-11-12,2T02,,,,,,,,,,,,,
2020-11-13T12:24:00-CME-001,M2M_CATALOG,2020-11-13T12:24Z,,,2020-11-13,3T12,,,,,,,,,,,,,
2020-11-17T08:36:00-CME-001,M2M_CATALOG,2020-11-17T08:36Z,,,2020-11-17,7T08,,,,,,,,,,,,,
2020-11-17T19:00:00-CME-001,M2M_CATALOG,2020-11-17T19:00Z,,,2020-11-17,7T19,,,,,,,,,,,,,
2020-10-28T13:42:00-CME-001,M2M_CATALOG,2020-10-28T13:42Z,,,2020-10-28,8T13,,,,,,,,,,,,,
2020-11-18T13:24:00-CME-001,M2M_CATALOG,2020-11-18T13:24Z,,,2020-11-18,8T13,,,,,,,,,,,,,
2020-11-18T13:36:00-CME-001,M2M_CATALOG,2020-11-18T13:36Z,,,2020-11-18,8T13,,,,,,,,,,,,,
2020-10-28T13:42:00-CME-001,M2M_CATALOG,2020-10-28T13:42Z,,,2020-10-28,8T13,,,,,,,,,,,,,
2020-11-18T13:24:00-CME-001,M2M_CATALOG,2020-11-18T13:24Z,,,2020-11-18,8T13,,,,,,,,,,,,,
2020-11-18T13:36:00-CME-001,M2M_CATALOG,2020-11-18T13:36Z,,,2020-11-18,8T13,,,,,,,,,,,,,
2020-11-18T21:48:00-CME-001,M2M_CATALOG,2020-11-18T21:48Z,S20E138,,2020-11-18,8T21,,,,,,,,,,,,,
2020-11-19T02:54:00-CME-001,M2M_CATALOG,2020-11-19T02:54Z,,,2020-11-19,9T02,,,,,,,,,,,,,
2020-11-19T03:12:00-CME-001,M2M_CATALOG,2020-11-19T03:12Z,N30E40,,2020-11-19,9T03,,,,,,,,,,,,,
2020-11-19T06:48:00-CME-001,M2M_CATALOG,2020-11-19T06:48Z,S23E49,,2020-11-19,9T06,,,,,,,,,,,,,
2020-11-19T15:12:00-CME-001,M2M_CATALOG,2020-11-19T15:12Z,,,2020-11-19,9T15,,,,,,,,,,,,,
2020-11-29T15:05:00-CME-001,M2M_CATALOG,2020-11-29T15:05Z,,12783.0,2020-11-29,9T15,,,,,,,,,,,,,
2020-11-20T19:51:00-CME-001,M2M_CATALOG,2020-11-20T19:51Z,,12783.0,2020-11-20,0T19,,,,,,,,,,,,,
2020-11-20T21:12:00-CME-001,M2M_CATALOG,2020-11-20T21:12Z,,,2020-11-20,0T21,,,,,,,,,,,,,
2020-11-11T19:36:00-CME-001,M2M_CATALOG,2020-11-11T19:36Z,S22E60,12782.0,2020-11-11,1T19,,,,,,,,,,,,,
2020-11-21T19:36:00-CME-001,M2M_CATALOG,2020-11-21T19:36Z,,,2020-11-21,1T19,,,,,,,,,,,,,
2020-12-11T19:09:00-CME-001,M2M_CATALOG,2020-12-11T19:09Z,,12791.0,2020-12-11,1T19,,,,,,,,,,,,,
2020-11-21T23:12:00-CME-001,M2M_CATALOG,2020-11-21T23:12Z,,,2020-11-21,1T23,,,,,,,,,,,,,
2020-11-22T01:36:00-CME-001,M2M_CATALOG,2020-11-22T01:36Z,,,2020-11-22,2T01,,,,,,,,,,,,,
2020-11-23T18:48:00-CME-001,M2M_CATALOG,2020-11-23T18:48Z,,,2020-11-23,3T18,,,,,,,,,,,,,
2020-11-24T04:36:00-CME-001,M2M_CATALOG,2020-11-24T04:36Z,S20E65,12785.0,2020-11-24,4T04,,,,,,,,,,,,,
2020-11-24T11:24:00-CME-001,M2M_CATALOG,2020-11-24T11:24Z,,,2020-11-24,4T11,,,,,,,,,,,,,
2020-12-04T11:09:00-CME-001,M2M_CATALOG,2020-12-04T11:09Z,,,2020-12-04,4T11,,,,,,,,,,,,,
2020-11-24T13:24:00-CME-001,M2M_CATALOG,2020-11-24T13:24Z,,,2020-11-24,4T13,,,,,,,,,,,,,
2020-11-26T08:24:00-CME-001,M2M_CATALOG,2020-11-26T08:24Z,,,2020-11-26,6T08,,,,,,,,,,,,,
2020-11-26T21:24:00-CME-001,M2M_CATALOG,2020-11-26T21:24Z,N32E90,12787.0,2020-11-26,6T21,,,,,,,,,,,,,
2020-11-27T05:48:00-CME-001,M2M_CATALOG,2020-11-27T05:48Z,,,2020-11-27,7T05,,,,,,,,,,,,,
2020-11-29T13:24:00-CME-001,M2M_CATALOG,2020-11-29T13:24Z,S23E97,,2020-11-29,9T13,,,,,,,,,,,,,
2020-11-19T15:12:00-CME-001,M2M_CATALOG,2020-11-19T15:12Z,,,2020-11-19,9T15,,,,,,,,,,,,,
2020-11-29T15:05:00-CME-001,M2M_CATALOG,2020-11-29T15:05Z,,12783.0,2020-11-29,9T15,,,,,,,,,,,,,
2020-11-30T07:09:00-CME-001,M2M_CATALOG,2020-11-30T07:09Z,,,2020-11-30,0T07,,,,,,,,,,,,,
2020-12-01T05:48:00-CME-001,M2M_CATALOG,2020-12-01T05:48Z,S25E80,12790.0,2020-12-01,1T05,,,,,,,,,,,,,
2020-12-01T07:12:00-CME-001,M2M_CATALOG,2020-12-01T07:12Z,N35E30,12787.0,2020-12-01,1T07,,,,,,,,,,,,,
2020-12-03T11:12:00-CME-001,M2M_CATALOG,2020-12-03T11:12Z,S30E137,,2020-12-03,3T11,,,,,,,,,,,,,
2020-12-04T02:48:00-CME-001,M2M_CATALOG,2020-12-04T02:48Z,,,2020-12-04,4T02,,,,,,,,,,,,,
2020-11-24T11:24:00-CME-001,M2M_CATALOG,2020-11-24T11:24Z,,,2020-11-24,4T11,,,,,,,,,,,,,
2020-12-04T11:09:00-CME-001,M2M_CATALOG,2020-12-04T11:09Z,,,2020-12-04,4T11,,,,,,,,,,,,,
2020-12-06T22:00:00-CME-001,M2M_CATALOG,2020-12-06T22:00Z,,,2020-12-06,6T22,,,,,,,,,,,,,
2020-12-07T16:24:00-CME-001,M2M_CATALOG,2020-12-07T16:24Z,S23W11,12790.0,2020-12-07,7T16,,,,,,,,,,,,,
2020-12-07T18:36:00-CME-001,M2M_CATALOG,2020-12-07T18:36Z,S40W30,,2020-12-07,7T18,,,,,,,,,,,,,
2020-10-31T00:12:00-CME-001,M2M_CATALOG,2020-10-31T00:12Z,,,2020-10-31,1T00,,,,,,,,,,,,,
2020-12-11T00:36:00-CME-001,M2M_CATALOG,2020-12-11T00:36Z,,,2020-12-11,1T00,,,,,,,,,,,,,
2020-11-11T19:36:00-CME-001,M2M_CATALOG,2020-11-11T19:36Z,S22E60,12782.0,2020-11-11,1T19,,,,,,,,,,,,,
2020-11-21T19:36:00-CME-001,M2M_CATALOG,2020-11-21T19:36Z,,,2020-11-21,1T19,,,,,,,,,,,,,
2020-12-11T19:09:00-CME-001,M2M_CATALOG,2020-12-11T19:09Z,,12791.0,2020-12-11,1T19,,,,,,,,,,,,,
2020-12-12T04:12:00-CME-001,M2M_CATALOG,2020-12-12T04:12Z,,,2020-12-12,2T04,,,,,,,,,,,,,
2020-12-13T09:24:00-CME-001,M2M_CATALOG,2020-12-13T09:24Z,,,2020-12-13,3T09,,,,,,,,,,,,,
2020-12-14T15:12:00-CME-001,M2M_CATALOG,2020-12-14T15:12Z,S22E44,12792.0,2020-12-14,4T15,,,,,,,,,,,,,
2020-12-14T21:12:00-CME-001,M2M_CATALOG,2020-12-14T21:12Z,N40E110,,2020-12-14,4T21,,,,,,,,,,,,,
2020-12-17T06:48:00-CME-001,M2M_CATALOG,2020-12-17T06:48Z,,,2020-12-17,7T06,,,,,,,,,,,,,
2020-12-27T00:48:00-CME-001,M2M_CATALOG,2020-12-27T00:48Z,,,2020-12-27,7T00,,,,,,,,,,,,,
2020-12-30T02:24:00-CME-001,M2M_CATALOG,2020-12-30T02:24Z,S20E08,12795.0,2020-12-30,0T02,,,,,,,,,,,,,
2020-10-10T04:24:00-CME-001,M2M_CATALOG,2020-10-10T04:24Z,,,2020-10-10,0T04,,,,,,,,,,,,,
2020-10-13T21:12:00-CME-001,M2M_CATALOG,2020-10-13T21:12Z,S23W37,12775.0,2020-10-13,3T21,,,,,,,,,,,,,
2020-10-14T03:24:00-CME-001,M2M_CATALOG,2020-10-14T03:24Z,,,2020-10-14,4T03,,,,,,,,,,,,,
2020-10-15T11:24:00-CME-001,M2M_CATALOG,2020-10-15T11:24Z,,,2020-10-15,5T11,,,,,,,,,,,,,
2020-10-15T16:36:00-CME-001,M2M_CATALOG,2020-10-15T16:36Z,,,2020-10-15,5T16,,,,,,,,,,,,,
2020-10-16T13:36:00-CME-001,M2M_CATALOG,2020-10-16T13:36Z,,12774.0,2020-10-16,6T13,,,,,,,,,,,,,
2020-10-16T16:03:00-CME-001,M2M_CATALOG,2020-10-16T16:03Z,S23W66,12775.0,2020-10-16,6T16,,,,,,,,,,,,,
2020-10-18T09:24:00-CME-001,M2M_CATALOG,2020-10-18T09:24Z,,,2020-10-18,8T09,,,,,,,,,,,,,
2020-10-22T13:09:00-CME-001,M2M_CATALOG,2020-10-22T13:09Z,,,2020-10-22,2T13,,,,,,,,,,,,,
2020-10-23T04:39:00-CME-001,M2M_CATALOG,2020-10-23T04:39Z,,,2020-10-23,3T04,,,,,,,,,,,,,
2020-10-23T22:35:00-CME-001,M2M_CATALOG,2020-10-23T22:35Z,,,2020-10-23,3T22,,,,,,,,,,,,,
2020-10-26T09:12:00-CME-001,M2M_CATALOG,2020-10-26T09:12Z,,,2020-10-26,6T09,,,,,,,,,,,,,
2020-10-26T18:09:00-CME-001,M2M_CATALOG,2020-10-26T18:09Z,,,2020-10-26,6T18,,,,,,,,,,,,,
2020-10-27T03:39:00-CME-001,M2M_CATALOG,2020-10-27T03:39Z,,,2020-10-27,7T03,,,,,,,,,,,,,
2020-10-28T13:42:00-CME-001,M2M_CATALOG,2020-10-28T13:42Z,,,2020-10-28,8T13,,,,,,,,,,,,,
2020-11-18T13:24:00-CME-001,M2M_CATALOG,2020-11-18T13:24Z,,,2020-11-18,8T13,,,,,,,,,,,,,
2020-11-18T13:36:00-CME-001,M2M_CATALOG,2020-11-18T13:36Z,,,2020-11-18,8T13,,,,,,,,,,,,,
2020-10-29T01:54:00-CME-001,M2M_CATALOG,2020-10-29T01:54Z,S19W28,12779.0,2020-10-29,9T01,,,,,,,,,,,,,
2020-10-31T00:12:00-CME-001,M2M_CATALOG,2020-10-31T00:12Z,,,2020-10-31,1T00,,,,,,,,,,,,,
2020-12-11T00:36:00-CME-001,M2M_CATALOG,2020-12-11T00:36Z,,,2020-12-11,1T00,,,,,,,,,,,,,
2020-11-01T20:00:00-CME-001,M2M_CATALOG,2020-11-01T20:00Z,,,2020-11-01,1T20,,,,,,,,,,,,,
2020-11-02T05:24:00-CME-001,M2M_CATALOG,2020-11-02T05:24Z,,,2020-11-02,2T05,,,,,,,,,,,,,
2020-11-07T13:24:00-CME-001,M2M_CATALOG,2020-11-07T13:24Z,N19W01,12780.0,2020-11-07,7T13,,,,,,,,,,,,,
2020-11-08T20:12:00-CME-001,M2M_CATALOG,2020-11-08T20:12Z,,,2020-11-08,8T20,,,,,,,,,,,,,
2020-11-11T19:36:00-CME-001,M2M_CATALOG,2020-11-11T19:36Z,S22E60,12782.0,2020-11-11,1T19,,,,,,,,,,,,,
2020-11-21T19:36:00-CME-001,M2M_CATALOG,2020-11-21T19:36Z,,,2020-11-21,1T19,,,,,,,,,,,,,
2020-12-11T19:09:00-CME-001,M2M_CATALOG,2020-12-11T19:09Z,,12791.0,2020-12-11,1T19,,,,,,,,,,,,,
2020-11-12T02:24:00-CME-001,M2M_CATALOG,2020-11-12T02:24Z,,,2020-11-12,2T02,,,,,,,,,,,,,
2020-11-13T12:24:00-CME-001,M2M_CATALOG,2020-11-13T12:24Z,,,2020-11-13,3T12,,,,,,,,,,,,,
2020-11-17T08:36:00-CME-001,M2M_CATALOG,2020-11-17T08:36Z,,,2020-11-17,7T08,,,,,,,,,,,,,
2020-11-17T19:00:00-CME-001,M2M_CATALOG,2020-11-17T19:00Z,,,2020-11-17,7T19,,,,,,,,,,,,,
2020-10-28T13:42:00-CME-001,M2M_CATALOG,2020-10-28T13:42Z,,,2020-10-28,8T13,,,,,,,,,,,,,
2020-11-18T13:24:00-CME-001,M2M_CATALOG,2020-11-18T13:24Z,,,2020-11-18,8T13,,,,,,,,,,,,,
2020-11-18T13:36:00-CME-001,M2M_CATALOG,2020-11-18T13:36Z,,,2020-11-18,8T13,,,,,,,,,,,,,
2020-10-28T13:42:00-CME-001,M2M_CATALOG,2020-10-28T13:42Z,,,2020-10-28,8T13,,,,,,,,,,,,,
2020-11-18T13:24:00-CME-001,M2M_CATALOG,2020-11-18T13:24Z,,,2020-11-18,8T13,,,,,,,,,,,,,
2020-11-18T13:36:00-CME-001,M2M_CATALOG,2020-11-18T13:36Z,,,2020-11-18,8T13,,,,,,,,,,,,,
2020-11-18T21:48:00-CME-001,M2M_CATALOG,2020-11-18T21:48Z,S20E138,,2020-11-18,8T21,,,,,,,,,,,,,
2020-11-19T02:54:00-CME-001,M2M_CATALOG,2020-11-19T02:54Z,,,2020-11-19,9T02,,,,,,,,,,,,,
2020-11-19T03:12:00-CME-001,M2M_CATALOG,2020-11-19T03:12Z,N30E40,,2020-11-19,9T03,,,,,,,,,,,,,
2020-11-19T06:48:00-CME-001,M2M_CATALOG,2020-11-19T06:48Z,S23E49,,2020-11-19,9T06,,,,,,,,,,,,,
2020-11-19T15:12:00-CME-001,M2M_CATALOG,2020-11-19T15:12Z,,,2020-11-19,9T15,,,,,,,,,,,,,
2020-11-29T15:05:00-CME-001,M2M_CATALOG,2020-11-29T15:05Z,,12783.0,2020-11-29,9T15,,,,,,,,,,,,,
2020-10-10T04:24:00-CME-001,M2M_CATALOG,2020-10-10T04:24Z,,,2020-10-10,0T04,,,,,,,,,,,,,
2020-10-13T21:12:00-CME-001,M2M_CATALOG,2020-10-13T21:12Z,S23W37,12775.0,2020-10-13,3T21,,,,,,,,,,,,,
2020-10-14T03:24:00-CME-001,M2M_CATALOG,2020-10-14T03:24Z,,,2020-10-14,4T03,,,,,,,,,,,,,
2020-10-15T11:24:00-CME-001,M2M_CATALOG,2020-10-15T11:24Z,,,2020-10-15,5T11,,,,,,,,,,,,,
2020-10-15T16:36:00-CME-001,M2M_CATALOG,2020-10-15T16:36Z,,,2020-10-15,5T16,,,,,,,,,,,,,
2020-10-16T13:36:00-CME-001,M2M_CATALOG,2020-10-16T13:36Z,,12774.0,2020-10-16,6T13,,,,,,,,,,,,,
2020-10-16T16:03:00-CME-001,M2M_CATALOG,2020-10-16T16:03Z,S23W66,12775.0,2020-10-16,6T16,,,,,,,,,,,,,
2020-10-18T09:24:00-CME-001,M2M_CATALOG,2020-10-18T09:24Z,,,2020-10-18,8T09,,,,,,,,,,,,,
2020-10-22T13:09:00-CME-001,M2M_CATALOG,2020-10-22T13:09Z,,,2020-10-22,2T13,,,,,,,,,,,,,
2020-11-02T05:24:00-CME-001,M2M_CATALOG,2020-11-02T05:24Z,,,2020-11-02,2T05,,,,,,,,,,,,,
2020-11-07T13:24:00-CME-001,M2M_CATALOG,2020-11-07T13:24Z,N19W01,12780.0,2020-11-07,7T13,,,,,,,,,,,,,
2020-11-08T20:12:00-CME-001,M2M_CATALOG,2020-11-08T20:12Z,,,2020-11-08,8T20,,,,,,,,,,,,,
2020-11-11T19:36:00-CME-001,M2M_CATALOG,2020-11-11T19:36Z,S22E60,12782.0,2020-11-11,1T19,,,,,,,,,,,,,
2020-11-21T19:36:00-CME-001,M2M_CATALOG,2020-11-21T19:36Z,,,2020-11-21,1T19,,,,,,,,,,,,,
2020-12-11T19:09:00-CME-001,M2M_CATALOG,2020-12-11T19:09Z,,12791.0,2020-12-11,1T19,,,,,,,,,,,,,
2020-11-12T02:24:00-CME-001,M2M_CATALOG,2020-11-12T02:24Z,,,2020-11-12,2T02,,,,,,,,,,,,,
2020-11-13T12:24:00-CME-001,M2M_CATALOG,2020-11-13T12:24Z,,,2020-11-13,3T12,,,,,,,,,,,,,
2020-11-17T08:36:00-CME-001,M2M_CATALOG,2020-11-17T08:36Z,,,2020-11-17,7T08,,,,,,,,,,,,,
2020-11-17T19:00:00-CME-001,M2M_CATALOG,2020-11-17T19:00Z,,,2020-11-17,7T19,,,,,,,,,,,,,
2020-11-18T21:48:00-CME-001,M2M_CATALOG,2020-11-18T21:48Z,S20E138,,2020-11-18,8T21,,,,,,,,,,,,,
2020-11-19T02:54:00-CME-001,M2M_CATALOG,2020-11-19T02:54Z,,,2020-11-19,9T02,,,,,,,,,,,,,
2020-11-27T05:48:00-CME-001,M2M_CATALOG,2020-11-27T05:48Z,,,2020-11-27,7T05,,,,,,,,,,,,,
2020-11-29T13:24:00-CME-001,M2M_CATALOG,2020-11-29T13:24Z,S23E97,,2020-11-29,9T13,,,,,,,,,,,,,
2020-11-30T07:09:00-CME-001,M2M_CATALOG,2020-11-30T07:09Z,,,2020-11-30,0T07,,,,,,,,,,,,,
2020-12-01T05:48:00-CME-001,M2M_CATALOG,2020-12-01T05:48Z,S25E80,12790.0,2020-12-01,1T05,,,,,,,,,,,,,
2020-12-01T07:12:00-CME-001,M2M_CATALOG,2020-12-01T07:12Z,N35E30,12787.0,2020-12-01,1T07,,,,,,,,,,,,,
2020-12-03T11:12:00-CME-001,M2M_CATALOG,2020-12-03T11:12Z,S30E137,,2020-12-03,3T11,,,,,,,,,,,,,
2020-12-04T02:48:00-CME-001,M2M_CATALOG,2020-12-04T02:48Z,,,2020-12-04,4T02,,,,,,,,,,,,,
2020-12-06T22:00:00-CME-001,M2M_CATALOG,2020-12-06T22:00Z,,,2020-12-06,6T22,,,,,,,,,,,,,
2020-12-07T16:24:00-CME-001,M2M_CATALOG,2020-12-07T16:24Z,S23W11,12790.0,2020-12-07,7T16,,,,,,,,,,,,,
2020-12-07T18:36:00-CME-001,M2M_CATALOG,2020-12-07T18:36Z,S40W30,,2020-12-07,7T18,,,,,,,,,,,,,
2020-12-17T06:48:00-CME-001,M2M_CATALOG,2020-12-17T06:48Z,,,2020-12-17,7T06,,,,,,,,,,,,,
2020-12-27T00:48:00-CME-001,M2M_CATALOG,2020-12-27T00:48Z,,,2020-12-27,7T00,,,,,,,,,,,,,
2020-12-30T02:24:00-CME-001,M2M_CATALOG,2020-12-30T02:24Z,S20E08,12795.0,2020-12-30,0T02,,,,,,,,,,,,,
2020-10-10T04:24:00-CME-001,M2M_CATALOG,2020-10-10T04:24Z,,,2020-10-10,0T04,,,,,,,,,,,,,
2020-10-13T21:12:00-CME-001,M2M_CATALOG,2020-10-13T21:12Z,S23W37,12775.0,2020-10-13,3T21,,,,,,,,,,,,,
2020-10-14T03:24:00-CME-001,M2M_CATALOG,2020-10-14T03:24Z,,,2020-10-14,4T03,,,,,,,,,,,,,
2020-10-15T11:24:00-CME-001,M2M_CATALOG,2020-10-15T11:24Z,,,2020-10-15,5T11,,,,,,,,,,,,,
2020-10-15T16:36:00-CME-001,M2M_CATALOG,2020-10-15T16:36Z,,,2020-10-15,5T16,,,,,,,,,,,,,
2020-10-16T13:36:00-CME-001,M2M_CATALOG,2020-10-16T13:36Z,,12774.0,2020-10-16,6T13,,,,,,,,,,,,,
2020-10-16T16:03:00-CME-001,M2M_CATALOG,2020-10-16T16:03Z,S23W66,12775.0,2020-10-16,6T16,,,,,,,,,,,,,
2020-10-18T09:24:00-CME-001,M2M_CATALOG,2020-10-18T09:24Z,,,2020-10-18,8T09,,,,,,,,,,,,,
2020-10-22T13:09:00-CME-001,M2M_CATALOG,2020-10-22T13:09Z,,,2020-10-22,2T13,,,,,,,,,,,,,
2020-11-02T05:24:00-CME-001,M2M_CATALOG,2020-11-02T05:24Z,,,2020-11-02,2T05,,,,,,,,,,,,,
2020-11-07T13:24:00-CME-001,M2M_CATALOG,2020-11-07T13:24Z,N19W01,12780.0,2020-11-07,7T13,,,,,,,,,,,,,
2020-11-08T20:12:00-CME-001,M2M_CATALOG,2020-11-08T20:12Z,,,2020-11-08,8T20,,,,,,,,,,,,,
2020-11-11T19:36:00-CME-001,M2M_CATALOG,2020-11-11T19:36Z,S22E60,12782.0,2020-11-11,1T19,,,,,,,,,,,,,
2020-11-21T19:36:00-CME-001,M2M_CATALOG,2020-11-21T19:36Z,,,2020-11-21,1T19,,,,,,,,,,,,,
2020-12-11T19:09:00-CME-001,M2M_CATALOG,2020-12-11T19:09Z,,12791.0,2020-12-11,1T19,,,,,,,,,,,,,
2020-11-12T02:24:00-CME-001,M2M_CATALOG,2020-11-12T02:24Z,,,2020-11-12,2T02,,,,,,,,,,,,,
2020-11-13T12:24:00-CME-001,M2M_CATALOG,2020-11-13T12:24Z,,,2020-11-13,3T12,,,,,,,,,,,,,
2020-11-17T08:36:00-CME-001,M2M_CATALOG,2020-11-17T08:36Z,,,2020-11-17,7T08,,,,,,,,,,,,,
2020-11-17T19:00:00-CME-001,M2M_CATALOG,2020-11-17T19:00Z,,,2020-11-17,7T19,,,,,,,,,,,,,
2020-11-18T21:48:00-CME-001,M2M_CATALOG,2020-11-18T21:48Z,S20E138,,2020-11-18,8T21,,,,,,,,,,,,,
2020-11-19T02:54:00-CME-001,M2M_CATALOG,2020-11-19T02:54Z,,,2020-11-19,9T02,,,,,,,,,,,,,
2020-11-27T05:48:00-CME-001,M2M_CATALOG,2020-11-27T05:48Z,,,2020-11-27,7T05,1232.0,bc73b2da-ac9b-46a6-a15a-b5ae6b2fd44a,Becks,Delirium Tremens,Vegetable Beer,Glacier,3763 - Roeselare Ale Blend,Carapils,53 IBU,3.6%,13.1°Blg,Alemania,1873.0
2020-11-29T13:24:00-CME-001,M2M_CATALOG,2020-11-29T13:24Z,S23E97,,2020-11-29,9T13,,,,,,,,,,,,,
2020-11-30T07:09:00-CME-001,M2M_CATALOG,2020-11-30T07:09Z,,,2020-11-30,0T07,1234.0,1dacc41f-39c5-49de-a02b-fdb597193a78,Guinness,Storm King Stout,Stout,Golding,5526 - Brettanomyces lambicus,Rye malt,35 IBU,7.8%,10.2°Blg,Irlanda,1759.0
2020-12-01T05:48:00-CME-001,M2M_CATALOG,2020-12-01T05:48Z,S25E80,12790.0,2020-12-01,1T05,,,,,,,,,,,,,
2020-12-01T07:12:00-CME-001,M2M_CATALOG,2020-12-01T07:12Z,N35E30,12787.0,2020-12-01,1T07,,,,,,,,,,,,,
2020-12-03T11:12:00-CME-001,M2M_CATALOG,2020-12-03T11:12Z,S30E137,,2020-12-03,3T11,,,,,,,,,,,,,
2020-12-04T02:48:00-CME-001,M2M_CATALOG,2020-12-04T02:48Z,,,2020-12-04,4T02,,,,,,,,,,,,,
2020-12-06T22:00:00-CME-001,M2M_CATALOG,2020-12-06T22:00Z,,,2020-12-06,6T22,,,,,,,,,,,,,
2020-12-07T16:24:00-CME-001,M2M_CATALOG,2020-12-07T16:24Z,S23W11,12790.0,2020-12-07,7T16,,,,,,,,,,,,,
2020-12-07T18:36:00-CME-001,M2M_CATALOG,2020-12-07T18:36Z,S40W30,,2020-12-07,7T18,,,,,,,,,,,,,
2020-12-17T06:48:00-CME-001,M2M_CATALOG,2020-12-17T06:48Z,,,2020-12-17,7T06,,,,,,,,,,,,,
2020-12-27T00:48:00-CME-001,M2M_CATALOG,2020-12-27T00:48Z,,,2020-12-27,7T00,,,,,,,,,,,,,
2020-12-30T02:24:00-CME-001,M2M_CATALOG,2020-12-30T02:24Z,S20E08,12795.0,2020-12-30,0T02,,,,,,,,,,,,,
2020-10-10T04:24:00-CME-001,M2M_CATALOG,2020-10-10T04:24Z,,,2020-10-10,0T04,,,,,,,,,,,,,
2020-10-13T21:12:00-CME-001,M2M_CATALOG,2020-10-13T21:12Z,S23W37,12775.0,2020-10-13,3T21,,,,,,,,,,,,,
2020-10-14T03:24:00-CME-001,M2M_CATALOG,2020-10-14T03:24Z,,,2020-10-14,4T03,,,,,,,,,,,,,
2020-10-15T11:24:00-CME-001,M2M_CATALOG,2020-10-15T11:24Z,,,2020-10-15,5T11,,,,,,,,,,,,,
2020-10-15T16:36:00-CME-001,M2M_CATALOG,2020-10-15T16:36Z,,,2020-10-15,5T16,,,,,,,,,,,,,
2020-10-16T13:36:00-CME-001,M2M_CATALOG,2020-10-16T13:36Z,,12774.0,2020-10-16,6T13,,,,,,,,,,,,,
2020-10-16T16:03:00-CME-001,M2M_CATALOG,2020-10-16T16:03Z,S23W66,12775.0,2020-10-16,6T16,,,,,,,,,,,,,
2020-10-18T09:24:00-CME-001,M2M_CATALOG,2020-10-18T09:24Z,,,2020-10-18,8T09,,,,,,,,,,,,,
2020-10-22T13:09:00-CME-001,M2M_CATALOG,2020-10-22T13:09Z,,,2020-10-22,2T13,,,,,,,,,,,,,
2020-11-02T05:24:00-CME-001,M2M_CATALOG,2020-11-02T05:24Z,,,2020-11-02,2T05,,,,,,,,,,,,,
2020-11-07T13:24:00-CME-001,M2M_CATALOG,2020-11-07T13:24Z,N19W01,12780.0,2020-11-07,7T13,,,,,,,,,,,,,
2020-11-08T20:12:00-CME-001,M2M_CATALOG,2020-11-08T20:12Z,,,2020-11-08,8T20,,,,,,,,,,,,,
2020-11-11T19:36:00-CME-001,M2M_CATALOG,2020-11-11T19:36Z,S22E60,12782.0,2020-11-11,1T19,,,,,,,,,,,,,
2020-11-21T19:36:00-CME-001,M2M_CATALOG,2020-11-21T19:36Z,,,2020-11-21,1T19,,,,,,,,,,,,,
2020-12-11T19:09:00-CME-001,M2M_CATALOG,2020-12-11T19:09Z,,12791.0,2020-12-11,1T19,,,,,,,,,,,,,
2020-11-12T02:24:00-CME-001,M2M_CATALOG,2020-11-12T02:24Z,,,2020-11-12,2T02,,,,,,,,,,,,,
2020-11-13T12:24:00-CME-001,M2M_CATALOG,2020-11-13T12:24Z,,,2020-11-13,3T12,,,,,,,,,,,,,
2020-11-17T08:36:00-CME-001,M2M_CATALOG,2020-11-17T08:36Z,,,2020-11-17,7T08,,,,,,,,,,,,,
2020-11-17T19:00:00-CME-001,M2M_CATALOG,2020-11-17T19:00Z,,,2020-11-17,7T19,,,,,,,,,,,,,
2020-11-18T21:48:00-CME-001,M2M_CATALOG,2020-11-18T21:48Z,S20E138,,2020-11-18,8T21,,,,,,,,,,,,,
2020-11-19T02:54:00-CME-001,M2M_CATALOG,2020-11-19T02:54Z,,,2020-11-19,9T02,,,,,,,,,,,,,
2020-11-27T05:48:00-CME-001,M2M_CATALOG,2020-11-27T05:48Z,,,2020-11-27,7T05,,,,,,,,,,,,,
2020-11-29T13:24:00-CME-001,M2M_CATALOG,2020-11-29T13:24Z,S23E97,,2020-11-29,9T13,,,,,,,,,,,,,
2020-11-30T07:09:00-CME-001,M2M_CATALOG,2020-11-30T07:09Z,,,2020-11-30,0T07,,,,,,,,,,,,,
2020-12-01T05:48:00-CME-001,M2M_CATALOG,2020-12-01T05:48Z,S25E80,12790.0,2020-12-01,1T05,,,,,,,,,,,,,
2020-12-01T07:12:00-CME-001,M2M_CATALOG,2020-12-01T07:12Z,N35E30,12787.0,2020-12-01,1T07,,,,,,,,,,,,,
2020-12-03T11:12:00-CME-001,M2M_CATALOG,2020-12-03T11:12Z,S30E137,,2020-12-03,3T11,,,,,,,,,,,,,
2020-12-04T02:48:00-CME-001,M2M_CATALOG,2020-12-04T02:48Z,,,2020-12-04,4T02,,,,,,,,,,,,,
2020-12-06T22:00:00-CME-001,M2M_CATALOG,2020-12-06T22:00Z,,,2020-12-06,6T22,,,,,,,,,,,,,
2020-12-07T16:24:00-CME-001,M2M_CATALOG,2020-12-07T16:24Z,S23W11,12790.0,2020-12-07,7T16,,,,,,,,,,,,,
2020-12-07T18:36:00-CME-001,M2M_CATALOG,2020-12-07T18:36Z,S40W30,,2020-12-07,7T18,,,,,,,,,,,,,
2020-12-17T06:48:00-CME-001,M2M_CATALOG,2020-12-17T06:48Z,,,2020-12-17,7T06,,,,,,,,,,,,,
2020-12-27T00:48:00-CME-001,M2M_CATALOG,2020-12-27T00:48Z,,,2020-12-27,7T00,,,,,,,,,,,,,
2020-12-30T02:24:00-CME-001,M2M_CATALOG,2020-12-30T02:24Z,S20E08,12795.0,2020-12-30,0T02,,,,,,,,,,,,,
2020-10-23T04:39:00-CME-001,M2M_CATALOG,2020-10-23T04:39Z,,,2020-10-23,3T04,,,,,,,,,,,,,
2020-10-23T22:35:00-CME-001,M2M_CATALOG,2020-10-23T22:35Z,,,2020-10-23,3T22,,,,,,,,,,,,,
2020-10-10T04:24:00-CME-001,M2M_CATALOG,2020-10-10T04:24Z,,,2020-10-10,0T04,,,,,,,,,,,,,
2020-10-13T21:12:00-CME-001,M2M_CATALOG,2020-10-13T21:12Z,S23W37,12775.0,2020-10-13,3T21,,,,,,,,,,,,,
2020-10-14T03:24:00-CME-001,M2M_CATALOG,2020-10-14T03:24Z,,,2020-10-14,4T03,,,,,,,,,,,,,
2020-10-15T11:24:00-CME-001,M2M_CATALOG,2020-10-15T11:24Z,,,2020-10-15,5T11,,,,,,,,,,,,,
2020-10-15T16:36:00-CME-001,M2M_CATALOG,2020-10-15T16:36Z,,,2020-10-15,5T16,,,,,,,,,,,,,
2020-10-16T13:36:00-CME-001,M2M_CATALOG,2020-10-16T13:36Z,,12774.0,2020-10-16,6T13,,,,,,,,,,,,,
2020-10-16T16:03:00-CME-001,M2M_CATALOG,2020-10-16T16:03Z,S23W66,12775.0,2020-10-16,6T16,,,,,,,,,,,,,
2020-10-18T09:24:00-CME-001,M2M_CATALOG,2020-10-18T09:24Z,,,2020-10-18,8T09,,,,,,,,,,,,,
2020-10-22T13:09:00-CME-001,M2M_CATALOG,2020-10-22T13:09Z,,,2020-10-22,2T13,,,,,,,,,,,,,
2020-10-23T04:39:00-CME-001,M2M_CATALOG,2020-10-23T04:39Z,,,2020-10-23,3T04,,,,,,,,,,,,,
2020-10-23T22:35:00-CME-001,M2M_CATALOG,2020-10-23T22:35Z,,,2020-10-23,3T22,,,,,,,,,,,,,
2020-10-26T09:12:00-CME-001,M2M_CATALOG,2020-10-26T09:12Z,,,2020-10-26,6T09,,,,,,,,,,,,,
2020-10-26T18:09:00-CME-001,M2M_CATALOG,2020-10-26T18:09Z,,,2020-10-26,6T18,,,,,,,,,,,,,
2020-10-27T03:39:00-CME-001,M2M_CATALOG,2020-10-27T03:39Z,,,2020-10-27,7T03,,,,,,,,,,,,,
2020-10-28T13:42:00-CME-001,M2M_CATALOG,2020-10-28T13:42Z,,,2020-10-28,8T13,,,,,,,,,,,,,
2020-11-18T13:24:00-CME-001,M2M_CATALOG,2020-11-18T13:24Z,,,2020-11-18,8T13,,,,,,,,,,,,,
2020-11-18T13:36:00-CME-001,M2M_CATALOG,2020-11-18T13:36Z,,,2020-11-18,8T13,,,,,,,,,,,,,
2020-10-29T01:54:00-CME-001,M2M_CATALOG,2020-10-29T01:54Z,S19W28,12779.0,2020-10-29,9T01,,,,,,,,,,,,,
2020-10-31T00:12:00-CME-001,M2M_CATALOG,2020-10-31T00:12Z,,,2020-10-31,1T00,,,,,,,,,,,,,
2020-12-11T00:36:00-CME-001,M2M_CATALOG,2020-12-11T00:36Z,,,2020-12-11,1T00,,,,,,,,,,,,,
2020-11-01T20:00:00-CME-001,M2M_CATALOG,2020-11-01T20:00Z,,,2020-11-01,1T20,,,,,,,,,,,,,
2020-11-02T05:24:00-CME-001,M2M_CATALOG,2020-11-02T05:24Z,,,2020-11-02,2T05,,,,,,,,,,,,,
2020-11-07T13:24:00-CME-001,M2M_CATALOG,2020-11-07T13:24Z,N19W01,12780.0,2020-11-07,7T13,,,,,,,,,,,,,
2020-11-08T20:12:00-CME-001,M2M_CATALOG,2020-11-08T20:12Z,,,2020-11-08,8T20,,,,,,,,,,,,,
2020-11-11T19:36:00-CME-001,M2M_CATALOG,2020-11-11T19:36Z,S22E60,12782.0,2020-11-11,1T19,,,,,,,,,,,,,
2020-11-21T19:36:00-CME-001,M2M_CATALOG,2020-11-21T19:36Z,,,2020-11-21,1T19,,,,,,,,,,,,,
2020-12-11T19:09:00-CME-001,M2M_CATALOG,2020-12-11T19:09Z,,12791.0,2020-12-11,1T19,,,,,,,,,,,,,
2020-11-12T02:24:00-CME-001,M2M_CATALOG,2020-11-12T02:24Z,,,2020-11-12,2T02,,,,,,,,,,,,,
2020-11-13T12:24:00-CME-001,M2M_CATALOG,2020-11-13T12:24Z,,,2020-11-13,3T12,,,,,,,,,,,,,
2020-11-17T08:36:00-CME-001,M2M_CATALOG,2020-11-17T08:36Z,,,2020-11-17,7T08,,,,,,,,,,,,,
2020-11-17T19:00:00-CME-001,M2M_CATALOG,2020-11-17T19:00Z,,,2020-11-17,7T19,,,,,,,,,,,,,
2020-10-28T13:42:00-CME-001,M2M_CATALOG,2020-10-28T13:42Z,,,2020-10-28,8T13,,,,,,,,,,,,,
2020-11-18T13:24:00-CME-001,M2M_CATALOG,2020-11-18T13:24Z,,,2020-11-18,8T13,,,,,,,,,,,,,
2020-11-18T13:36:00-CME-001,M2M_CATALOG,2020-11-18T13:36Z,,,2020-11-18,8T13,,,,,,,,,,,,,
2020-10-28T13:42:00-CME-001,M2M_CATALOG,2020-10-28T13:42Z,,,2020-10-28,8T13,,,,,,,,,,,,,
2020-11-18T13:24:00-CME-001,M2M_CATALOG,2020-11-18T13:24Z,,,2020-11-18,8T13,,,,,,,,,,,,,
2020-11-18T13:36:00-CME-001,M2M_CATALOG,2020-11-18T13:36Z,,,2020-11-18,8T13,,,,,,,,,,,,,
2020-11-18T21:48:00-CME-001,M2M_CATALOG,2020-11-18T21:48Z,S20E138,,2020-11-18,8T21,,,,,,,,,,,,,
2020-11-19T02:54:00-CME-001,M2M_CATALOG,2020-11-19T02:54Z,,,2020-11-19,9T02,,,,,,,,,,,,,
2020-11-19T03:12:00-CME-001,M2M_CATALOG,2020-11-19T03:12Z,N30E40,,2020-11-19,9T03,,,,,,,,,,,,,
2020-11-19T06:48:00-CME-001,M2M_CATALOG,2020-11-19T06:48Z,S23E49,,2020-11-19,9T06,,,,,,,,,,,,,
2020-11-19T15:12:00-CME-001,M2M_CATALOG,2020-11-19T15:12Z,,,2020-11-19,9T15,,,,,,,,,,,,,
2020-11-29T15:05:00-CME-001,M2M_CATALOG,2020-11-29T15:05Z,,12783.0,2020-11-29,9T15,,,,,,,,,,,,,
2020-11-20T19:51:00-CME-001,M2M_CATALOG,2020-11-20T19:51Z,,12783.0,2020-11-20,0T19,,,,,,,,,,,,,
2020-11-20T21:12:00-CME-001,M2M_CATALOG,2020-11-20T21:12Z,,,2020-11-20,0T21,,,,,,,,,,,,,
2020-11-11T19:36:00-CME-001,M2M_CATALOG,2020-11-11T19:36Z,S22E60,12782.0,2020-11-11,1T19,,,,,,,,,,,,,
2020-11-21T19:36:00-CME-001,M2M_CATALOG,2020-11-21T19:36Z,,,2020-11-21,1T19,,,,,,,,,,,,,
2020-12-11T19:09:00-CME-001,M2M_CATALOG,2020-12-11T19:09Z,,12791.0,2020-12-11,1T19,,,,,,,,,,,,,
2020-11-21T23:12:00-CME-001,M2M_CATALOG,2020-11-21T23:12Z,,,2020-11-21,1T23,,,,,,,,,,,,,
2020-11-22T01:36:00-CME-001,M2M_CATALOG,2020-11-22T01:36Z,,,2020-11-22,2T01,,,,,,,,,,,,,
2020-11-23T18:48:00-CME-001,M2M_CATALOG,2020-11-23T18:48Z,,,2020-11-23,3T18,,,,,,,,,,,,,
2020-11-24T04:36:00-CME-001,M2M_CATALOG,2020-11-24T04:36Z,S20E65,12785.0,2020-11-24,4T04,,,,,,,,,,,,,
2020-11-24T11:24:00-CME-001,M2M_CATALOG,2020-11-24T11:24Z,,,2020-11-24,4T11,,,,,,,,,,,,,
2020-12-04T11:09:00-CME-001,M2M_CATALOG,2020-12-04T11:09Z,,,2020-12-04,4T11,,,,,,,,,,,,,
2020-11-24T13:24:00-CME-001,M2M_CATALOG,2020-11-24T13:24Z,,,2020-11-24,4T13,,,,,,,,,,,,,
2020-11-26T08:24:00-CME-001,M2M_CATALOG,2020-11-26T08:24Z,,,2020-11-26,6T08,,,,,,,,,,,,,
2020-11-26T21:24:00-CME-001,M2M_CATALOG,2020-11-26T21:24Z,N32E90,12787.0,2020-11-26,6T21,,,,,,,,,,,,,
2020-11-27T05:48:00-CME-001,M2M_CATALOG,2020-11-27T05:48Z,,,2020-11-27,7T05,,,,,,,,,,,,,
2020-11-29T13:24:00-CME-001,M2M_CATALOG,2020-11-29T13:24Z,S23E97,,2020-11-29,9T13,,,,,,,,,,,,,
2020-11-19T15:12:00-CME-001,M2M_CATALOG,2020-11-19T15:12Z,,,2020-11-19,9T15,,,,,,,,,,,,,
2020-11-29T15:05:00-CME-001,M2M_CATALOG,2020-11-29T15:05Z,,12783.0,2020-11-29,9T15,,,,,,,,,,,,,
2020-11-30T07:09:00-CME-001,M2M_CATALOG,2020-11-30T07:09Z,,,2020-11-30,0T07,,,,,,,,,,,,,
2020-12-01T05:48:00-CME-001,M2M_CATALOG,2020-12-01T05:48Z,S25E80,12790.0,2020-12-01,1T05,,,,,,,,,,,,,
2020-12-01T07:12:00-CME-001,M2M_CATALOG,2020-12-01T07:12Z,N35E30,12787.0,2020-12-01,1T07,,,,,,,,,,,,,
2020-12-03T11:12:00-CME-001,M2M_CATALOG,2020-12-03T11:12Z,S30E137,,2020-12-03,3T11,,,,,,,,,,,,,
2020-12-04T02:48:00-CME-001,M2M_CATALOG,2020-12-04T02:48Z,,,2020-12-04,4T02,,,,,,,,,,,,,
2020-11-24T11:24:00-CME-001,M2M_CATALOG,2020-11-24T11:24Z,,,2020-11-24,4T11,,,,,,,,,,,,,
2020-12-04T11:09:00-CME-001,M2M_CATALOG,2020-12-04T11:09Z,,,2020-12-04,4T11,,,,,,,,,,,,,
2020-12-06T22:00:00-CME-001,M2M_CATALOG,2020-12-06T22:00Z,,,2020-12-06,6T22,,,,,,,,,,,,,
2020-12-07T16:24:00-CME-001,M2M_CATALOG,2020-12-07T16:24Z,S23W11,12790.0,2020-12-07,7T16,,,,,,,,,,,,,
2020-12-07T18:36:00-CME-001,M2M_CATALOG,2020-12-07T18:36Z,S40W30,,2020-12-07,7T18,,,,,,,,,,,,,
2020-10-31T00:12:00-CME-001,M2M_CATALOG,2020-10-31T00:12Z,,,2020-10-31,1T00,,,,,,,,,,,,,
2020-12-11T00:36:00-CME-001,M2M_CATALOG,2020-12-11T00:36Z,,,2020-12-11,1T00,,,,,,,,,,,,,
2020-11-11T19:36:00-CME-001,M2M_CATALOG,2020-11-11T19:36Z,S22E60,12782.0,2020-11-11,1T19,,,,,,,,,,,,,
2020-11-21T19:36:00-CME-001,M2M_CATALOG,2020-11-21T19:36Z,,,2020-11-21,1T19,,,,,,,,,,,,,
2020-12-11T19:09:00-CME-001,M2M_CATALOG,2020-12-11T19:09Z,,12791.0,2020-12-11,1T19,,,,,,,,,,,,,
2020-12-12T04:12:00-CME-001,M2M_CATALOG,2020-12-12T04:12Z,,,2020-12-12,2T04,,,,,,,,,,,,,
2020-12-13T09:24:00-CME-001,M2M_CATALOG,2020-12-13T09:24Z,,,2020-12-13,3T09,,,,,,,,,,,,,
2020-12-14T15:12:00-CME-001,M2M_CATALOG,2020-12-14T15:12Z,S22E44,12792.0,2020-12-14,4T15,,,,,,,,,,,,,
2020-12-14T21:12:00-CME-001,M2M_CATALOG,2020-12-14T21:12Z,N40E110,,2020-12-14,4T21,,,,,,,,,,,,,
2020-12-17T06:48:00-CME-001,M2M_CATALOG,2020-12-17T06:48Z,,,2020-12-17,7T06,,,,,,,,,,,,,
2020-12-27T00:48:00-CME-001,M2M_CATALOG,2020-12-27T00:48Z,,,2020-12-27,7T00,,,,,,,,,,,,,
2020-12-30T02:24:00-CME-001,M2M_CATALOG,2020-12-30T02:24Z,S20E08,12795.0,2020-12-30,0T02,,,,,,,,,,,,,
2020-10-10T04:24:00-CME-001,M2M_CATALOG,2020-10-10T04:24Z,,,2020-10-10,0T04,,,,,,,,,,,,,
2020-10-13T21:12:00-CME-001,M2M_CATALOG,2020-10-13T21:12Z,S23W37,12775.0,2020-10-13,3T21,,,,,,,,,,,,,
2020-10-14T03:24:00-CME-001,M2M_CATALOG,2020-10-14T03:24Z,,,2020-10-14,4T03,,,,,,,,,,,,,
2020-10-15T11:24:00-CME-001,M2M_CATALOG,2020-10-15T11:24Z,,,2020-10-15,5T11,,,,,,,,,,,,,
2020-10-15T16:36:00-CME-001,M2M_CATALOG,2020-10-15T16:36Z,,,2020-10-15,5T16,,,,,,,,,,,,,
2020-10-16T13:36:00-CME-001,M2M_CATALOG,2020-10-16T13:36Z,,12774.0,2020-10-16,6T13,,,,,,,,,,,,,
2020-10-16T16:03:00-CME-001,M2M_CATALOG,2020-10-16T16:03Z,S23W66,12775.0,2020-10-16,6T16,,,,,,,,,,,,,
2020-10-18T09:24:00-CME-001,M2M_CATALOG,2020-10-18T09:24Z,,,2020-10-18,8T09,,,,,,,,,,,,,
2020-10-22T13:09:00-CME-001,M2M_CATALOG,2020-10-22T13:09Z,,,2020-10-22,2T13,,,,,,,,,,,,,
2020-10-23T04:39:00-CME-001,M2M_CATALOG,2020-10-23T04:39Z,,,2020-10-23,3T04,,,,,,,,,,,,,
2020-10-23T22:35:00-CME-001,M2M_CATALOG,2020-10-23T22:35Z,,,2020-10-23,3T22,,,,,,,,,,,,,
2020-10-26T09:12:00-CME-001,M2M_CATALOG,2020-10-26T09:12Z,,,2020-10-26,6T09,,,,,,,,,,,,,
2020-10-26T18:09:00-CME-001,M2M_CATALOG,2020-10-26T18:09Z,,,2020-10-26,6T18,,,,,,,,,,,,,
2020-10-27T03:39:00-CME-001,M2M_CATALOG,2020-10-27T03:39Z,,,2020-10-27,7T03,,,,,,,,,,,,,
2020-10-28T13:42:00-CME-001,M2M_CATALOG,2020-10-28T13:42Z,,,2020-10-28,8T13,,,,,,,,,,,,,
2020-11-18T13:24:00-CME-001,M2M_CATALOG,2020-11-18T13:24Z,,,2020-11-18,8T13,,,,,,,,,,,,,
2020-11-18T13:36:00-CME-001,M2M_CATALOG,2020-11-18T13:36Z,,,2020-11-18,8T13,,,,,,,,,,,,,
2020-10-29T01:54:00-CME-001,M2M_CATALOG,2020-10-29T01:54Z,S19W28,12779.0,2020-10-29,9T01,,,,,,,,,,,,,
2020-10-31T00:12:00-CME-001,M2M_CATALOG,2020-10-31T00:12Z,,,2020-10-31,1T00,,,,,,,,,,,,,
2020-12-11T00:36:00-CME-001,M2M_CATALOG,2020-12-11T00:36Z,,,2020-12-11,1T00,,,,,,,,,,,,,
2020-11-01T20:00:00-CME-001,M2M_CATALOG,2020-11-01T20:00Z,,,2020-11-01,1T20,,,,,,,,,,,,,
2020-11-02T05:24:00-CME-001,M2M_CATALOG,2020-11-02T05:24Z,,,2020-11-02,2T05,,,,,,,,,,,,,
2020-11-07T13:24:00-CME-001,M2M_CATALOG,2020-11-07T13:24Z,N19W01,12780.0,2020-11-07,7T13,,,,,,,,,,,,,
2020-11-08T20:12:00-CME-001,M2M_CATALOG,2020-11-08T20:12Z,,,2020-11-08,8T20,,,,,,,,,,,,,
2020-11-11T19:36:00-CME-001,M2M_CATALOG,2020-11-11T19:36Z,S22E60,12782.0,2020-11-11,1T19,,,,,,,,,,,,,
2020-11-21T19:36:00-CME-001,M2M_CATALOG,2020-11-21T19:36Z,,,2020-11-21,1T19,,,,,,,,,,,,,
2020-12-11T19:09:00-CME-001,M2M_CATALOG,2020-12-11T19:09Z,,12791.0,2020-12-11,1T19,,,,,,,,,,,,,
2020-11-12T02:24:00-CME-001,M2M_CATALOG,2020-11-12T02:24Z,,,2020-11-12,2T02,,,,,,,,,,,,,
2020-11-13T12:24:00-CME-001,M2M_CATALOG,2020-11-13T12:24Z,,,2020-11-13,3T12,,,,,,,,,,,,,
2020-11-17T08:36:00-CME-001,M2M_CATALOG,2020-11-17T08:36Z,,,2020-11-17,7T08,,,,,,,,,,,,,
2020-11-17T19:00:00-CME-001,M2M_CATALOG,2020-11-17T19:00Z,,,2020-11-17,7T19,,,,,,,,,,,,,
2020-10-28T13:42:00-CME-001,M2M_CATALOG,2020-10-28T13:42Z,,,2020-10-28,8T13,,,,,,,,,,,,,
2020-11-18T13:24:00-CME-001,M2M_CATALOG,2020-11-18T13:24Z,,,2020-11-18,8T13,,,,,,,,,,,,,
2020-11-18T13:36:00-CME-001,M2M_CATALOG,2020-11-18T13:36Z,,,2020-11-18,8T13,,,,,,,,,,,,,
2020-10-28T13:42:00-CME-001,M2M_CATALOG,2020-10-28T13:42Z,,,2020-10-28,8T13,,,,,,,,,,,,,
2020-11-18T13:24:00-CME-001,M2M_CATALOG,2020-11-18T13:24Z,,,2020-11-18,8T13,,,,,,,,,,,,,
2020-11-18T13:36:00-CME-001,M2M_CATALOG,2020-11-18T13:36Z,,,2020-11-18,8T13,,,,,,,,,,,,,
2020-11-18T21:48:00-CME-001,M2M_CATALOG,2020-11-18T21:48Z,S20E138,,2020-11-18,8T21,,,,,,,,,,,,,
2020-11-19T02:54:00-CME-001,M2M_CATALOG,2020-11-19T02:54Z,,,2020-11-19,9T02,,,,,,,,,,,,,
2020-11-19T03:12:00-CME-001,M2M_CATALOG,2020-11-19T03:12Z,N30E40,,2020-11-19,9T03,,,,,,,,,,,,,
2020-11-19T06:48:00-CME-001,M2M_CATALOG,2020-11-19T06:48Z,S23E49,,2020-11-19,9T06,,,,,,,,,,,,,
2020-11-19T15:12:00-CME-001,M2M_CATALOG,2020-11-19T15:12Z,,,2020-11-19,9T15,,,,,,,,,,,,,
2020-11-29T15:05:00-CME-001,M2M_CATALOG,2020-11-29T15:05Z,,12783.0,2020-11-29,9T15,,,,,,,,,,,,,
2020-11-20T19:51:00-CME-001,M2M_CATALOG,2020-11-20T19:51Z,,12783.0,2020-11-20,0T19,,,,,,,,,,,,,
2020-10-10T04:24:00-CME-001,M2M_CATALOG,2020-10-10T04:24Z,,,2020-10-10,0T04,,,,,,,,,,,,,
2020-10-13T21:12:00-CME-001,M2M_CATALOG,2020-10-13T21:12Z,S23W37,12775.0,2020-10-13,3T21,,,,,,,,,,,,,
2020-10-14T03:24:00-CME-001,M2M_CATALOG,2020-10-14T03:24Z,,,2020-10-14,4T03,,,,,,,,,,,,,
2020-10-15T11:24:00-CME-001,M2M_CATALOG,2020-10-15T11:24Z,,,2020-10-15,5T11,,,,,,,,,,,,,
2020-10-15T16:36:00-CME-001,M2M_CATALOG,2020-10-15T16:36Z,,,2020-10-15,5T16,,,,,,,,,,,,,
2020-10-16T13:36:00-CME-001,M2M_CATALOG,2020-10-16T13:36Z,,12774.0,2020-10-16,6T13,,,,,,,,,,,,,
2020-10-16T16:03:00-CME-001,M2M_CATALOG,2020-10-16T16:03Z,S23W66,12775.0,2020-10-16,6T16,,,,,,,,,,,,,
2020-10-18T09:24:00-CME-001,M2M_CATALOG,2020-10-18T09:24Z,,,2020-10-18,8T09,,,,,,,,,,,,,
2020-10-22T13:09:00-CME-001,M2M_CATALOG,2020-10-22T13:09Z,,,2020-10-22,2T13,,,,,,,,,,,,,
2020-10-23T04:39:00-CME-001,M2M_CATALOG,2020-10-23T04:39Z,,,2020-10-23,3T04,,,,,,,,,,,,,
2020-10-23T22:35:00-CME-001,M2M_CATALOG,2020-10-23T22:35Z,,,2020-10-23,3T22,,,,,,,,,,,,,
2020-10-26T09:12:00-CME-001,M2M_CATALOG,2020-10-26T09:12Z,,,2020-10-26,6T09,,,,,,,,,,,,,
2020-10-26T18:09:00-CME-001,M2M_CATALOG,2020-10-26T18:09Z,,,2020-10-26,6T18,,,,,,,,,,,,,
2020-10-27T03:39:00-CME-001,M2M_CATALOG,2020-10-27T03:39Z,,,2020-10-27,7T03,,,,,,,,,,,,,
2020-10-28T13:42:00-CME-001,M2M_CATALOG,2020-10-28T13:42Z,,,2020-10-28,8T13,,,,,,,,,,,,,
2020-11-18T13:24:00-CME-001,M2M_CATALOG,2020-11-18T13:24Z,,,2020-11-18,8T13,,,,,,,,,,,,,
2020-11-18T13:36:00-CME-001,M2M_CATALOG,2020-11-18T13:36Z,,,2020-11-18,8T13,,,,,,,,,,,,,
2020-10-29T01:54:00-CME-001,M2M_CATALOG,2020-10-29T01:54Z,S19W28,12779.0,2020-10-29,9T01,,,,,,,,,,,,,
2020-10-31T00:12:00-CME-001,M2M_CATALOG,2020-10-31T00:12Z,,,2020-10-31,1T00,,,,,,,,,,,,,
2020-12-11T00:36:00-CME-001,M2M_CATALOG,2020-12-11T00:36Z,,,2020-12-11,1T00,,,,,,,,,,,,,
2020-11-01T20:00:00-CME-001,M2M_CATALOG,2020-11-01T20:00Z,,,2020-11-01,1T20,,,,,,,,,,,,,
2020-11-02T05:24:00-CME-001,M2M_CATALOG,2020-11-02T05:24Z,,,2020-11-02,2T05,,,,,,,,,,,,,
2020-11-07T13:24:00-CME-001,M2M_CATALOG,2020-11-07T13:24Z,N19W01,12780.0,2020-11-07,7T13,,,,,,,,,,,,,
2020-11-08T20:12:00-CME-001,M2M_CATALOG,2020-11-08T20:12Z,,,2020-11-08,8T20,,,,,,,,,,,,,
2020-11-11T19:36:00-CME-001,M2M_CATALOG,2020-11-11T19:36Z,S22E60,12782.0,2020-11-11,1T19,,,,,,,,,,,,,
2020-11-21T19:36:00-CME-001,M2M_CATALOG,2020-11-21T19:36Z,,,2020-11-21,1T19,,,,,,,,,,,,,
2020-12-11T19:09:00-CME-001,M2M_CATALOG,2020-12-11T19:09Z,,12791.0,2020-12-11,1T19,,,,,,,,,,,,,
2020-11-12T02:24:00-CME-001,M2M_CATALOG,2020-11-12T02:24Z,,,2020-11-12,2T02,,,,,,,,,,,,,
2020-11-13T12:24:00-CME-001,M2M_CATALOG,2020-11-13T12:24Z,,,2020-11-13,3T12,,,,,,,,,,,,,
2020-11-17T08:36:00-CME-001,M2M_CATALOG,2020-11-17T08:36Z,,,2020-11-17,7T08,,,,,,,,,,,,,
2020-11-17T19:00:00-CME-001,M2M_CATALOG,2020-11-17T19:00Z,,,2020-11-17,7T19,,,,,,,,,,,,,
2020-10-28T13:42:00-CME-001,M2M_CATALOG,2020-10-28T13:42Z,,,2020-10-28,8T13,,,,,,,,,,,,,
2020-11-18T13:24:00-CME-001,M2M_CATALOG,2020-11-18T13:24Z,,,2020-11-18,8T13,,,,,,,,,,,,,
2020-11-18T13:36:00-CME-001,M2M_CATALOG,2020-11-18T13:36Z,,,2020-11-18,8T13,,,,,,,,,,,,,
2020-10-28T13:42:00-CME-001,M2M_CATALOG,2020-10-28T13:42Z,,,2020-10-28,8T13,,,,,,,,,,,,,
2020-11-18T13:24:00-CME-001,M2M_CATALOG,2020-11-18T13:24Z,,,2020-11-18,8T13,,,,,,,,,,,,,
2020-11-18T13:36:00-CME-001,M2M_CATALOG,2020-11-18T13:36Z,,,2020-11-18,8T13,,,,,,,,,,,,,
2020-11-18T21:48:00-CME-001,M2M_CATALOG,2020-11-18T21:48Z,S20E138,,2020-11-18,8T21,,,,,,,,,,,,,
2020-11-19T02:54:00-CME-001,M2M_CATALOG,2020-11-19T02:54Z,,,2020-11-19,9T02,,,,,,,,,,,,,
2020-11-19T03:12:00-CME-001,M2M_CATALOG,2020-11-19T03:12Z,N30E40,,2020-11-19,9T03,,,,,,,,,,,,,
2020-11-19T06:48:00-CME-001,M2M_CATALOG,2020-11-19T06:48Z,S23E49,,2020-11-19,9T06,,,,,,,,,,,,,
2020-11-19T15:12:00-CME-001,M2M_CATALOG,2020-11-19T15:12Z,,,2020-11-19,9T15,,,,,,,,,,,,,
2020-11-29T15:05:00-CME-001,M2M_CATALOG,2020-11-29T15:05Z,,12783.0,2020-11-29,9T15,,,,,,,,,,,,,
2020-11-20T19:51:00-CME-001,M2M_CATALOG,2020-11-20T19:51Z,,12783.0,2020-11-20,0T19,,,,,,,,,,,,,
2020-11-20T21:12:00-CME-001,M2M_CATALOG,2020-11-20T21:12Z,,,2020-11-20,0T21,,,,,,,,,,,,,
2020-11-11T19:36:00-CME-001,M2M_CATALOG,2020-11-11T19:36Z,S22E60,12782.0,2020-11-11,1T19,,,,,,,,,,,,,
2020-11-21T19:36:00-CME-001,M2M_CATALOG,2020-11-21T19:36Z,,,2020-11-21,1T19,,,,,,,,,,,,,
2020-12-11T19:09:00-CME-001,M2M_CATALOG,2020-12-11T19:09Z,,12791.0,2020-12-11,1T19,,,,,,,,,,,,,
2020-11-21T23:12:00-CME-001,M2M_CATALOG,2020-11-21T23:12Z,,,2020-11-21,1T23,,,,,,,,,,,,,
2020-11-22T01:36:00-CME-001,M2M_CATALOG,2020-11-22T01:36Z,,,2020-11-22,2T01,,,,,,,,,,,,,
2020-11-23T18:48:00-CME-001,M2M_CATALOG,2020-11-23T18:48Z,,,2020-11-23,3T18,,,,,,,,,,,,,
2020-11-24T04:36:00-CME-001,M2M_CATALOG,2020-11-24T04:36Z,S20E65,12785.0,2020-11-24,4T04,,,,,,,,,,,,,
2020-11-24T11:24:00-CME-001,M2M_CATALOG,2020-11-24T11:24Z,,,2020-11-24,4T11,,,,,,,,,,,,,
2020-12-04T11:09:00-CME-001,M2M_CATALOG,2020-12-04T11:09Z,,,2020-12-04,4T11,,,,,,,,,,,,,
2020-11-24T13:24:00-CME-001,M2M_CATALOG,2020-11-24T13:24Z,,,2020-11-24,4T13,,,,,,,,,,,,,
2020-11-26T08:24:00-CME-001,M2M_CATALOG,2020-11-26T08:24Z,,,2020-11-26,6T08,,,,,,,,,,,,,
2020-11-26T21:24:00-CME-001,M2M_CATALOG,2020-11-26T21:24Z,N32E90,12787.0,2020-11-26,6T21,,,,,,,,,,,,,
2020-11-27T05:48:00-CME-001,M2M_CATALOG,2020-11-27T05:48Z,,,2020-11-27,7T05,,,,,,,,,,,,,
2020-11-29T13:24:00-CME-001,M2M_CATALOG,2020-11-29T13:24Z,S23E97,,2020-11-29,9T13,,,,,,,,,,,,,
2020-11-19T15:12:00-CME-001,M2M_CATALOG,2020-11-19T15:12Z,,,2020-11-19,9T15,,,,,,,,,,,,,
2020-11-29T15:05:00-CME-001,M2M_CATALOG,2020-11-29T15:05Z,,12783.0,2020-11-29,9T15,,,,,,,,,,,,,
2020-11-30T07:09:00-CME-001,M2M_CATALOG,2020-11-30T07:09Z,,,2020-11-30,0T07,,,,,,,,,,,,,
2020-12-01T05:48:00-CME-001,M2M_CATALOG,2020-12-01T05:48Z,S25E80,12790.0,2020-12-01,1T05,,,,,,,,,,,,,
2020-12-01T07:12:00-CME-001,M2M_CATALOG,2020-12-01T07:12Z,N35E30,12787.0,2020-12-01,1T07,,,,,,,,,,,,,
2020-12-03T11:12:00-CME-001,M2M_CATALOG,2020-12-03T11:12Z,S30E137,,2020-12-03,3T11,,,,,,,,,,,,,
2020-12-04T02:48:00-CME-001,M2M_CATALOG,2020-12-04T02:48Z,,,2020-12-04,4T02,,,,,,,,,,,,,
2020-11-24T11:24:00-CME-001,M2M_CATALOG,2020-11-24T11:24Z,,,2020-11-24,4T11,,,,,,,,,,,,,
2020-12-04T11:09:00-CME-001,M2M_CATALOG,2020-12-04T11:09Z,,,2020-12-04,4T11,,,,,,,,,,,,,
2020-12-06T22:00:00-CME-001,M2M_CATALOG,2020-12-06T22:00Z,,,2020-12-06,6T22,,,,,,,,,,,,,
2020-12-07T16:24:00-CME-001,M2M_CATALOG,2020-12-07T16:24Z,S23W11,12790.0,2020-12-07,7T16,,,,,,,,,,,,,
2020-12-07T18:36:00-CME-001,M2M_CATALOG,2020-12-07T18:36Z,S40W30,,2020-12-07,7T18,,,,,,,,,,,,,
2020-10-31T00:12:00-CME-001,M2M_CATALOG,2020-10-31T00:12Z,,,2020-10-31,1T00,,,,,,,,,,,,,
2020-12-11T00:36:00-CME-001,M2M_CATALOG,2020-12-11T00:36Z,,,2020-12-11,1T00,,,,,,,,,,,,,
2020-11-11T19:36:00-CME-001,M2M_CATALOG,2020-11-11T19:36Z,S22E60,12782.0,2020-11-11,1T19,,,,,,,,,,,,,
2020-11-21T19:36:00-CME-001,M2M_CATALOG,2020-11-21T19:36Z,,,2020-11-21,1T19,,,,,,,,,,,,,
2020-12-11T19:09:00-CME-001,M2M_CATALOG,2020-12-11T19:09Z,,12791.0,2020-12-11,1T19,,,,,,,,,,,,,
2020-12-12T04:12:00-CME-001,M2M_CATALOG,2020-12-12T04:12Z,,,2020-12-12,2T04,,,,,,,,,,,,,
2020-12-13T09:24:00-CME-001,M2M_CATALOG,2020-12-13T09:24Z,,,2020-12-13,3T09,,,,,,,,,,,,,
2020-12-14T15:12:00-CME-001,M2M_CATALOG,2020-12-14T15:12Z,S22E44,12792.0,2020-12-14,4T15,,,,,,,,,,,,,
2020-12-14T21:12:00-CME-001,M2M_CATALOG,2020-12-14T21:12Z,N40E110,,2020-12-14,4T21,,,,,,,,,,,,,
2020-12-17T06:48:00-CME-001,M2M_CATALOG,2020-12-17T06:48Z,,,2020-12-17,7T06,,,,,,,,,,,,,
2020-12-27T00:48:00-CME-001,M2M_CATALOG,2020-12-27T00:48Z,,,2020-12-27,7T00,,,,,,,,,,,,,
2020-12-30T02:24:00-CME-001,M2M_CATALOG,2020-12-30T02:24Z,S20E08,12795.0,2020-12-30,0T02,,,,,,,,,,,,,
2020-10-10T04:24:00-CME-001,M2M_CATALOG,2020-10-10T04:24Z,,,2020-10-10,0T04,,,,,,,,,,,,,
2020-10-13T21:12:00-CME-001,M2M_CATALOG,2020-10-13T21:12Z,S23W37,12775.0,2020-10-13,3T21,,,,,,,,,,,,,
2020-10-14T03:24:00-CME-001,M2M_CATALOG,2020-10-14T03:24Z,,,2020-10-14,4T03,,,,,,,,,,,,,
2020-10-15T11:24:00-CME-001,M2M_CATALOG,2020-10-15T11:24Z,,,2020-10-15,5T11,,,,,,,,,,,,,
2020-10-15T16:36:00-CME-001,M2M_CATALOG,2020-10-15T16:36Z,,,2020-10-15,5T16,,,,,,,,,,,,,
2020-10-16T13:36:00-CME-001,M2M_CATALOG,2020-10-16T13:36Z,,12774.0,2020-10-16,6T13,,,,,,,,,,,,,
2020-10-16T16:03:00-CME-001,M2M_CATALOG,2020-10-16T16:03Z,S23W66,12775.0,2020-10-16,6T16,,,,,,,,,,,,,
2020-10-18T09:24:00-CME-001,M2M_CATALOG,2020-10-18T09:24Z,,,2020-10-18,8T09,,,,,,,,,,,,,
2020-10-22T13:09:00-CME-001,M2M_CATALOG,2020-10-22T13:09Z,,,2020-10-22,2T13,,,,,,,,,,,,,
2020-10-23T04:39:00-CME-001,M2M_CATALOG,2020-10-23T04:39Z,,,2020-10-23,3T04,,,,,,,,,,,,,
2020-10-23T22:35:00-CME-001,M2M_CATALOG,2020-10-23T22:35Z,,,2020-10-23,3T22,,,,,,,,,,,,,
2020-10-26T09:12:00-CME-001,M2M_CATALOG,2020-10-26T09:12Z,,,2020-10-26,6T09,,,,,,,,,,,,,
2020-10-26T18:09:00-CME-001,M2M_CATALOG,2020-10-26T18:09Z,,,2020-10-26,6T18,,,,,,,,,,,,,
2020-10-27T03:39:00-CME-001,M2M_CATALOG,2020-10-27T03:39Z,,,2020-10-27,7T03,,,,,,,,,,,,,
2020-10-28T13:42:00-CME-001,M2M_CATALOG,2020-10-28T13:42Z,,,2020-10-28,8T13,,,,,,,,,,,,,
2020-11-18T13:24:00-CME-001,M2M_CATALOG,2020-11-18T13:24Z,,,2020-11-18,8T13,,,,,,,,,,,,,
2020-11-18T13:36:00-CME-001,M2M_CATALOG,2020-11-18T13:36Z,,,2020-11-18,8T13,,,,,,,,,,,,,
2020-10-29T01:54:00-CME-001,M2M_CATALOG,2020-10-29T01:54Z,S19W28,12779.0,2020-10-29,9T01,,,,,,,,,,,,,
2020-10-31T00:12:00-CME-001,M2M_CATALOG,2020-10-31T00:12Z,,,2020-10-31,1T00,,,,,,,,,,,,,
2020-12-11T00:36:00-CME-001,M2M_CATALOG,2020-12-11T00:36Z,,,2020-12-11,1T00,,,,,,,,,,,,,
2020-11-01T20:00:00-CME-001,M2M_CATALOG,2020-11-01T20:00Z,,,2020-11-01,1T20,,,,,,,,,,,,,
2020-11-02T05:24:00-CME-001,M2M_CATALOG,2020-11-02T05:24Z,,,2020-11-02,2T05,,,,,,,,,,,,,
2020-11-07T13:24:00-CME-001,M2M_CATALOG,2020-11-07T13:24Z,N19W01,12780.0,2020-11-07,7T13,,,,,,,,,,,,,
2020-11-08T20:12:00-CME-001,M2M_CATALOG,2020-11-08T20:12Z,,,2020-11-08,8T20,,,,,,,,,,,,,
2020-11-11T19:36:00-CME-001,M2M_CATALOG,2020-11-11T19:36Z,S22E60,12782.0,2020-11-11,1T19,,,,,,,,,,,,,
2020-11-21T19:36:00-CME-001,M2M_CATALOG,2020-11-21T19:36Z,,,2020-11-21,1T19,,,,,,,,,,,,,
2020-12-11T19:09:00-CME-001,M2M_CATALOG,2020-12-11T19:09Z,,12791.0,2020-12-11,1T19,,,,,,,,,,,,,
2020-11-12T02:24:00-CME-001,M2M_CATALOG,2020-11-12T02:24Z,,,2020-11-12,2T02,,,,,,,,,,,,,
2020-11-13T12:24:00-CME-001,M2M_CATALOG,2020-11-13T12:24Z,,,2020-11-13,3T12,,,,,,,,,,,,,
2020-11-17T08:36:00-CME-001,M2M_CATALOG,2020-11-17T08:36Z,,,2020-11-17,7T08,,,,,,,,,,,,,
2020-11-17T19:00:00-CME-001,M2M_CATALOG,2020-11-17T19:00Z,,,2020-11-17,7T19,,,,,,,,,,,,,
2020-10-28T13:42:00-CME-001,M2M_CATALOG,2020-10-28T13:42Z,,,2020-10-28,8T13,,,,,,,,,,,,,
2020-11-18T13:24:00-CME-001,M2M_CATALOG,2020-11-18T13:24Z,,,2020-11-18,8T13,,,,,,,,,,,,,
2020-11-18T13:36:00-CME-001,M2M_CATALOG,2020-11-18T13:36Z,,,2020-11-18,8T13,,,,,,,,,,,,,
2020-10-28T13:42:00-CME-001,M2M_CATALOG,2020-10-28T13:42Z,,,2020-10-28,8T13,,,,,,,,,,,,,
2020-11-18T13:24:00-CME-001,M2M_CATALOG,2020-11-18T13:24Z,,,2020-11-18,8T13,,,,,,,,,,,,,
2020-11-18T13:36:00-CME-001,M2M_CATALOG,2020-11-18T13:36Z,,,2020-11-18,8T13,,,,,,,,,,,,,
2020-11-18T21:48:00-CME-001,M2M_CATALOG,2020-11-18T21:48Z,S20E138,,2020-11-18,8T21,,,,,,,,,,,,,
2020-11-19T02:54:00-CME-001,M2M_CATALOG,2020-11-19T02:54Z,,,2020-11-19,9T02,,,,,,,,,,,,,
2020-11-19T03:12:00-CME-001,M2M_CATALOG,2020-11-19T03:12Z,N30E40,,2020-11-19,9T03,,,,,,,,,,,,,
2020-11-19T06:48:00-CME-001,M2M_CATALOG,2020-11-19T06:48Z,S23E49,,2020-11-19,9T06,,,,,,,,,,,,,
2020-11-19T15:12:00-CME-001,M2M_CATALOG,2020-11-19T15:12Z,,,2020-11-19,9T15,,,,,,,,,,,,,
2020-11-29T15:05:00-CME-001,M2M_CATALOG,2020-11-29T15:05Z,,12783.0,2020-11-29,9T15,,,,,,,,,,,,,
2020-10-10T04:24:00-CME-001,M2M_CATALOG,2020-10-10T04:24Z,,,2020-10-10,0T04,,,,,,,,,,,,,
2020-10-13T21:12:00-CME-001,M2M_CATALOG,2020-10-13T21:12Z,S23W37,12775.0,2020-10-13,3T21,,,,,,,,,,,,,
2020-10-14T03:24:00-CME-001,M2M_CATALOG,2020-10-14T03:24Z,,,2020-10-14,4T03,,,,,,,,,,,,,
2020-10-15T11:24:00-CME-001,M2M_CATALOG,2020-10-15T11:24Z,,,2020-10-15,5T11,,,,,,,,,,,,,
2020-10-15T16:36:00-CME-001,M2M_CATALOG,2020-10-15T16:36Z,,,2020-10-15,5T16,,,,,,,,,,,,,
2020-10-16T13:36:00-CME-001,M2M_CATALOG,2020-10-16T13:36Z,,12774.0,2020-10-16,6T13,,,,,,,,,,,,,
2020-10-16T16:03:00-CME-001,M2M_CATALOG,2020-10-16T16:03Z,S23W66,12775.0,2020-10-16,6T16,1482.0,eb72965f-aa73-4d38-8037-40429a793c7c,Sierra Nevada,Bell’s Expedition,Stout,Bitter Gold,1318 - London Ale III,Rye malt,10 IBU,3.0%,6.5°Blg,Estados Unidos,1979.0
2020-10-18T09:24:00-CME-001,M2M_CATALOG,2020-10-18T09:24Z,,,2020-10-18,8T09,,,,,,,,,,,,,
2020-10-22T13:09:00-CME-001,M2M_CATALOG,2020-10-22T13:09Z,,,2020-10-22,2T13,,,,,,,,,,,,,
2020-11-02T05:24:00-CME-001,M2M_CATALOG,2020-11-02T05:24Z,,,2020-11-02,2T05,,,,,,,,,,,,,
2020-11-07T13:24:00-CME-001,M2M_CATALOG,2020-11-07T13:24Z,N19W01,12780.0,2020-11-07,7T13,,,,,,,,,,,,,
2020-11-08T20:12:00-CME-001,M2M_CATALOG,2020-11-08T20:12Z,,,2020-11-08,8T20,,,,,,,,,,,,,
2020-11-11T19:36:00-CME-001,M2M_CATALOG,2020-11-11T19:36Z,S22E60,12782.0,2020-11-11,1T19,,,,,,,,,,,,,
2020-11-21T19:36:00-CME-001,M2M_CATALOG,2020-11-21T19:36Z,,,2020-11-21,1T19,,,,,,,,,,,,,
2020-12-11T19:09:00-CME-001,M2M_CATALOG,2020-12-11T19:09Z,,12791.0,2020-12-11,1T19,,,,,,,,,,,,,
2020-11-12T02:24:00-CME-001,M2M_CATALOG,2020-11-12T02:24Z,,,2020-11-12,2T02,,,,,,,,,,,,,
2020-11-13T12:24:00-CME-001,M2M_CATALOG,2020-11-13T12:24Z,,,2020-11-13,3T12,,,,,,,,,,,,,
2020-11-17T08:36:00-CME-001,M2M_CATALOG,2020-11-17T08:36Z,,,2020-11-17,7T08,,,,,,,,,,,,,
2020-11-17T19:00:00-CME-001,M2M_CATALOG,2020-11-17T19:00Z,,,2020-11-17,7T19,,,,,,,,,,,,,
2020-11-18T21:48:00-CME-001,M2M_CATALOG,2020-11-18T21:48Z,S20E138,,2020-11-18,8T21,,,,,,,,,,,,,
2020-11-19T02:54:00-CME-001,M2M_CATALOG,2020-11-19T02:54Z,,,2020-11-19,9T02,,,,,,,,,,,,,
2020-11-27T05:48:00-CME-001,M2M_CATALOG,2020-11-27T05:48Z,,,2020-11-27,7T05,,,,,,,,,,,,,
2020-11-29T13:24:00-CME-001,M2M_CATALOG,2020-11-29T13:24Z,S23E97,,2020-11-29,9T13,,,,,,,,,,,,,
2020-11-30T07:09:00-CME-001,M2M_CATALOG,2020-11-30T07:09Z,,,2020-11-30,0T07,,,,,,,,,,,,,
2020-12-01T05:48:00-CME-001,M2M_CATALOG,2020-12-01T05:48Z,S25E80,12790.0,2020-12-01,1T05,,,,,,,,,,,,,
2020-12-01T07:12:00-CME-001,M2M_CATALOG,2020-12-01T07:12Z,N35E30,12787.0,2020-12-01,1T07,,,,,,,,,,,,,
2020-12-03T11:12:00-CME-001,M2M_CATALOG,2020-12-03T11:12Z,S30E137,,2020-12-03,3T11,,,,,,,,,,,,,
2020-12-04T02:48:00-CME-001,M2M_CATALOG,2020-12-04T02:48Z,,,2020-12-04,4T02,,,,,,,,,,,,,
2020-12-06T22:00:00-CME-001,M2M_CATALOG,2020-12-06T22:00Z,,,2020-12-06,6T22,,,,,,,,,,,,,
2020-12-07T16:24:00-CME-001,M2M_CATALOG,2020-12-07T16:24Z,S23W11,12790.0,2020-12-07,7T16,,,,,,,,,,,,,
2020-12-07T18:36:00-CME-001,M2M_CATALOG,2020-12-07T18:36Z,S40W30,,2020-12-07,7T18,,,,,,,,,,,,,
2020-12-17T06:48:00-CME-001,M2M_CATALOG,2020-12-17T06:48Z,,,2020-12-17,7T06,,,,,,,,,,,,,
2020-12-27T00:48:00-CME-001,M2M_CATALOG,2020-12-27T00:48Z,,,2020-12-27,7T00,,,,,,,,,,,,,
2020-12-30T02:24:00-CME-001,M2M_CATALOG,2020-12-30T02:24Z,S20E08,12795.0,2020-12-30,0T02,,,,,,,,,,,,,
2020-10-10T04:24:00-CME-001,M2M_CATALOG,2020-10-10T04:24Z,,,2020-10-10,0T04,,,,,,,,,,,,,
2020-10-13T21:12:00-CME-001,M2M_CATALOG,2020-10-13T21:12Z,S23W37,12775.0,2020-10-13,3T21,,,,,,,,,,,,,
2020-10-14T03:24:00-CME-001,M2M_CATALOG,2020-10-14T03:24Z,,,2020-10-14,4T03,,,,,,,,,,,,,
2020-10-15T11:24:00-CME-001,M2M_CATALOG,2020-10-15T11:24Z,,,2020-10-15,5T11,,,,,,,,,,,,,
2020-10-15T16:36:00-CME-001,M2M_CATALOG,2020-10-15T16:36Z,,,2020-10-15,5T16,1512.0,dc1f95a3-4a43-4cdf-8ee3-52139792e9c6,Carlsberg,Ten FIDY,Amber Hybrid Beer,Ahtanum,1388 - Belgian Strong Ale,Carapils,24 IBU,2.8%,7.6°Blg,Dinamarca,1847.0
2020-10-16T13:36:00-CME-001,M2M_CATALOG,2020-10-16T13:36Z,,12774.0,2020-10-16,6T13,,,,,,,,,,,,,
2020-10-16T16:03:00-CME-001,M2M_CATALOG,2020-10-16T16:03Z,S23W66,12775.0,2020-10-16,6T16,,,,,,,,,,,,,
2020-10-18T09:24:00-CME-001,M2M_CATALOG,2020-10-18T09:24Z,,,2020-10-18,8T09,,,,,,,,,,,,,
2020-10-22T13:09:00-CME-001,M2M_CATALOG,2020-10-22T13:09Z,,,2020-10-22,2T13,,,,,,,,,,,,,
2020-11-02T05:24:00-CME-001,M2M_CATALOG,2020-11-02T05:24Z,,,2020-11-02,2T05,,,,,,,,,,,,,
2020-11-07T13:24:00-CME-001,M2M_CATALOG,2020-11-07T13:24Z,N19W01,12780.0,2020-11-07,7T13,,,,,,,,,,,,,
2020-11-08T20:12:00-CME-001,M2M_CATALOG,2020-11-08T20:12Z,,,2020-11-08,8T20,,,,,,,,,,,,,
2020-11-11T19:36:00-CME-001,M2M_CATALOG,2020-11-11T19:36Z,S22E60,12782.0,2020-11-11,1T19,,,,,,,,,,,,,
2020-11-21T19:36:00-CME-001,M2M_CATALOG,2020-11-21T19:36Z,,,2020-11-21,1T19,,,,,,,,,,,,,
2020-12-11T19:09:00-CME-001,M2M_CATALOG,2020-12-11T19:09Z,,12791.0,2020-12-11,1T19,,,,,,,,,,,,,
2020-11-12T02:24:00-CME-001,M2M_CATALOG,2020-11-12T02:24Z,,,2020-11-12,2T02,,,,,,,,,,,,,
2020-11-13T12:24:00-CME-001,M2M_CATALOG,2020-11-13T12:24Z,,,2020-11-13,3T12,,,,,,,,,,,,,
2020-11-17T08:36:00-CME-001,M2M_CATALOG,2020-11-17T08:36Z,,,2020-11-17,7T08,,,,,,,,,,,,,
2020-11-17T19:00:00-CME-001,M2M_CATALOG,2020-11-17T19:00Z,,,2020-11-17,7T19,,,,,,,,,,,,,
2020-11-18T21:48:00-CME-001,M2M_CATALOG,2020-11-18T21:48Z,S20E138,,2020-11-18,8T21,,,,,,,,,,,,,
2020-11-19T02:54:00-CME-001,M2M_CATALOG,2020-11-19T02:54Z,,,2020-11-19,9T02,,,,,,,,,,,,,
2020-11-27T05:48:00-CME-001,M2M_CATALOG,2020-11-27T05:48Z,,,2020-11-27,7T05,,,,,,,,,,,,,
2020-11-29T13:24:00-CME-001,M2M_CATALOG,2020-11-29T13:24Z,S23E97,,2020-11-29,9T13,,,,,,,,,,,,,
2020-11-30T07:09:00-CME-001,M2M_CATALOG,2020-11-30T07:09Z,,,2020-11-30,0T07,,,,,,,,,,,,,
2020-12-01T05:48:00-CME-001,M2M_CATALOG,2020-12-01T05:48Z,S25E80,12790.0,2020-12-01,1T05,,,,,,,,,,,,,
2020-12-01T07:12:00-CME-001,M2M_CATALOG,2020-12-01T07:12Z,N35E30,12787.0,2020-12-01,1T07,,,,,,,,,,,,,
2020-12-03T11:12:00-CME-001,M2M_CATALOG,2020-12-03T11:12Z,S30E137,,2020-12-03,3T11,,,,,,,,,,,,,
2020-12-04T02:48:00-CME-001,M2M_CATALOG,2020-12-04T02:48Z,,,2020-12-04,4T02,,,,,,,,,,,,,
2020-12-06T22:00:00-CME-001,M2M_CATALOG,2020-12-06T22:00Z,,,2020-12-06,6T22,,,,,,,,,,,,,
2020-12-07T16:24:00-CME-001,M2M_CATALOG,2020-12-07T16:24Z,S23W11,12790.0,2020-12-07,7T16,,,,,,,,,,,,,
2020-12-07T18:36:00-CME-001,M2M_CATALOG,2020-12-07T18:36Z,S40W30,,2020-12-07,7T18,,,,,,,,,,,,,
2020-12-17T06:48:00-CME-001,M2M_CATALOG,2020-12-17T06:48Z,,,2020-12-17,7T06,,,,,,,,,,,,,
2020-12-27T00:48:00-CME-001,M2M_CATALOG,2020-12-27T00:48Z,,,2020-12-27,7T00,,,,,,,,,,,,,
2020-12-30T02:24:00-CME-001,M2M_CATALOG,2020-12-30T02:24Z,S20E08,12795.0,2020-12-30,0T02,,,,,,,,,,,,,
2020-10-10T04:24:00-CME-001,M2M_CATALOG,2020-10-10T04:24Z,,,2020-10-10,0T04,,,,,,,,,,,,,
2020-10-13T21:12:00-CME-001,M2M_CATALOG,2020-10-13T21:12Z,S23W37,12775.0,2020-10-13,3T21,,,,,,,,,,,,,
2020-10-14T03:24:00-CME-001,M2M_CATALOG,2020-10-14T03:24Z,,,2020-10-14,4T03,,,,,,,,,,,,,
2020-10-15T11:24:00-CME-001,M2M_CATALOG,2020-10-15T11:24Z,,,2020-10-15,5T11,,,,,,,,,,,,,
2020-10-15T16:36:00-CME-001,M2M_CATALOG,2020-10-15T16:36Z,,,2020-10-15,5T16,,,,,,,,,,,,,
2020-10-16T13:36:00-CME-001,M2M_CATALOG,2020-10-16T13:36Z,,12774.0,2020-10-16,6T13,,,,,,,,,,,,,
2020-10-16T16:03:00-CME-001,M2M_CATALOG,2020-10-16T16:03Z,S23W66,12775.0,2020-10-16,6T16,,,,,,,,,,,,,
2020-10-18T09:24:00-CME-001,M2M_CATALOG,2020-10-18T09:24Z,,,2020-10-18,8T09,,,,,,,,,,,,,
2020-10-22T13:09:00-CME-001,M2M_CATALOG,2020-10-22T13:09Z,,,2020-10-22,2T13,,,,,,,,,,,,,
2020-11-02T05:24:00-CME-001,M2M_CATALOG,2020-11-02T05:24Z,,,2020-11-02,2T05,,,,,,,,,,,,,
2020-11-07T13:24:00-CME-001,M2M_CATALOG,2020-11-07T13:24Z,N19W01,12780.0,2020-11-07,7T13,,,,,,,,,,,,,
2020-11-08T20:12:00-CME-001,M2M_CATALOG,2020-11-08T20:12Z,,,2020-11-08,8T20,,,,,,,,,,,,,
2020-11-11T19:36:00-CME-001,M2M_CATALOG,2020-11-11T19:36Z,S22E60,12782.0,2020-11-11,1T19,,,,,,,,,,,,,
2020-11-21T19:36:00-CME-001,M2M_CATALOG,2020-11-21T19:36Z,,,2020-11-21,1T19,,,,,,,,,,,,,
2020-12-11T19:09:00-CME-001,M2M_CATALOG,2020-12-11T19:09Z,,12791.0,2020-12-11,1T19,,,,,,,,,,,,,
2020-11-12T02:24:00-CME-001,M2M_CATALOG,2020-11-12T02:24Z,,,2020-11-12,2T02,,,,,,,,,,,,,
2020-11-13T12:24:00-CME-001,M2M_CATALOG,2020-11-13T12:24Z,,,2020-11-13,3T12,,,,,,,,,,,,,
2020-11-17T08:36:00-CME-001,M2M_CATALOG,2020-11-17T08:36Z,,,2020-11-17,7T08,,,,,,,,,,,,,
2020-11-17T19:00:00-CME-001,M2M_CATALOG,2020-11-17T19:00Z,,,2020-11-17,7T19,,,,,,,,,,,,,
2020-11-18T21:48:00-CME-001,M2M_CATALOG,2020-11-18T21:48Z,S20E138,,2020-11-18,8T21,,,,,,,,,,,,,
2020-11-19T02:54:00-CME-001,M2M_CATALOG,2020-11-19T02:54Z,,,2020-11-19,9T02,,,,,,,,,,,,,
2020-11-27T05:48:00-CME-001,M2M_CATALOG,2020-11-27T05:48Z,,,2020-11-27,7T05,,,,,,,,,,,,,
2020-11-29T13:24:00-CME-001,M2M_CATALOG,2020-11-29T13:24Z,S23E97,,2020-11-29,9T13,,,,,,,,,,,,,
2020-11-30T07:09:00-CME-001,M2M_CATALOG,2020-11-30T07:09Z,,,2020-11-30,0T07,,,,,,,,,,,,,
2020-12-01T05:48:00-CME-001,M2M_CATALOG,2020-12-01T05:48Z,S25E80,12790.0,2020-12-01,1T05,,,,,,,,,,,,,
2020-12-01T07:12:00-CME-001,M2M_CATALOG,2020-12-01T07:12Z,N35E30,12787.0,2020-12-01,1T07,,,,,,,,,,,,,
2020-12-03T11:12:00-CME-001,M2M_CATALOG,2020-12-03T11:12Z,S30E137,,2020-12-03,3T11,,,,,,,,,,,,,
2020-12-04T02:48:00-CME-001,M2M_CATALOG,2020-12-04T02:48Z,,,2020-12-04,4T02,,,,,,,,,,,,,
2020-12-06T22:00:00-CME-001,M2M_CATALOG,2020-12-06T22:00Z,,,2020-12-06,6T22,,,,,,,,,,,,,
2020-12-07T16:24:00-CME-001,M2M_CATALOG,2020-12-07T16:24Z,S23W11,12790.0,2020-12-07,7T16,,,,,,,,,,,,,
2020-12-07T18:36:00-CME-001,M2M_CATALOG,2020-12-07T18:36Z,S40W30,,2020-12-07,7T18,,,,,,,,,,,,,
2020-12-17T06:48:00-CME-001,M2M_CATALOG,2020-12-17T06:48Z,,,2020-12-17,7T06,,,,,,,,,,,,,
2020-12-27T00:48:00-CME-001,M2M_CATALOG,2020-12-27T00:48Z,,,2020-12-27,7T00,,,,,,,,,,,,,
2020-12-30T02:24:00-CME-001,M2M_CATALOG,2020-12-30T02:24Z,S20E08,12795.0,2020-12-30,0T02,,,,,,,,,,,,,
2020-10-23T04:39:00-CME-001,M2M_CATALOG,2020-10-23T04:39Z,,,2020-10-23,3T04,,,,,,,,,,,,,
2020-10-23T22:35:00-CME-001,M2M_CATALOG,2020-10-23T22:35Z,,,2020-10-23,3T22,,,,,,,,,,,,,
2020-10-10T04:24:00-CME-001,M2M_CATALOG,2020-10-10T04:24Z,,,2020-10-10,0T04,,,,,,,,,,,,,
2020-10-13T21:12:00-CME-001,M2M_CATALOG,2020-10-13T21:12Z,S23W37,12775.0,2020-10-13,3T21,,,,,,,,,,,,,
2020-10-14T03:24:00-CME-001,M2M_CATALOG,2020-10-14T03:24Z,,,2020-10-14,4T03,,,,,,,,,,,,,
2020-10-15T11:24:00-CME-001,M2M_CATALOG,2020-10-15T11:24Z,,,2020-10-15,5T11,,,,,,,,,,,,,
2020-10-15T16:36:00-CME-001,M2M_CATALOG,2020-10-15T16:36Z,,,2020-10-15,5T16,,,,,,,,,,,,,
2020-10-16T13:36:00-CME-001,M2M_CATALOG,2020-10-16T13:36Z,,12774.0,2020-10-16,6T13,,,,,,,,,,,,,
2020-10-16T16:03:00-CME-001,M2M_CATALOG,2020-10-16T16:03Z,S23W66,12775.0,2020-10-16,6T16,,,,,,,,,,,,,
2020-10-18T09:24:00-CME-001,M2M_CATALOG,2020-10-18T09:24Z,,,2020-10-18,8T09,,,,,,,,,,,,,
2020-10-22T13:09:00-CME-001,M2M_CATALOG,2020-10-22T13:09Z,,,2020-10-22,2T13,,,,,,,,,,,,,
2020-10-23T04:39:00-CME-001,M2M_CATALOG,2020-10-23T04:39Z,,,2020-10-23,3T04,,,,,,,,,,,,,
2020-10-23T22:35:00-CME-001,M2M_CATALOG,2020-10-23T22:35Z,,,2020-10-23,3T22,1584.0,250990a5-4510-4906-ac42-4d0f9433a3cc,Harp,Chimay Grande Réserve,Fruit Beer,Summit,3056 - Bavarian Wheat Blend,Carapils,83 IBU,9.8%,9.5°Blg,Irlanda,1960.0
2020-10-26T09:12:00-CME-001,M2M_CATALOG,2020-10-26T09:12Z,,,2020-10-26,6T09,,,,,,,,,,,,,
2020-10-26T18:09:00-CME-001,M2M_CATALOG,2020-10-26T18:09Z,,,2020-10-26,6T18,,,,,,,,,,,,,
2020-10-27T03:39:00-CME-001,M2M_CATALOG,2020-10-27T03:39Z,,,2020-10-27,7T03,,,,,,,,,,,,,
2020-10-28T13:42:00-CME-001,M2M_CATALOG,2020-10-28T13:42Z,,,2020-10-28,8T13,,,,,,,,,,,,,
2020-11-18T13:24:00-CME-001,M2M_CATALOG,2020-11-18T13:24Z,,,2020-11-18,8T13,,,,,,,,,,,,,
2020-11-18T13:36:00-CME-001,M2M_CATALOG,2020-11-18T13:36Z,,,2020-11-18,8T13,,,,,,,,,,,,,
2020-10-29T01:54:00-CME-001,M2M_CATALOG,2020-10-29T01:54Z,S19W28,12779.0,2020-10-29,9T01,,,,,,,,,,,,,
2020-10-31T00:12:00-CME-001,M2M_CATALOG,2020-10-31T00:12Z,,,2020-10-31,1T00,,,,,,,,,,,,,
2020-12-11T00:36:00-CME-001,M2M_CATALOG,2020-12-11T00:36Z,,,2020-12-11,1T00,,,,,,,,,,,,,
2020-11-01T20:00:00-CME-001,M2M_CATALOG,2020-11-01T20:00Z,,,2020-11-01,1T20,,,,,,,,,,,,,
2020-11-02T05:24:00-CME-001,M2M_CATALOG,2020-11-02T05:24Z,,,2020-11-02,2T05,,,,,,,,,,,,,
2020-11-07T13:24:00-CME-001,M2M_CATALOG,2020-11-07T13:24Z,N19W01,12780.0,2020-11-07,7T13,,,,,,,,,,,,,
2020-11-08T20:12:00-CME-001,M2M_CATALOG,2020-11-08T20:12Z,,,2020-11-08,8T20,,,,,,,,,,,,,
2020-11-11T19:36:00-CME-001,M2M_CATALOG,2020-11-11T19:36Z,S22E60,12782.0,2020-11-11,1T19,,,,,,,,,,,,,
2020-11-21T19:36:00-CME-001,M2M_CATALOG,2020-11-21T19:36Z,,,2020-11-21,1T19,,,,,,,,,,,,,
2020-12-11T19:09:00-CME-001,M2M_CATALOG,2020-12-11T19:09Z,,12791.0,2020-12-11,1T19,,,,,,,,,,,,,
2020-11-12T02:24:00-CME-001,M2M_CATALOG,2020-11-12T02:24Z,,,2020-11-12,2T02,,,,,,,,,,,,,
2020-11-13T12:24:00-CME-001,M2M_CATALOG,2020-11-13T12:24Z,,,2020-11-13,3T12,,,,,,,,,,,,,
2020-11-17T08:36:00-CME-001,M2M_CATALOG,2020-11-17T08:36Z,,,2020-11-17,7T08,,,,,,,,,,,,,
2020-11-17T19:00:00-CME-001,M2M_CATALOG,2020-11-17T19:00Z,,,2020-11-17,7T19,,,,,,,,,,,,,
2020-10-28T13:42:00-CME-001,M2M_CATALOG,2020-10-28T13:42Z,,,2020-10-28,8T13,,,,,,,,,,,,,
2020-11-18T13:24:00-CME-001,M2M_CATALOG,2020-11-18T13:24Z,,,2020-11-18,8T13,,,,,,,,,,,,,
2020-11-18T13:36:00-CME-001,M2M_CATALOG,2020-11-18T13:36Z,,,2020-11-18,8T13,,,,,,,,,,,,,
2020-10-28T13:42:00-CME-001,M2M_CATALOG,2020-10-28T13:42Z,,,2020-10-28,8T13,,,,,,,,,,,,,
2020-11-18T13:24:00-CME-001,M2M_CATALOG,2020-11-18T13:24Z,,,2020-11-18,8T13,,,,,,,,,,,,,
2020-11-18T13:36:00-CME-001,M2M_CATALOG,2020-11-18T13:36Z,,,2020-11-18,8T13,,,,,,,,,,,,,
2020-11-18T21:48:00-CME-001,M2M_CATALOG,2020-11-18T21:48Z,S20E138,,2020-11-18,8T21,,,,,,,,,,,,,
2020-11-19T02:54:00-CME-001,M2M_CATALOG,2020-11-19T02:54Z,,,2020-11-19,9T02,,,,,,,,,,,,,
2020-11-19T03:12:00-CME-001,M2M_CATALOG,2020-11-19T03:12Z,N30E40,,2020-11-19,9T03,,,,,,,,,,,,,
2020-11-19T06:48:00-CME-001,M2M_CATALOG,2020-11-19T06:48Z,S23E49,,2020-11-19,9T06,,,,,,,,,,,,,
2020-11-19T15:12:00-CME-001,M2M_CATALOG,2020-11-19T15:12Z,,,2020-11-19,9T15,,,,,,,,,,,,,
2020-11-29T15:05:00-CME-001,M2M_CATALOG,2020-11-29T15:05Z,,12783.0,2020-11-29,9T15,,,,,,,,,,,,,
2020-11-20T19:51:00-CME-001,M2M_CATALOG,2020-11-20T19:51Z,,12783.0,2020-11-20,0T19,,,,,,,,,,,,,
2020-11-20T21:12:00-CME-001,M2M_CATALOG,2020-11-20T21:12Z,,,2020-11-20,0T21,,,,,,,,,,,,,
2020-11-11T19:36:00-CME-001,M2M_CATALOG,2020-11-11T19:36Z,S22E60,12782.0,2020-11-11,1T19,,,,,,,,,,,,,
2020-11-21T19:36:00-CME-001,M2M_CATALOG,2020-11-21T19:36Z,,,2020-11-21,1T19,,,,,,,,,,,,,
2020-12-11T19:09:00-CME-001,M2M_CATALOG,2020-12-11T19:09Z,,12791.0,2020-12-11,1T19,,,,,,,,,,,,,
2020-11-21T23:12:00-CME-001,M2M_CATALOG,2020-11-21T23:12Z,,,2020-11-21,1T23,,,,,,,,,,,,,
2020-11-22T01:36:00-CME-001,M2M_CATALOG,2020-11-22T01:36Z,,,2020-11-22,2T01,,,,,,,,,,,,,
2020-11-23T18:48:00-CME-001,M2M_CATALOG,2020-11-23T18:48Z,,,2020-11-23,3T18,,,,,,,,,,,,,
2020-11-24T04:36:00-CME-001,M2M_CATALOG,2020-11-24T04:36Z,S20E65,12785.0,2020-11-24,4T04,,,,,,,,,,,,,
2020-11-24T11:24:00-CME-001,M2M_CATALOG,2020-11-24T11:24Z,,,2020-11-24,4T11,,,,,,,,,,,,,
2020-12-04T11:09:00-CME-001,M2M_CATALOG,2020-12-04T11:09Z,,,2020-12-04,4T11,,,,,,,,,,,,,
2020-11-24T13:24:00-CME-001,M2M_CATALOG,2020-11-24T13:24Z,,,2020-11-24,4T13,,,,,,,,,,,,,
2020-11-26T08:24:00-CME-001,M2M_CATALOG,2020-11-26T08:24Z,,,2020-11-26,6T08,,,,,,,,,,,,,
2020-11-26T21:24:00-CME-001,M2M_CATALOG,2020-11-26T21:24Z,N32E90,12787.0,2020-11-26,6T21,,,,,,,,,,,,,
2020-11-27T05:48:00-CME-001,M2M_CATALOG,2020-11-27T05:48Z,,,2020-11-27,7T05,,,,,,,,,,,,,
2020-11-29T13:24:00-CME-001,M2M_CATALOG,2020-11-29T13:24Z,S23E97,,2020-11-29,9T13,,,,,,,,,,,,,
2020-11-19T15:12:00-CME-001,M2M_CATALOG,2020-11-19T15:12Z,,,2020-11-19,9T15,,,,,,,,,,,,,
2020-11-29T15:05:00-CME-001,M2M_CATALOG,2020-11-29T15:05Z,,12783.0,2020-11-29,9T15,,,,,,,,,,,,,
2020-11-30T07:09:00-CME-001,M2M_CATALOG,2020-11-30T07:09Z,,,2020-11-30,0T07,,,,,,,,,,,,,
2020-12-01T05:48:00-CME-001,M2M_CATALOG,2020-12-01T05:48Z,S25E80,12790.0,2020-12-01,1T05,,,,,,,,,,,,,
2020-12-01T07:12:00-CME-001,M2M_CATALOG,2020-12-01T07:12Z,N35E30,12787.0,2020-12-01,1T07,,,,,,,,,,,,,
2020-12-03T11:12:00-CME-001,M2M_CATALOG,2020-12-03T11:12Z,S30E137,,2020-12-03,3T11,,,,,,,,,,,,,
2020-12-04T02:48:00-CME-001,M2M_CATALOG,2020-12-04T02:48Z,,,2020-12-04,4T02,,,,,,,,,,,,,
2020-11-24T11:24:00-CME-001,M2M_CATALOG,2020-11-24T11:24Z,,,2020-11-24,4T11,,,,,,,,,,,,,
2020-12-04T11:09:00-CME-001,M2M_CATALOG,2020-12-04T11:09Z,,,2020-12-04,4T11,,,,,,,,,,,,,
2020-12-06T22:00:00-CME-001,M2M_CATALOG,2020-12-06T22:00Z,,,2020-12-06,6T22,,,,,,,,,,,,,
2020-12-07T16:24:00-CME-001,M2M_CATALOG,2020-12-07T16:24Z,S23W11,12790.0,2020-12-07,7T16,,,,,,,,,,,,,
2020-12-07T18:36:00-CME-001,M2M_CATALOG,2020-12-07T18:36Z,S40W30,,2020-12-07,7T18,,,,,,,,,,,,,
2020-10-31T00:12:00-CME-001,M2M_CATALOG,2020-10-31T00:12Z,,,2020-10-31,1T00,,,,,,,,,,,,,
2020-12-11T00:36:00-CME-001,M2M_CATALOG,2020-12-11T00:36Z,,,2020-12-11,1T00,,,,,,,,,,,,,
2020-11-11T19:36:00-CME-001,M2M_CATALOG,2020-11-11T19:36Z,S22E60,12782.0,2020-11-11,1T19,,,,,,,,,,,,,
2020-11-21T19:36:00-CME-001,M2M_CATALOG,2020-11-21T19:36Z,,,2020-11-21,1T19,,,,,,,,,,,,,
2020-12-11T19:09:00-CME-001,M2M_CATALOG,2020-12-11T19:09Z,,12791.0,2020-12-11,1T19,,,,,,,,,,,,,
2020-12-12T04:12:00-CME-001,M2M_CATALOG,2020-12-12T04:12Z,,,2020-12-12,2T04,,,,,,,,,,,,,
2020-12-13T09:24:00-CME-001,M2M_CATALOG,2020-12-13T09:24Z,,,2020-12-13,3T09,,,,,,,,,,,,,
2020-12-14T15:12:00-CME-001,M2M_CATALOG,2020-12-14T15:12Z,S22E44,12792.0,2020-12-14,4T15,,,,,,,,,,,,,
2020-12-14T21:12:00-CME-001,M2M_CATALOG,2020-12-14T21:12Z,N40E110,,2020-12-14,4T21,,,,,,,,,,,,,
2020-12-17T06:48:00-CME-001,M2M_CATALOG,2020-12-17T06:48Z,,,2020-12-17,7T06,,,,,,,,,,,,,
2020-12-27T00:48:00-CME-001,M2M_CATALOG,2020-12-27T00:48Z,,,2020-12-27,7T00,,,,,,,,,,,,,
2020-12-30T02:24:00-CME-001,M2M_CATALOG,2020-12-30T02:24Z,S20E08,12795.0,2020-12-30,0T02,,,,,,,,,,,,,
2020-10-10T04:24:00-CME-001,M2M_CATALOG,2020-10-10T04:24Z,,,2020-10-10,0T04,,,,,,,,,,,,,
2020-10-13T21:12:00-CME-001,M2M_CATALOG,2020-10-13T21:12Z,S23W37,12775.0,2020-10-13,3T21,,,,,,,,,,,,,
2020-10-14T03:24:00-CME-001,M2M_CATALOG,2020-10-14T03:24Z,,,2020-10-14,4T03,,,,,,,,,,,,,
2020-10-15T11:24:00-CME-001,M2M_CATALOG,2020-10-15T11:24Z,,,2020-10-15,5T11,,,,,,,,,,,,,
2020-10-15T16:36:00-CME-001,M2M_CATALOG,2020-10-15T16:36Z,,,2020-10-15,5T16,,,,,,,,,,,,,
2020-10-16T13:36:00-CME-001,M2M_CATALOG,2020-10-16T13:36Z,,12774.0,2020-10-16,6T13,,,,,,,,,,,,,
2020-10-16T16:03:00-CME-001,M2M_CATALOG,2020-10-16T16:03Z,S23W66,12775.0,2020-10-16,6T16,,,,,,,,,,,,,
2020-10-18T09:24:00-CME-001,M2M_CATALOG,2020-10-18T09:24Z,,,2020-10-18,8T09,,,,,,,,,,,,,
2020-10-22T13:09:00-CME-001,M2M_CATALOG,2020-10-22T13:09Z,,,2020-10-22,2T13,,,,,,,,,,,,,
2020-10-23T04:39:00-CME-001,M2M_CATALOG,2020-10-23T04:39Z,,,2020-10-23,3T04,,,,,,,,,,,,,
2020-10-23T22:35:00-CME-001,M2M_CATALOG,2020-10-23T22:35Z,,,2020-10-23,3T22,,,,,,,,,,,,,
2020-10-26T09:12:00-CME-001,M2M_CATALOG,2020-10-26T09:12Z,,,2020-10-26,6T09,,,,,,,,,,,,,
2020-10-26T18:09:00-CME-001,M2M_CATALOG,2020-10-26T18:09Z,,,2020-10-26,6T18,,,,,,,,,,,,,
2020-10-27T03:39:00-CME-001,M2M_CATALOG,2020-10-27T03:39Z,,,2020-10-27,7T03,,,,,,,,,,,,,
2020-10-28T13:42:00-CME-001,M2M_CATALOG,2020-10-28T13:42Z,,,2020-10-28,8T13,,,,,,,,,,,,,
2020-11-18T13:24:00-CME-001,M2M_CATALOG,2020-11-18T13:24Z,,,2020-11-18,8T13,,,,,,,,,,,,,
2020-11-18T13:36:00-CME-001,M2M_CATALOG,2020-11-18T13:36Z,,,2020-11-18,8T13,,,,,,,,,,,,,
2020-10-29T01:54:00-CME-001,M2M_CATALOG,2020-10-29T01:54Z,S19W28,12779.0,2020-10-29,9T01,,,,,,,,,,,,,
2020-10-31T00:12:00-CME-001,M2M_CATALOG,2020-10-31T00:12Z,,,2020-10-31,1T00,,,,,,,,,,,,,
2020-12-11T00:36:00-CME-001,M2M_CATALOG,2020-12-11T00:36Z,,,2020-12-11,1T00,,,,,,,,,,,,,
2020-11-01T20:00:00-CME-001,M2M_CATALOG,2020-11-01T20:00Z,,,2020-11-01,1T20,,,,,,,,,,,,,
2020-11-02T05:24:00-CME-001,M2M_CATALOG,2020-11-02T05:24Z,,,2020-11-02,2T05,,,,,,,,,,,,,
2020-11-07T13:24:00-CME-001,M2M_CATALOG,2020-11-07T13:24Z,N19W01,12780.0,2020-11-07,7T13,,,,,,,,,,,,,
2020-11-08T20:12:00-CME-001,M2M_CATALOG,2020-11-08T20:12Z,,,2020-11-08,8T20,,,,,,,,,,,,,
2020-11-11T19:36:00-CME-001,M2M_CATALOG,2020-11-11T19:36Z,S22E60,12782.0,2020-11-11,1T19,,,,,,,,,,,,,
2020-11-21T19:36:00-CME-001,M2M_CATALOG,2020-11-21T19:36Z,,,2020-11-21,1T19,,,,,,,,,,,,,
2020-12-11T19:09:00-CME-001,M2M_CATALOG,2020-12-11T19:09Z,,12791.0,2020-12-11,1T19,,,,,,,,,,,,,
2020-11-12T02:24:00-CME-001,M2M_CATALOG,2020-11-12T02:24Z,,,2020-11-12,2T02,,,,,,,,,,,,,
2020-11-13T12:24:00-CME-001,M2M_CATALOG,2020-11-13T12:24Z,,,2020-11-13,3T12,,,,,,,,,,,,,
2020-11-17T08:36:00-CME-001,M2M_CATALOG,2020-11-17T08:36Z,,,2020-11-17,7T08,,,,,,,,,,,,,
2020-11-17T19:00:00-CME-001,M2M_CATALOG,2020-11-17T19:00Z,,,2020-11-17,7T19,,,,,,,,,,,,,
2020-10-28T13:42:00-CME-001,M2M_CATALOG,2020-10-28T13:42Z,,,2020-10-28,8T13,,,,,,,,,,,,,
2020-11-18T13:24:00-CME-001,M2M_CATALOG,2020-11-18T13:24Z,,,2020-11-18,8T13,,,,,,,,,,,,,
2020-11-18T13:36:00-CME-001,M2M_CATALOG,2020-11-18T13:36Z,,,2020-11-18,8T13,,,,,,,,,,,,,
2020-10-28T13:42:00-CME-001,M2M_CATALOG,2020-10-28T13:42Z,,,2020-10-28,8T13,,,,,,,,,,,,,
2020-11-18T13:24:00-CME-001,M2M_CATALOG,2020-11-18T13:24Z,,,2020-11-18,8T13,,,,,,,,,,,,,
2020-11-18T13:36:00-CME-001,M2M_CATALOG,2020-11-18T13:36Z,,,2020-11-18,8T13,,,,,,,,,,,,,
2020-11-18T21:48:00-CME-001,M2M_CATALOG,2020-11-18T21:48Z,S20E138,,2020-11-18,8T21,,,,,,,,,,,,,
2020-11-19T02:54:00-CME-001,M2M_CATALOG,2020-11-19T02:54Z,,,2020-11-19,9T02,,,,,,,,,,,,,
2020-11-19T03:12:00-CME-001,M2M_CATALOG,2020-11-19T03:12Z,N30E40,,2020-11-19,9T03,,,,,,,,,,,,,
2020-11-19T06:48:00-CME-001,M2M_CATALOG,2020-11-19T06:48Z,S23E49,,2020-11-19,9T06,,,,,,,,,,,,,
2020-11-19T15:12:00-CME-001,M2M_CATALOG,2020-11-19T15:12Z,,,2020-11-19,9T15,,,,,,,,,,,,,
2020-11-29T15:05:00-CME-001,M2M_CATALOG,2020-11-29T15:05Z,,12783.0,2020-11-29,9T15,,,,,,,,,,,,,
2020-11-20T19:51:00-CME-001,M2M_CATALOG,2020-11-20T19:51Z,,12783.0,2020-11-20,0T19,,,,,,,,,,,,,
2020-10-10T04:24:00-CME-001,M2M_CATALOG,2020-10-10T04:24Z,,,2020-10-10,0T04,,,,,,,,,,,,,
2020-10-13T21:12:00-CME-001,M2M_CATALOG,2020-10-13T21:12Z,S23W37,12775.0,2020-10-13,3T21,,,,,,,,,,,,,
2020-10-14T03:24:00-CME-001,M2M_CATALOG,2020-10-14T03:24Z,,,2020-10-14,4T03,,,,,,,,,,,,,
2020-10-15T11:24:00-CME-001,M2M_CATALOG,2020-10-15T11:24Z,,,2020-10-15,5T11,,,,,,,,,,,,,
2020-10-15T16:36:00-CME-001,M2M_CATALOG,2020-10-15T16:36Z,,,2020-10-15,5T16,,,,,,,,,,,,,
2020-10-16T13:36:00-CME-001,M2M_CATALOG,2020-10-16T13:36Z,,12774.0,2020-10-16,6T13,,,,,,,,,,,,,
2020-10-16T16:03:00-CME-001,M2M_CATALOG,2020-10-16T16:03Z,S23W66,12775.0,2020-10-16,6T16,,,,,,,,,,,,,
2020-10-18T09:24:00-CME-001,M2M_CATALOG,2020-10-18T09:24Z,,,2020-10-18,8T09,,,,,,,,,,,,,
2020-10-22T13:09:00-CME-001,M2M_CATALOG,2020-10-22T13:09Z,,,2020-10-22,2T13,,,,,,,,,,,,,
2020-10-23T04:39:00-CME-001,M2M_CATALOG,2020-10-23T04:39Z,,,2020-10-23,3T04,,,,,,,,,,,,,
2020-10-23T22:35:00-CME-001,M2M_CATALOG,2020-10-23T22:35Z,,,2020-10-23,3T22,,,,,,,,,,,,,
2020-10-26T09:12:00-CME-001,M2M_CATALOG,2020-10-26T09:12Z,,,2020-10-26,6T09,,,,,,,,,,,,,
2020-10-26T18:09:00-CME-001,M2M_CATALOG,2020-10-26T18:09Z,,,2020-10-26,6T18,,,,,,,,,,,,,
2020-10-27T03:39:00-CME-001,M2M_CATALOG,2020-10-27T03:39Z,,,2020-10-27,7T03,,,,,,,,,,,,,
2020-10-28T13:42:00-CME-001,M2M_CATALOG,2020-10-28T13:42Z,,,2020-10-28,8T13,,,,,,,,,,,,,
2020-11-18T13:24:00-CME-001,M2M_CATALOG,2020-11-18T13:24Z,,,2020-11-18,8T13,,,,,,,,,,,,,
2020-11-18T13:36:00-CME-001,M2M_CATALOG,2020-11-18T13:36Z,,,2020-11-18,8T13,,,,,,,,,,,,,
2020-10-29T01:54:00-CME-001,M2M_CATALOG,2020-10-29T01:54Z,S19W28,12779.0,2020-10-29,9T01,,,,,,,,,,,,,
2020-10-31T00:12:00-CME-001,M2M_CATALOG,2020-10-31T00:12Z,,,2020-10-31,1T00,,,,,,,,,,,,,
2020-12-11T00:36:00-CME-001,M2M_CATALOG,2020-12-11T00:36Z,,,2020-12-11,1T00,,,,,,,,,,,,,
2020-11-01T20:00:00-CME-001,M2M_CATALOG,2020-11-01T20:00Z,,,2020-11-01,1T20,,,,,,,,,,,,,
2020-11-02T05:24:00-CME-001,M2M_CATALOG,2020-11-02T05:24Z,,,2020-11-02,2T05,,,,,,,,,,,,,
2020-11-07T13:24:00-CME-001,M2M_CATALOG,2020-11-07T13:24Z,N19W01,12780.0,2020-11-07,7T13,,,,,,,,,,,,,
2020-11-08T20:12:00-CME-001,M2M_CATALOG,2020-11-08T20:12Z,,,2020-11-08,8T20,,,,,,,,,,,,,
2020-11-11T19:36:00-CME-001,M2M_CATALOG,2020-11-11T19:36Z,S22E60,12782.0,2020-11-11,1T19,,,,,,,,,,,,,
2020-11-21T19:36:00-CME-001,M2M_CATALOG,2020-11-21T19:36Z,,,2020-11-21,1T19,,,,,,,,,,,,,
2020-12-11T19:09:00-CME-001,M2M_CATALOG,2020-12-11T19:09Z,,12791.0,2020-12-11,1T19,,,,,,,,,,,,,
2020-11-12T02:24:00-CME-001,M2M_CATALOG,2020-11-12T02:24Z,,,2020-11-12,2T02,,,,,,,,,,,,,
2020-11-13T12:24:00-CME-001,M2M_CATALOG,2020-11-13T12:24Z,,,2020-11-13,3T12,,,,,,,,,,,,,
2020-11-17T08:36:00-CME-001,M2M_CATALOG,2020-11-17T08:36Z,,,2020-11-17,7T08,,,,,,,,,,,,,
2020-11-17T19:00:00-CME-001,M2M_CATALOG,2020-11-17T19:00Z,,,2020-11-17,7T19,,,,,,,,,,,,,
2020-10-28T13:42:00-CME-001,M2M_CATALOG,2020-10-28T13:42Z,,,2020-10-28,8T13,,,,,,,,,,,,,
2020-11-18T13:24:00-CME-001,M2M_CATALOG,2020-11-18T13:24Z,,,2020-11-18,8T13,,,,,,,,,,,,,
2020-11-18T13:36:00-CME-001,M2M_CATALOG,2020-11-18T13:36Z,,,2020-11-18,8T13,,,,,,,,,,,,,
2020-10-28T13:42:00-CME-001,M2M_CATALOG,2020-10-28T13:42Z,,,2020-10-28,8T13,,,,,,,,,,,,,
2020-11-18T13:24:00-CME-001,M2M_CATALOG,2020-11-18T13:24Z,,,2020-11-18,8T13,,,,,,,,,,,,,
2020-11-18T13:36:00-CME-001,M2M_CATALOG,2020-11-18T13:36Z,,,2020-11-18,8T13,,,,,,,,,,,,,
2020-11-18T21:48:00-CME-001,M2M_CATALOG,2020-11-18T21:48Z,S20E138,,2020-11-18,8T21,,,,,,,,,,,,,
2020-11-19T02:54:00-CME-001,M2M_CATALOG,2020-11-19T02:54Z,,,2020-11-19,9T02,,,,,,,,,,,,,
2020-11-19T03:12:00-CME-001,M2M_CATALOG,2020-11-19T03:12Z,N30E40,,2020-11-19,9T03,,,,,,,,,,,,,
2020-11-19T06:48:00-CME-001,M2M_CATALOG,2020-11-19T06:48Z,S23E49,,2020-11-19,9T06,,,,,,,,,,,,,
2020-11-19T15:12:00-CME-001,M2M_CATALOG,2020-11-19T15:12Z,,,2020-11-19,9T15,1705.0,e199d246-7712-44c1-8cfa-c32f379c9751,Tsingtao,St. Bernardus Abt 12,Merican Ale,TriplePearl,3463 - Forbidden Fruit,Caramel,69 IBU,6.1%,11.1°Blg,China,1903.0
2020-11-29T15:05:00-CME-001,M2M_CATALOG,2020-11-29T15:05Z,,12783.0,2020-11-29,9T15,1705.0,e199d246-7712-44c1-8cfa-c32f379c9751,Tsingtao,St. Bernardus Abt 12,Merican Ale,TriplePearl,3463 - Forbidden Fruit,Caramel,69 IBU,6.1%,11.1°Blg,China,1903.0
2020-11-20T19:51:00-CME-001,M2M_CATALOG,2020-11-20T19:51Z,,12783.0,2020-11-20,0T19,,,,,,,,,,,,,
2020-11-20T21:12:00-CME-001,M2M_CATALOG,2020-11-20T21:12Z,,,2020-11-20,0T21,,,,,,,,,,,,,
2020-11-11T19:36:00-CME-001,M2M_CATALOG,2020-11-11T19:36Z,S22E60,12782.0,2020-11-11,1T19,,,,,,,,,,,,,
2020-11-21T19:36:00-CME-001,M2M_CATALOG,2020-11-21T19:36Z,,,2020-11-21,1T19,,,,,,,,,,,,,
2020-12-11T19:09:00-CME-001,M2M_CATALOG,2020-12-11T19:09Z,,12791.0,2020-12-11,1T19,,,,,,,,,,,,,
2020-11-21T23:12:00-CME-001,M2M_CATALOG,2020-11-21T23:12Z,,,2020-11-21,1T23,,,,,,,,,,,,,
2020-11-22T01:36:00-CME-001,M2M_CATALOG,2020-11-22T01:36Z,,,2020-11-22,2T01,,,,,,,,,,,,,
2020-11-23T18:48:00-CME-001,M2M_CATALOG,2020-11-23T18:48Z,,,2020-11-23,3T18,,,,,,,,,,,,,
2020-11-24T04:36:00-CME-001,M2M_CATALOG,2020-11-24T04:36Z,S20E65,12785.0,2020-11-24,4T04,,,,,,,,,,,,,
2020-11-24T11:24:00-CME-001,M2M_CATALOG,2020-11-24T11:24Z,,,2020-11-24,4T11,,,,,,,,,,,,,
2020-12-04T11:09:00-CME-001,M2M_CATALOG,2020-12-04T11:09Z,,,2020-12-04,4T11,,,,,,,,,,,,,
2020-11-24T13:24:00-CME-001,M2M_CATALOG,2020-11-24T13:24Z,,,2020-11-24,4T13,,,,,,,,,,,,,
2020-11-26T08:24:00-CME-001,M2M_CATALOG,2020-11-26T08:24Z,,,2020-11-26,6T08,,,,,,,,,,,,,
2020-11-26T21:24:00-CME-001,M2M_CATALOG,2020-11-26T21:24Z,N32E90,12787.0,2020-11-26,6T21,,,,,,,,,,,,,
2020-11-27T05:48:00-CME-001,M2M_CATALOG,2020-11-27T05:48Z,,,2020-11-27,7T05,,,,,,,,,,,,,
2020-11-29T13:24:00-CME-001,M2M_CATALOG,2020-11-29T13:24Z,S23E97,,2020-11-29,9T13,,,,,,,,,,,,,
2020-11-19T15:12:00-CME-001,M2M_CATALOG,2020-11-19T15:12Z,,,2020-11-19,9T15,,,,,,,,,,,,,
2020-11-29T15:05:00-CME-001,M2M_CATALOG,2020-11-29T15:05Z,,12783.0,2020-11-29,9T15,,,,,,,,,,,,,
2020-11-30T07:09:00-CME-001,M2M_CATALOG,2020-11-30T07:09Z,,,2020-11-30,0T07,,,,,,,,,,,,,
2020-12-01T05:48:00-CME-001,M2M_CATALOG,2020-12-01T05:48Z,S25E80,12790.0,2020-12-01,1T05,,,,,,,,,,,,,
2020-12-01T07:12:00-CME-001,M2M_CATALOG,2020-12-01T07:12Z,N35E30,12787.0,2020-12-01,1T07,,,,,,,,,,,,,
2020-12-03T11:12:00-CME-001,M2M_CATALOG,2020-12-03T11:12Z,S30E137,,2020-12-03,3T11,,,,,,,,,,,,,
2020-12-04T02:48:00-CME-001,M2M_CATALOG,2020-12-04T02:48Z,,,2020-12-04,4T02,,,,,,,,,,,,,
2020-11-24T11:24:00-CME-001,M2M_CATALOG,2020-11-24T11:24Z,,,2020-11-24,4T11,,,,,,,,,,,,,
2020-12-04T11:09:00-CME-001,M2M_CATALOG,2020-12-04T11:09Z,,,2020-12-04,4T11,,,,,,,,,,,,,
2020-12-06T22:00:00-CME-001,M2M_CATALOG,2020-12-06T22:00Z,,,2020-12-06,6T22,,,,,,,,,,,,,
2020-12-07T16:24:00-CME-001,M2M_CATALOG,2020-12-07T16:24Z,S23W11,12790.0,2020-12-07,7T16,,,,,,,,,,,,,
2020-12-07T18:36:00-CME-001,M2M_CATALOG,2020-12-07T18:36Z,S40W30,,2020-12-07,7T18,,,,,,,,,,,,,
2020-10-31T00:12:00-CME-001,M2M_CATALOG,2020-10-31T00:12Z,,,2020-10-31,1T00,,,,,,,,,,,,,
2020-12-11T00:36:00-CME-001,M2M_CATALOG,2020-12-11T00:36Z,,,2020-12-11,1T00,,,,,,,,,,,,,
2020-11-11T19:36:00-CME-001,M2M_CATALOG,2020-11-11T19:36Z,S22E60,12782.0,2020-11-11,1T19,,,,,,,,,,,,,
2020-11-21T19:36:00-CME-001,M2M_CATALOG,2020-11-21T19:36Z,,,2020-11-21,1T19,,,,,,,,,,,,,
2020-12-11T19:09:00-CME-001,M2M_CATALOG,2020-12-11T19:09Z,,12791.0,2020-12-11,1T19,,,,,,,,,,,,,
2020-12-12T04:12:00-CME-001,M2M_CATALOG,2020-12-12T04:12Z,,,2020-12-12,2T04,,,,,,,,,,,,,
2020-12-13T09:24:00-CME-001,M2M_CATALOG,2020-12-13T09:24Z,,,2020-12-13,3T09,,,,,,,,,,,,,
2020-12-14T15:12:00-CME-001,M2M_CATALOG,2020-12-14T15:12Z,S22E44,12792.0,2020-12-14,4T15,,,,,,,,,,,,,
2020-12-14T21:12:00-CME-001,M2M_CATALOG,2020-12-14T21:12Z,N40E110,,2020-12-14,4T21,,,,,,,,,,,,,
2020-12-17T06:48:00-CME-001,M2M_CATALOG,2020-12-17T06:48Z,,,2020-12-17,7T06,,,,,,,,,,,,,
2020-12-27T00:48:00-CME-001,M2M_CATALOG,2020-12-27T00:48Z,,,2020-12-27,7T00,,,,,,,,,,,,,
2020-12-30T02:24:00-CME-001,M2M_CATALOG,2020-12-30T02:24Z,S20E08,12795.0,2020-12-30,0T02,,,,,,,,,,,,,
2020-10-10T04:24:00-CME-001,M2M_CATALOG,2020-10-10T04:24Z,,,2020-10-10,0T04,,,,,,,,,,,,,
2020-10-13T21:12:00-CME-001,M2M_CATALOG,2020-10-13T21:12Z,S23W37,12775.0,2020-10-13,3T21,,,,,,,,,,,,,
2020-10-14T03:24:00-CME-001,M2M_CATALOG,2020-10-14T03:24Z,,,2020-10-14,4T03,,,,,,,,,,,,,
2020-10-15T11:24:00-CME-001,M2M_CATALOG,2020-10-15T11:24Z,,,2020-10-15,5T11,,,,,,,,,,,,,
2020-10-15T16:36:00-CME-001,M2M_CATALOG,2020-10-15T16:36Z,,,2020-10-15,5T16,,,,,,,,,,,,,
2020-10-16T13:36:00-CME-001,M2M_CATALOG,2020-10-16T13:36Z,,12774.0,2020-10-16,6T13,,,,,,,,,,,,,
2020-10-16T16:03:00-CME-001,M2M_CATALOG,2020-10-16T16:03Z,S23W66,12775.0,2020-10-16,6T16,,,,,,,,,,,,,
2020-10-18T09:24:00-CME-001,M2M_CATALOG,2020-10-18T09:24Z,,,2020-10-18,8T09,,,,,,,,,,,,,
2020-10-22T13:09:00-CME-001,M2M_CATALOG,2020-10-22T13:09Z,,,2020-10-22,2T13,,,,,,,,,,,,,
2020-10-23T04:39:00-CME-001,M2M_CATALOG,2020-10-23T04:39Z,,,2020-10-23,3T04,,,,,,,,,,,,,
2020-10-23T22:35:00-CME-001,M2M_CATALOG,2020-10-23T22:35Z,,,2020-10-23,3T22,,,,,,,,,,,,,
2020-10-26T09:12:00-CME-001,M2M_CATALOG,2020-10-26T09:12Z,,,2020-10-26,6T09,,,,,,,,,,,,,
2020-10-26T18:09:00-CME-001,M2M_CATALOG,2020-10-26T18:09Z,,,2020-10-26,6T18,,,,,,,,,,,,,
2020-10-27T03:39:00-CME-001,M2M_CATALOG,2020-10-27T03:39Z,,,2020-10-27,7T03,,,,,,,,,,,,,
2020-10-28T13:42:00-CME-001,M2M_CATALOG,2020-10-28T13:42Z,,,2020-10-28,8T13,,,,,,,,,,,,,
2020-11-18T13:24:00-CME-001,M2M_CATALOG,2020-11-18T13:24Z,,,2020-11-18,8T13,,,,,,,,,,,,,
2020-11-18T13:36:00-CME-001,M2M_CATALOG,2020-11-18T13:36Z,,,2020-11-18,8T13,,,,,,,,,,,,,
2020-10-29T01:54:00-CME-001,M2M_CATALOG,2020-10-29T01:54Z,S19W28,12779.0,2020-10-29,9T01,,,,,,,,,,,,,
2020-10-31T00:12:00-CME-001,M2M_CATALOG,2020-10-31T00:12Z,,,2020-10-31,1T00,,,,,,,,,,,,,
2020-12-11T00:36:00-CME-001,M2M_CATALOG,2020-12-11T00:36Z,,,2020-12-11,1T00,,,,,,,,,,,,,
2020-11-01T20:00:00-CME-001,M2M_CATALOG,2020-11-01T20:00Z,,,2020-11-01,1T20,,,,,,,,,,,,,
2020-11-02T05:24:00-CME-001,M2M_CATALOG,2020-11-02T05:24Z,,,2020-11-02,2T05,,,,,,,,,,,,,
2020-11-07T13:24:00-CME-001,M2M_CATALOG,2020-11-07T13:24Z,N19W01,12780.0,2020-11-07,7T13,,,,,,,,,,,,,
2020-11-08T20:12:00-CME-001,M2M_CATALOG,2020-11-08T20:12Z,,,2020-11-08,8T20,,,,,,,,,,,,,
2020-11-11T19:36:00-CME-001,M2M_CATALOG,2020-11-11T19:36Z,S22E60,12782.0,2020-11-11,1T19,,,,,,,,,,,,,
2020-11-21T19:36:00-CME-001,M2M_CATALOG,2020-11-21T19:36Z,,,2020-11-21,1T19,,,,,,,,,,,,,
2020-12-11T19:09:00-CME-001,M2M_CATALOG,2020-12-11T19:09Z,,12791.0,2020-12-11,1T19,,,,,,,,,,,,,
2020-11-12T02:24:00-CME-001,M2M_CATALOG,2020-11-12T02:24Z,,,2020-11-12,2T02,,,,,,,,,,,,,
2020-11-13T12:24:00-CME-001,M2M_CATALOG,2020-11-13T12:24Z,,,2020-11-13,3T12,,,,,,,,,,,,,
2020-11-17T08:36:00-CME-001,M2M_CATALOG,2020-11-17T08:36Z,,,2020-11-17,7T08,,,,,,,,,,,,,
2020-11-17T19:00:00-CME-001,M2M_CATALOG,2020-11-17T19:00Z,,,2020-11-17,7T19,,,,,,,,,,,,,
2020-10-28T13:42:00-CME-001,M2M_CATALOG,2020-10-28T13:42Z,,,2020-10-28,8T13,,,,,,,,,,,,,
2020-11-18T13:24:00-CME-001,M2M_CATALOG,2020-11-18T13:24Z,,,2020-11-18,8T13,,,,,,,,,,,,,
2020-11-18T13:36:00-CME-001,M2M_CATALOG,2020-11-18T13:36Z,,,2020-11-18,8T13,,,,,,,,,,,,,
2020-10-28T13:42:00-CME-001,M2M_CATALOG,2020-10-28T13:42Z,,,2020-10-28,8T13,,,,,,,,,,,,,
2020-11-18T13:24:00-CME-001,M2M_CATALOG,2020-11-18T13:24Z,,,2020-11-18,8T13,,,,,,,,,,,,,
2020-11-18T13:36:00-CME-001,M2M_CATALOG,2020-11-18T13:36Z,,,2020-11-18,8T13,,,,,,,,,,,,,
2020-11-18T21:48:00-CME-001,M2M_CATALOG,2020-11-18T21:48Z,S20E138,,2020-11-18,8T21,,,,,,,,,,,,,
2020-11-19T02:54:00-CME-001,M2M_CATALOG,2020-11-19T02:54Z,,,2020-11-19,9T02,,,,,,,,,,,,,
2020-11-19T03:12:00-CME-001,M2M_CATALOG,2020-11-19T03:12Z,N30E40,,2020-11-19,9T03,,,,,,,,,,,,,
2020-11-19T06:48:00-CME-001,M2M_CATALOG,2020-11-19T06:48Z,S23E49,,2020-11-19,9T06,,,,,,,,,,,,,
2020-11-19T15:12:00-CME-001,M2M_CATALOG,2020-11-19T15:12Z,,,2020-11-19,9T15,,,,,,,,,,,,,
2020-11-29T15:05:00-CME-001,M2M_CATALOG,2020-11-29T15:05Z,,12783.0,2020-11-29,9T15,,,,,,,,,,,,,
2020-10-10T04:24:00-CME-001,M2M_CATALOG,2020-10-10T04:24Z,,,2020-10-10,0T04,,,,,,,,,,,,,
2020-10-13T21:12:00-CME-001,M2M_CATALOG,2020-10-13T21:12Z,S23W37,12775.0,2020-10-13,3T21,,,,,,,,,,,,,
2020-10-14T03:24:00-CME-001,M2M_CATALOG,2020-10-14T03:24Z,,,2020-10-14,4T03,,,,,,,,,,,,,
2020-10-15T11:24:00-CME-001,M2M_CATALOG,2020-10-15T11:24Z,,,2020-10-15,5T11,,,,,,,,,,,,,
2020-10-15T16:36:00-CME-001,M2M_CATALOG,2020-10-15T16:36Z,,,2020-10-15,5T16,,,,,,,,,,,,,
2020-10-16T13:36:00-CME-001,M2M_CATALOG,2020-10-16T13:36Z,,12774.0,2020-10-16,6T13,,,,,,,,,,,,,
2020-10-16T16:03:00-CME-001,M2M_CATALOG,2020-10-16T16:03Z,S23W66,12775.0,2020-10-16,6T16,,,,,,,,,,,,,
2020-10-18T09:24:00-CME-001,M2M_CATALOG,2020-10-18T09:24Z,,,2020-10-18,8T09,,,,,,,,,,,,,
2020-10-22T13:09:00-CME-001,M2M_CATALOG,2020-10-22T13:09Z,,,2020-10-22,2T13,,,,,,,,,,,,,
2020-11-02T05:24:00-CME-001,M2M_CATALOG,2020-11-02T05:24Z,,,2020-11-02,2T05,,,,,,,,,,,,,
2020-11-07T13:24:00-CME-001,M2M_CATALOG,2020-11-07T13:24Z,N19W01,12780.0,2020-11-07,7T13,,,,,,,,,,,,,
2020-11-08T20:12:00-CME-001,M2M_CATALOG,2020-11-08T20:12Z,,,2020-11-08,8T20,,,,,,,,,,,,,
2020-11-11T19:36:00-CME-001,M2M_CATALOG,2020-11-11T19:36Z,S22E60,12782.0,2020-11-11,1T19,,,,,,,,,,,,,
2020-11-21T19:36:00-CME-001,M2M_CATALOG,2020-11-21T19:36Z,,,2020-11-21,1T19,,,,,,,,,,,,,
2020-12-11T19:09:00-CME-001,M2M_CATALOG,2020-12-11T19:09Z,,12791.0,2020-12-11,1T19,,,,,,,,,,,,,
2020-11-12T02:24:00-CME-001,M2M_CATALOG,2020-11-12T02:24Z,,,2020-11-12,2T02,,,,,,,,,,,,,
2020-11-13T12:24:00-CME-001,M2M_CATALOG,2020-11-13T12:24Z,,,2020-11-13,3T12,,,,,,,,,,,,,
2020-11-17T08:36:00-CME-001,M2M_CATALOG,2020-11-17T08:36Z,,,2020-11-17,7T08,,,,,,,,,,,,,
2020-11-17T19:00:00-CME-001,M2M_CATALOG,2020-11-17T19:00Z,,,2020-11-17,7T19,1787.0,3ab63f2d-5e4a-49ea-ab34-6ec86ad2bbae,Harp,Trappistes Rochefort 10,Light Lager,Palisade,1028 - London Ale,Vienna,62 IBU,9.4%,7.2°Blg,Irlanda,1960.0
2020-11-18T21:48:00-CME-001,M2M_CATALOG,2020-11-18T21:48Z,S20E138,,2020-11-18,8T21,,,,,,,,,,,,,
2020-11-19T02:54:00-CME-001,M2M_CATALOG,2020-11-19T02:54Z,,,2020-11-19,9T02,,,,,,,,,,,,,
2020-11-27T05:48:00-CME-001,M2M_CATALOG,2020-11-27T05:48Z,,,2020-11-27,7T05,,,,,,,,,,,,,
2020-11-29T13:24:00-CME-001,M2M_CATALOG,2020-11-29T13:24Z,S23E97,,2020-11-29,9T13,,,,,,,,,,,,,
2020-11-30T07:09:00-CME-001,M2M_CATALOG,2020-11-30T07:09Z,,,2020-11-30,0T07,,,,,,,,,,,,,
2020-12-01T05:48:00-CME-001,M2M_CATALOG,2020-12-01T05:48Z,S25E80,12790.0,2020-12-01,1T05,,,,,,,,,,,,,
2020-12-01T07:12:00-CME-001,M2M_CATALOG,2020-12-01T07:12Z,N35E30,12787.0,2020-12-01,1T07,,,,,,,,,,,,,
2020-12-03T11:12:00-CME-001,M2M_CATALOG,2020-12-03T11:12Z,S30E137,,2020-12-03,3T11,,,,,,,,,,,,,
2020-12-04T02:48:00-CME-001,M2M_CATALOG,2020-12-04T02:48Z,,,2020-12-04,4T02,,,,,,,,,,,,,
2020-12-06T22:00:00-CME-001,M2M_CATALOG,2020-12-06T22:00Z,,,2020-12-06,6T22,,,,,,,,,,,,,
2020-12-07T16:24:00-CME-001,M2M_CATALOG,2020-12-07T16:24Z,S23W11,12790.0,2020-12-07,7T16,,,,,,,,,,,,,
2020-12-07T18:36:00-CME-001,M2M_CATALOG,2020-12-07T18:36Z,S40W30,,2020-12-07,7T18,,,,,,,,,,,,,
2020-12-17T06:48:00-CME-001,M2M_CATALOG,2020-12-17T06:48Z,,,2020-12-17,7T06,,,,,,,,,,,,,
2020-12-27T00:48:00-CME-001,M2M_CATALOG,2020-12-27T00:48Z,,,2020-12-27,7T00,,,,,,,,,,,,,
2020-12-30T02:24:00-CME-001,M2M_CATALOG,2020-12-30T02:24Z,S20E08,12795.0,2020-12-30,0T02,,,,,,,,,,,,,
2020-10-10T04:24:00-CME-001,M2M_CATALOG,2020-10-10T04:24Z,,,2020-10-10,0T04,,,,,,,,,,,,,
2020-10-13T21:12:00-CME-001,M2M_CATALOG,2020-10-13T21:12Z,S23W37,12775.0,2020-10-13,3T21,,,,,,,,,,,,,
2020-10-14T03:24:00-CME-001,M2M_CATALOG,2020-10-14T03:24Z,,,2020-10-14,4T03,,,,,,,,,,,,,
2020-10-15T11:24:00-CME-001,M2M_CATALOG,2020-10-15T11:24Z,,,2020-10-15,5T11,,,,,,,,,,,,,
2020-10-15T16:36:00-CME-001,M2M_CATALOG,2020-10-15T16:36Z,,,2020-10-15,5T16,,,,,,,,,,,,,
2020-10-16T13:36:00-CME-001,M2M_CATALOG,2020-10-16T13:36Z,,12774.0,2020-10-16,6T13,,,,,,,,,,,,,
2020-10-16T16:03:00-CME-001,M2M_CATALOG,2020-10-16T16:03Z,S23W66,12775.0,2020-10-16,6T16,1809.0,aa914b0f-a2bf-4e4d-b263-0adfa85681de,Budweiser,Trappistes Rochefort 8,Wood-aged Beer,Bullion,2007 - Pilsen Lager,Munich,95 IBU,7.3%,18.5°Blg,Estados Unidos,1876.0
2020-10-18T09:24:00-CME-001,M2M_CATALOG,2020-10-18T09:24Z,,,2020-10-18,8T09,,,,,,,,,,,,,
2020-10-22T13:09:00-CME-001,M2M_CATALOG,2020-10-22T13:09Z,,,2020-10-22,2T13,,,,,,,,,,,,,
2020-11-02T05:24:00-CME-001,M2M_CATALOG,2020-11-02T05:24Z,,,2020-11-02,2T05,,,,,,,,,,,,,
2020-11-07T13:24:00-CME-001,M2M_CATALOG,2020-11-07T13:24Z,N19W01,12780.0,2020-11-07,7T13,,,,,,,,,,,,,
2020-11-08T20:12:00-CME-001,M2M_CATALOG,2020-11-08T20:12Z,,,2020-11-08,8T20,,,,,,,,,,,,,
2020-11-11T19:36:00-CME-001,M2M_CATALOG,2020-11-11T19:36Z,S22E60,12782.0,2020-11-11,1T19,,,,,,,,,,,,,
2020-11-21T19:36:00-CME-001,M2M_CATALOG,2020-11-21T19:36Z,,,2020-11-21,1T19,,,,,,,,,,,,,
2020-12-11T19:09:00-CME-001,M2M_CATALOG,2020-12-11T19:09Z,,12791.0,2020-12-11,1T19,,,,,,,,,,,,,
2020-11-12T02:24:00-CME-001,M2M_CATALOG,2020-11-12T02:24Z,,,2020-11-12,2T02,,,,,,,,,,,,,
2020-11-13T12:24:00-CME-001,M2M_CATALOG,2020-11-13T12:24Z,,,2020-11-13,3T12,,,,,,,,,,,,,
2020-11-17T08:36:00-CME-001,M2M_CATALOG,2020-11-17T08:36Z,,,2020-11-17,7T08,,,,,,,,,,,,,
2020-11-17T19:00:00-CME-001,M2M_CATALOG,2020-11-17T19:00Z,,,2020-11-17,7T19,,,,,,,,,,,,,
2020-11-18T21:48:00-CME-001,M2M_CATALOG,2020-11-18T21:48Z,S20E138,,2020-11-18,8T21,,,,,,,,,,,,,
2020-11-19T02:54:00-CME-001,M2M_CATALOG,2020-11-19T02:54Z,,,2020-11-19,9T02,,,,,,,,,,,,,
2020-11-27T05:48:00-CME-001,M2M_CATALOG,2020-11-27T05:48Z,,,2020-11-27,7T05,,,,,,,,,,,,,
2020-11-29T13:24:00-CME-001,M2M_CATALOG,2020-11-29T13:24Z,S23E97,,2020-11-29,9T13,,,,,,,,,,,,,
2020-11-30T07:09:00-CME-001,M2M_CATALOG,2020-11-30T07:09Z,,,2020-11-30,0T07,,,,,,,,,,,,,
2020-12-01T05:48:00-CME-001,M2M_CATALOG,2020-12-01T05:48Z,S25E80,12790.0,2020-12-01,1T05,,,,,,,,,,,,,
2020-12-01T07:12:00-CME-001,M2M_CATALOG,2020-12-01T07:12Z,N35E30,12787.0,2020-12-01,1T07,,,,,,,,,,,,,
2020-12-03T11:12:00-CME-001,M2M_CATALOG,2020-12-03T11:12Z,S30E137,,2020-12-03,3T11,,,,,,,,,,,,,
2020-12-04T02:48:00-CME-001,M2M_CATALOG,2020-12-04T02:48Z,,,2020-12-04,4T02,,,,,,,,,,,,,
2020-12-06T22:00:00-CME-001,M2M_CATALOG,2020-12-06T22:00Z,,,2020-12-06,6T22,,,,,,,,,,,,,
2020-12-07T16:24:00-CME-001,M2M_CATALOG,2020-12-07T16:24Z,S23W11,12790.0,2020-12-07,7T16,,,,,,,,,,,,,
2020-12-07T18:36:00-CME-001,M2M_CATALOG,2020-12-07T18:36Z,S40W30,,2020-12-07,7T18,,,,,,,,,,,,,
2020-12-17T06:48:00-CME-001,M2M_CATALOG,2020-12-17T06:48Z,,,2020-12-17,7T06,,,,,,,,,,,,,
2020-12-27T00:48:00-CME-001,M2M_CATALOG,2020-12-27T00:48Z,,,2020-12-27,7T00,,,,,,,,,,,,,
2020-12-30T02:24:00-CME-001,M2M_CATALOG,2020-12-30T02:24Z,S20E08,12795.0,2020-12-30,0T02,,,,,,,,,,,,,
2020-10-10T04:24:00-CME-001,M2M_CATALOG,2020-10-10T04:24Z,,,2020-10-10,0T04,,,,,,,,,,,,,
2020-10-13T21:12:00-CME-001,M2M_CATALOG,2020-10-13T21:12Z,S23W37,12775.0,2020-10-13,3T21,,,,,,,,,,,,,
2020-10-14T03:24:00-CME-001,M2M_CATALOG,2020-10-14T03:24Z,,,2020-10-14,4T03,,,,,,,,,,,,,
2020-10-15T11:24:00-CME-001,M2M_CATALOG,2020-10-15T11:24Z,,,2020-10-15,5T11,,,,,,,,,,,,,
2020-10-15T16:36:00-CME-001,M2M_CATALOG,2020-10-15T16:36Z,,,2020-10-15,5T16,,,,,,,,,,,,,
2020-10-16T13:36:00-CME-001,M2M_CATALOG,2020-10-16T13:36Z,,12774.0,2020-10-16,6T13,,,,,,,,,,,,,
2020-10-16T16:03:00-CME-001,M2M_CATALOG,2020-10-16T16:03Z,S23W66,12775.0,2020-10-16,6T16,,,,,,,,,,,,,
2020-10-18T09:24:00-CME-001,M2M_CATALOG,2020-10-18T09:24Z,,,2020-10-18,8T09,,,,,,,,,,,,,
2020-10-22T13:09:00-CME-001,M2M_CATALOG,2020-10-22T13:09Z,,,2020-10-22,2T13,,,,,,,,,,,,,
2020-11-02T05:24:00-CME-001,M2M_CATALOG,2020-11-02T05:24Z,,,2020-11-02,2T05,,,,,,,,,,,,,
2020-11-07T13:24:00-CME-001,M2M_CATALOG,2020-11-07T13:24Z,N19W01,12780.0,2020-11-07,7T13,,,,,,,,,,,,,
2020-11-08T20:12:00-CME-001,M2M_CATALOG,2020-11-08T20:12Z,,,2020-11-08,8T20,,,,,,,,,,,,,
2020-11-11T19:36:00-CME-001,M2M_CATALOG,2020-11-11T19:36Z,S22E60,12782.0,2020-11-11,1T19,,,,,,,,,,,,,
2020-11-21T19:36:00-CME-001,M2M_CATALOG,2020-11-21T19:36Z,,,2020-11-21,1T19,,,,,,,,,,,,,
2020-12-11T19:09:00-CME-001,M2M_CATALOG,2020-12-11T19:09Z,,12791.0,2020-12-11,1T19,,,,,,,,,,,,,
2020-11-12T02:24:00-CME-001,M2M_CATALOG,2020-11-12T02:24Z,,,2020-11-12,2T02,,,,,,,,,,,,,
2020-11-13T12:24:00-CME-001,M2M_CATALOG,2020-11-13T12:24Z,,,2020-11-13,3T12,,,,,,,,,,,,,
2020-11-17T08:36:00-CME-001,M2M_CATALOG,2020-11-17T08:36Z,,,2020-11-17,7T08,,,,,,,,,,,,,
2020-11-17T19:00:00-CME-001,M2M_CATALOG,2020-11-17T19:00Z,,,2020-11-17,7T19,,,,,,,,,,,,,
2020-11-18T21:48:00-CME-001,M2M_CATALOG,2020-11-18T21:48Z,S20E138,,2020-11-18,8T21,,,,,,,,,,,,,
2020-11-19T02:54:00-CME-001,M2M_CATALOG,2020-11-19T02:54Z,,,2020-11-19,9T02,,,,,,,,,,,,,
2020-11-27T05:48:00-CME-001,M2M_CATALOG,2020-11-27T05:48Z,,,2020-11-27,7T05,,,,,,,,,,,,,
2020-11-29T13:24:00-CME-001,M2M_CATALOG,2020-11-29T13:24Z,S23E97,,2020-11-29,9T13,,,,,,,,,,,,,
2020-11-30T07:09:00-CME-001,M2M_CATALOG,2020-11-30T07:09Z,,,2020-11-30,0T07,,,,,,,,,,,,,
2020-12-01T05:48:00-CME-001,M2M_CATALOG,2020-12-01T05:48Z,S25E80,12790.0,2020-12-01,1T05,1857.0,b73d4753-c22a-4086-a1cd-12829392163b,Guinness,Founders Breakfast Stout,Porter,Golding,2042 - Danish Lager,Caramel,20 IBU,5.4%,8.1°Blg,Irlanda,1759.0
2020-12-01T07:12:00-CME-001,M2M_CATALOG,2020-12-01T07:12Z,N35E30,12787.0,2020-12-01,1T07,,,,,,,,,,,,,
2020-12-03T11:12:00-CME-001,M2M_CATALOG,2020-12-03T11:12Z,S30E137,,2020-12-03,3T11,,,,,,,,,,,,,
2020-12-04T02:48:00-CME-001,M2M_CATALOG,2020-12-04T02:48Z,,,2020-12-04,4T02,,,,,,,,,,,,,
2020-12-06T22:00:00-CME-001,M2M_CATALOG,2020-12-06T22:00Z,,,2020-12-06,6T22,,,,,,,,,,,,,
2020-12-07T16:24:00-CME-001,M2M_CATALOG,2020-12-07T16:24Z,S23W11,12790.0,2020-12-07,7T16,,,,,,,,,,,,,
2020-12-07T18:36:00-CME-001,M2M_CATALOG,2020-12-07T18:36Z,S40W30,,2020-12-07,7T18,,,,,,,,,,,,,
2020-12-17T06:48:00-CME-001,M2M_CATALOG,2020-12-17T06:48Z,,,2020-12-17,7T06,,,,,,,,,,,,,
2020-12-27T00:48:00-CME-001,M2M_CATALOG,2020-12-27T00:48Z,,,2020-12-27,7T00,,,,,,,,,,,,,
2020-12-30T02:24:00-CME-001,M2M_CATALOG,2020-12-30T02:24Z,S20E08,12795.0,2020-12-30,0T02,,,,,,,,,,,,,
2020-10-23T04:39:00-CME-001,M2M_CATALOG,2020-10-23T04:39Z,,,2020-10-23,3T04,,,,,,,,,,,,,
2020-10-23T22:35:00-CME-001,M2M_CATALOG,2020-10-23T22:35Z,,,2020-10-23,3T22,,,,,,,,,,,,,
2020-10-10T04:24:00-CME-001,M2M_CATALOG,2020-10-10T04:24Z,,,2020-10-10,0T04,,,,,,,,,,,,,
2020-10-13T21:12:00-CME-001,M2M_CATALOG,2020-10-13T21:12Z,S23W37,12775.0,2020-10-13,3T21,,,,,,,,,,,,,
2020-10-14T03:24:00-CME-001,M2M_CATALOG,2020-10-14T03:24Z,,,2020-10-14,4T03,,,,,,,,,,,,,
2020-10-15T11:24:00-CME-001,M2M_CATALOG,2020-10-15T11:24Z,,,2020-10-15,5T11,,,,,,,,,,,,,
2020-10-15T16:36:00-CME-001,M2M_CATALOG,2020-10-15T16:36Z,,,2020-10-15,5T16,,,,,,,,,,,,,
2020-10-16T13:36:00-CME-001,M2M_CATALOG,2020-10-16T13:36Z,,12774.0,2020-10-16,6T13,,,,,,,,,,,,,
2020-10-16T16:03:00-CME-001,M2M_CATALOG,2020-10-16T16:03Z,S23W66,12775.0,2020-10-16,6T16,,,,,,,,,,,,,
2020-10-18T09:24:00-CME-001,M2M_CATALOG,2020-10-18T09:24Z,,,2020-10-18,8T09,,,,,,,,,,,,,
2020-10-22T13:09:00-CME-001,M2M_CATALOG,2020-10-22T13:09Z,,,2020-10-22,2T13,,,,,,,,,,,,,
2020-10-23T04:39:00-CME-001,M2M_CATALOG,2020-10-23T04:39Z,,,2020-10-23,3T04,,,,,,,,,,,,,
2020-10-23T22:35:00-CME-001,M2M_CATALOG,2020-10-23T22:35Z,,,2020-10-23,3T22,,,,,,,,,,,,,
2020-10-26T09:12:00-CME-001,M2M_CATALOG,2020-10-26T09:12Z,,,2020-10-26,6T09,,,,,,,,,,,,,
2020-10-26T18:09:00-CME-001,M2M_CATALOG,2020-10-26T18:09Z,,,2020-10-26,6T18,,,,,,,,,,,,,
2020-10-27T03:39:00-CME-001,M2M_CATALOG,2020-10-27T03:39Z,,,2020-10-27,7T03,,,,,,,,,,,,,
2020-10-28T13:42:00-CME-001,M2M_CATALOG,2020-10-28T13:42Z,,,2020-10-28,8T13,,,,,,,,,,,,,
2020-11-18T13:24:00-CME-001,M2M_CATALOG,2020-11-18T13:24Z,,,2020-11-18,8T13,,,,,,,,,,,,,
2020-11-18T13:36:00-CME-001,M2M_CATALOG,2020-11-18T13:36Z,,,2020-11-18,8T13,,,,,,,,,,,,,
2020-10-29T01:54:00-CME-001,M2M_CATALOG,2020-10-29T01:54Z,S19W28,12779.0,2020-10-29,9T01,,,,,,,,,,,,,
2020-10-31T00:12:00-CME-001,M2M_CATALOG,2020-10-31T00:12Z,,,2020-10-31,1T00,,,,,,,,,,,,,
2020-12-11T00:36:00-CME-001,M2M_CATALOG,2020-12-11T00:36Z,,,2020-12-11,1T00,,,,,,,,,,,,,
2020-11-01T20:00:00-CME-001,M2M_CATALOG,2020-11-01T20:00Z,,,2020-11-01,1T20,,,,,,,,,,,,,
2020-11-02T05:24:00-CME-001,M2M_CATALOG,2020-11-02T05:24Z,,,2020-11-02,2T05,,,,,,,,,,,,,
2020-11-07T13:24:00-CME-001,M2M_CATALOG,2020-11-07T13:24Z,N19W01,12780.0,2020-11-07,7T13,,,,,,,,,,,,,
2020-11-08T20:12:00-CME-001,M2M_CATALOG,2020-11-08T20:12Z,,,2020-11-08,8T20,,,,,,,,,,,,,
2020-11-11T19:36:00-CME-001,M2M_CATALOG,2020-11-11T19:36Z,S22E60,12782.0,2020-11-11,1T19,,,,,,,,,,,,,
2020-11-21T19:36:00-CME-001,M2M_CATALOG,2020-11-21T19:36Z,,,2020-11-21,1T19,,,,,,,,,,,,,
2020-12-11T19:09:00-CME-001,M2M_CATALOG,2020-12-11T19:09Z,,12791.0,2020-12-11,1T19,,,,,,,,,,,,,
2020-11-12T02:24:00-CME-001,M2M_CATALOG,2020-11-12T02:24Z,,,2020-11-12,2T02,,,,,,,,,,,,,
2020-11-13T12:24:00-CME-001,M2M_CATALOG,2020-11-13T12:24Z,,,2020-11-13,3T12,,,,,,,,,,,,,
2020-11-17T08:36:00-CME-001,M2M_CATALOG,2020-11-17T08:36Z,,,2020-11-17,7T08,,,,,,,,,,,,,
2020-11-17T19:00:00-CME-001,M2M_CATALOG,2020-11-17T19:00Z,,,2020-11-17,7T19,,,,,,,,,,,,,
2020-10-28T13:42:00-CME-001,M2M_CATALOG,2020-10-28T13:42Z,,,2020-10-28,8T13,,,,,,,,,,,,,
2020-11-18T13:24:00-CME-001,M2M_CATALOG,2020-11-18T13:24Z,,,2020-11-18,8T13,,,,,,,,,,,,,
2020-11-18T13:36:00-CME-001,M2M_CATALOG,2020-11-18T13:36Z,,,2020-11-18,8T13,,,,,,,,,,,,,
2020-10-28T13:42:00-CME-001,M2M_CATALOG,2020-10-28T13:42Z,,,2020-10-28,8T13,1896.0,e1455330-e290-429c-94fa-e010a7cad0df,Corona Extra,Bell’s Expedition,Porter,Willamette,1335 - British Ale II,Chocolate,87 IBU,8.2%,9.2°Blg,Mexico,1925.0
2020-11-18T13:24:00-CME-001,M2M_CATALOG,2020-11-18T13:24Z,,,2020-11-18,8T13,1896.0,e1455330-e290-429c-94fa-e010a7cad0df,Corona Extra,Bell’s Expedition,Porter,Willamette,1335 - British Ale II,Chocolate,87 IBU,8.2%,9.2°Blg,Mexico,1925.0
2020-11-18T13:36:00-CME-001,M2M_CATALOG,2020-11-18T13:36Z,,,2020-11-18,8T13,1896.0,e1455330-e290-429c-94fa-e010a7cad0df,Corona Extra,Bell’s Expedition,Porter,Willamette,1335 - British Ale II,Chocolate,87 IBU,8.2%,9.2°Blg,Mexico,1925.0
2020-11-18T21:48:00-CME-001,M2M_CATALOG,2020-11-18T21:48Z,S20E138,,2020-11-18,8T21,,,,,,,,,,,,,
2020-11-19T02:54:00-CME-001,M2M_CATALOG,2020-11-19T02:54Z,,,2020-11-19,9T02,,,,,,,,,,,,,
2020-11-19T03:12:00-CME-001,M2M_CATALOG,2020-11-19T03:12Z,N30E40,,2020-11-19,9T03,,,,,,,,,,,,,
2020-11-19T06:48:00-CME-001,M2M_CATALOG,2020-11-19T06:48Z,S23E49,,2020-11-19,9T06,,,,,,,,,,,,,
2020-11-19T15:12:00-CME-001,M2M_CATALOG,2020-11-19T15:12Z,,,2020-11-19,9T15,,,,,,,,,,,,,
2020-11-29T15:05:00-CME-001,M2M_CATALOG,2020-11-29T15:05Z,,12783.0,2020-11-29,9T15,,,,,,,,,,,,,
2020-11-20T19:51:00-CME-001,M2M_CATALOG,2020-11-20T19:51Z,,12783.0,2020-11-20,0T19,,,,,,,,,,,,,
2020-11-20T21:12:00-CME-001,M2M_CATALOG,2020-11-20T21:12Z,,,2020-11-20,0T21,,,,,,,,,,,,,
2020-11-11T19:36:00-CME-001,M2M_CATALOG,2020-11-11T19:36Z,S22E60,12782.0,2020-11-11,1T19,,,,,,,,,,,,,
2020-11-21T19:36:00-CME-001,M2M_CATALOG,2020-11-21T19:36Z,,,2020-11-21,1T19,,,,,,,,,,,,,
2020-12-11T19:09:00-CME-001,M2M_CATALOG,2020-12-11T19:09Z,,12791.0,2020-12-11,1T19,,,,,,,,,,,,,
2020-11-21T23:12:00-CME-001,M2M_CATALOG,2020-11-21T23:12Z,,,2020-11-21,1T23,,,,,,,,,,,,,
2020-11-22T01:36:00-CME-001,M2M_CATALOG,2020-11-22T01:36Z,,,2020-11-22,2T01,,,,,,,,,,,,,
2020-11-23T18:48:00-CME-001,M2M_CATALOG,2020-11-23T18:48Z,,,2020-11-23,3T18,,,,,,,,,,,,,
2020-11-24T04:36:00-CME-001,M2M_CATALOG,2020-11-24T04:36Z,S20E65,12785.0,2020-11-24,4T04,,,,,,,,,,,,,
2020-11-24T11:24:00-CME-001,M2M_CATALOG,2020-11-24T11:24Z,,,2020-11-24,4T11,,,,,,,,,,,,,
2020-12-04T11:09:00-CME-001,M2M_CATALOG,2020-12-04T11:09Z,,,2020-12-04,4T11,,,,,,,,,,,,,
2020-11-24T13:24:00-CME-001,M2M_CATALOG,2020-11-24T13:24Z,,,2020-11-24,4T13,,,,,,,,,,,,,
2020-11-26T08:24:00-CME-001,M2M_CATALOG,2020-11-26T08:24Z,,,2020-11-26,6T08,,,,,,,,,,,,,
2020-11-26T21:24:00-CME-001,M2M_CATALOG,2020-11-26T21:24Z,N32E90,12787.0,2020-11-26,6T21,,,,,,,,,,,,,
2020-11-27T05:48:00-CME-001,M2M_CATALOG,2020-11-27T05:48Z,,,2020-11-27,7T05,,,,,,,,,,,,,
2020-11-29T13:24:00-CME-001,M2M_CATALOG,2020-11-29T13:24Z,S23E97,,2020-11-29,9T13,,,,,,,,,,,,,
2020-11-19T15:12:00-CME-001,M2M_CATALOG,2020-11-19T15:12Z,,,2020-11-19,9T15,,,,,,,,,,,,,
2020-11-29T15:05:00-CME-001,M2M_CATALOG,2020-11-29T15:05Z,,12783.0,2020-11-29,9T15,,,,,,,,,,,,,
2020-11-30T07:09:00-CME-001,M2M_CATALOG,2020-11-30T07:09Z,,,2020-11-30,0T07,,,,,,,,,,,,,
2020-12-01T05:48:00-CME-001,M2M_CATALOG,2020-12-01T05:48Z,S25E80,12790.0,2020-12-01,1T05,,,,,,,,,,,,,
2020-12-01T07:12:00-CME-001,M2M_CATALOG,2020-12-01T07:12Z,N35E30,12787.0,2020-12-01,1T07,,,,,,,,,,,,,
2020-12-03T11:12:00-CME-001,M2M_CATALOG,2020-12-03T11:12Z,S30E137,,2020-12-03,3T11,,,,,,,,,,,,,
2020-12-04T02:48:00-CME-001,M2M_CATALOG,2020-12-04T02:48Z,,,2020-12-04,4T02,,,,,,,,,,,,,
2020-11-24T11:24:00-CME-001,M2M_CATALOG,2020-11-24T11:24Z,,,2020-11-24,4T11,,,,,,,,,,,,,
2020-12-04T11:09:00-CME-001,M2M_CATALOG,2020-12-04T11:09Z,,,2020-12-04,4T11,,,,,,,,,,,,,
2020-12-06T22:00:00-CME-001,M2M_CATALOG,2020-12-06T22:00Z,,,2020-12-06,6T22,,,,,,,,,,,,,
2020-12-07T16:24:00-CME-001,M2M_CATALOG,2020-12-07T16:24Z,S23W11,12790.0,2020-12-07,7T16,,,,,,,,,,,,,
2020-12-07T18:36:00-CME-001,M2M_CATALOG,2020-12-07T18:36Z,S40W30,,2020-12-07,7T18,,,,,,,,,,,,,
2020-10-31T00:12:00-CME-001,M2M_CATALOG,2020-10-31T00:12Z,,,2020-10-31,1T00,,,,,,,,,,,,,
2020-12-11T00:36:00-CME-001,M2M_CATALOG,2020-12-11T00:36Z,,,2020-12-11,1T00,,,,,,,,,,,,,
2020-11-11T19:36:00-CME-001,M2M_CATALOG,2020-11-11T19:36Z,S22E60,12782.0,2020-11-11,1T19,,,,,,,,,,,,,
2020-11-21T19:36:00-CME-001,M2M_CATALOG,2020-11-21T19:36Z,,,2020-11-21,1T19,,,,,,,,,,,,,
2020-12-11T19:09:00-CME-001,M2M_CATALOG,2020-12-11T19:09Z,,12791.0,2020-12-11,1T19,,,,,,,,,,,,,
2020-12-12T04:12:00-CME-001,M2M_CATALOG,2020-12-12T04:12Z,,,2020-12-12,2T04,,,,,,,,,,,,,
2020-12-13T09:24:00-CME-001,M2M_CATALOG,2020-12-13T09:24Z,,,2020-12-13,3T09,,,,,,,,,,,,,
2020-12-14T15:12:00-CME-001,M2M_CATALOG,2020-12-14T15:12Z,S22E44,12792.0,2020-12-14,4T15,,,,,,,,,,,,,
2020-12-14T21:12:00-CME-001,M2M_CATALOG,2020-12-14T21:12Z,N40E110,,2020-12-14,4T21,,,,,,,,,,,,,
2020-12-17T06:48:00-CME-001,M2M_CATALOG,2020-12-17T06:48Z,,,2020-12-17,7T06,,,,,,,,,,,,,
2020-12-27T00:48:00-CME-001,M2M_CATALOG,2020-12-27T00:48Z,,,2020-12-27,7T00,,,,,,,,,,,,,
2020-12-30T02:24:00-CME-001,M2M_CATALOG,2020-12-30T02:24Z,S20E08,12795.0,2020-12-30,0T02,,,,,,,,,,,,,
2020-10-10T04:24:00-CME-001,M2M_CATALOG,2020-10-10T04:24Z,,,2020-10-10,0T04,,,,,,,,,,,,,
2020-10-13T21:12:00-CME-001,M2M_CATALOG,2020-10-13T21:12Z,S23W37,12775.0,2020-10-13,3T21,,,,,,,,,,,,,
2020-10-14T03:24:00-CME-001,M2M_CATALOG,2020-10-14T03:24Z,,,2020-10-14,4T03,,,,,,,,,,,,,
2020-10-15T11:24:00-CME-001,M2M_CATALOG,2020-10-15T11:24Z,,,2020-10-15,5T11,,,,,,,,,,,,,
2020-10-15T16:36:00-CME-001,M2M_CATALOG,2020-10-15T16:36Z,,,2020-10-15,5T16,,,,,,,,,,,,,
2020-10-16T13:36:00-CME-001,M2M_CATALOG,2020-10-16T13:36Z,,12774.0,2020-10-16,6T13,,,,,,,,,,,,,
2020-10-16T16:03:00-CME-001,M2M_CATALOG,2020-10-16T16:03Z,S23W66,12775.0,2020-10-16,6T16,,,,,,,,,,,,,
2020-10-18T09:24:00-CME-001,M2M_CATALOG,2020-10-18T09:24Z,,,2020-10-18,8T09,,,,,,,,,,,,,
2020-10-22T13:09:00-CME-001,M2M_CATALOG,2020-10-22T13:09Z,,,2020-10-22,2T13,,,,,,,,,,,,,
2020-10-23T04:39:00-CME-001,M2M_CATALOG,2020-10-23T04:39Z,,,2020-10-23,3T04,,,,,,,,,,,,,
2020-10-23T22:35:00-CME-001,M2M_CATALOG,2020-10-23T22:35Z,,,2020-10-23,3T22,,,,,,,,,,,,,
2020-10-26T09:12:00-CME-001,M2M_CATALOG,2020-10-26T09:12Z,,,2020-10-26,6T09,,,,,,,,,,,,,
2020-10-26T18:09:00-CME-001,M2M_CATALOG,2020-10-26T18:09Z,,,2020-10-26,6T18,,,,,,,,,,,,,
2020-10-27T03:39:00-CME-001,M2M_CATALOG,2020-10-27T03:39Z,,,2020-10-27,7T03,,,,,,,,,,,,,
2020-10-28T13:42:00-CME-001,M2M_CATALOG,2020-10-28T13:42Z,,,2020-10-28,8T13,,,,,,,,,,,,,
2020-11-18T13:24:00-CME-001,M2M_CATALOG,2020-11-18T13:24Z,,,2020-11-18,8T13,,,,,,,,,,,,,
2020-11-18T13:36:00-CME-001,M2M_CATALOG,2020-11-18T13:36Z,,,2020-11-18,8T13,,,,,,,,,,,,,
2020-10-29T01:54:00-CME-001,M2M_CATALOG,2020-10-29T01:54Z,S19W28,12779.0,2020-10-29,9T01,,,,,,,,,,,,,
2020-10-31T00:12:00-CME-001,M2M_CATALOG,2020-10-31T00:12Z,,,2020-10-31,1T00,,,,,,,,,,,,,
2020-12-11T00:36:00-CME-001,M2M_CATALOG,2020-12-11T00:36Z,,,2020-12-11,1T00,,,,,,,,,,,,,
2020-11-01T20:00:00-CME-001,M2M_CATALOG,2020-11-01T20:00Z,,,2020-11-01,1T20,1951.0,983ed760-a933-47c7-b734-c063db844d5d,Red Stripe,Edmund Fitzgerald Porter,European Amber Lager,Liberty,2035 - American Lager,Chocolate malt,24 IBU,5.1%,12.7°Blg,Jamaica,1928.0
2020-11-02T05:24:00-CME-001,M2M_CATALOG,2020-11-02T05:24Z,,,2020-11-02,2T05,,,,,,,,,,,,,
2020-11-07T13:24:00-CME-001,M2M_CATALOG,2020-11-07T13:24Z,N19W01,12780.0,2020-11-07,7T13,,,,,,,,,,,,,
2020-11-08T20:12:00-CME-001,M2M_CATALOG,2020-11-08T20:12Z,,,2020-11-08,8T20,,,,,,,,,,,,,
2020-11-11T19:36:00-CME-001,M2M_CATALOG,2020-11-11T19:36Z,S22E60,12782.0,2020-11-11,1T19,,,,,,,,,,,,,
2020-11-21T19:36:00-CME-001,M2M_CATALOG,2020-11-21T19:36Z,,,2020-11-21,1T19,,,,,,,,,,,,,
2020-12-11T19:09:00-CME-001,M2M_CATALOG,2020-12-11T19:09Z,,12791.0,2020-12-11,1T19,,,,,,,,,,,,,
2020-11-12T02:24:00-CME-001,M2M_CATALOG,2020-11-12T02:24Z,,,2020-11-12,2T02,,,,,,,,,,,,,
2020-11-13T12:24:00-CME-001,M2M_CATALOG,2020-11-13T12:24Z,,,2020-11-13,3T12,,,,,,,,,,,,,
2020-11-17T08:36:00-CME-001,M2M_CATALOG,2020-11-17T08:36Z,,,2020-11-17,7T08,,,,,,,,,,,,,
2020-11-17T19:00:00-CME-001,M2M_CATALOG,2020-11-17T19:00Z,,,2020-11-17,7T19,,,,,,,,,,,,,
2020-10-28T13:42:00-CME-001,M2M_CATALOG,2020-10-28T13:42Z,,,2020-10-28,8T13,,,,,,,,,,,,,
2020-11-18T13:24:00-CME-001,M2M_CATALOG,2020-11-18T13:24Z,,,2020-11-18,8T13,,,,,,,,,,,,,
2020-11-18T13:36:00-CME-001,M2M_CATALOG,2020-11-18T13:36Z,,,2020-11-18,8T13,,,,,,,,,,,,,
2020-10-28T13:42:00-CME-001,M2M_CATALOG,2020-10-28T13:42Z,,,2020-10-28,8T13,,,,,,,,,,,,,
2020-11-18T13:24:00-CME-001,M2M_CATALOG,2020-11-18T13:24Z,,,2020-11-18,8T13,,,,,,,,,,,,,
2020-11-18T13:36:00-CME-001,M2M_CATALOG,2020-11-18T13:36Z,,,2020-11-18,8T13,,,,,,,,,,,,,
2020-11-18T21:48:00-CME-001,M2M_CATALOG,2020-11-18T21:48Z,S20E138,,2020-11-18,8T21,,,,,,,,,,,,,
2020-11-19T02:54:00-CME-001,M2M_CATALOG,2020-11-19T02:54Z,,,2020-11-19,9T02,,,,,,,,,,,,,
2020-11-19T03:12:00-CME-001,M2M_CATALOG,2020-11-19T03:12Z,N30E40,,2020-11-19,9T03,,,,,,,,,,,,,
2020-11-19T06:48:00-CME-001,M2M_CATALOG,2020-11-19T06:48Z,S23E49,,2020-11-19,9T06,,,,,,,,,,,,,
2020-11-19T15:12:00-CME-001,M2M_CATALOG,2020-11-19T15:12Z,,,2020-11-19,9T15,,,,,,,,,,,,,
2020-11-29T15:05:00-CME-001,M2M_CATALOG,2020-11-29T15:05Z,,12783.0,2020-11-29,9T15,,,,,,,,,,,,,
2020-11-20T19:51:00-CME-001,M2M_CATALOG,2020-11-20T19:51Z,,12783.0,2020-11-20,0T19,,,,,,,,,,,,,
2020-10-10T04:24:00-CME-001,M2M_CATALOG,2020-10-10T04:24Z,,,2020-10-10,0T04,,,,,,,,,,,,,
2020-10-13T21:12:00-CME-001,M2M_CATALOG,2020-10-13T21:12Z,S23W37,12775.0,2020-10-13,3T21,,,,,,,,,,,,,
2020-10-14T03:24:00-CME-001,M2M_CATALOG,2020-10-14T03:24Z,,,2020-10-14,4T03,,,,,,,,,,,,,
2020-10-15T11:24:00-CME-001,M2M_CATALOG,2020-10-15T11:24Z,,,2020-10-15,5T11,,,,,,,,,,,,,
2020-10-15T16:36:00-CME-001,M2M_CATALOG,2020-10-15T16:36Z,,,2020-10-15,5T16,,,,,,,,,,,,,
2020-10-16T13:36:00-CME-001,M2M_CATALOG,2020-10-16T13:36Z,,12774.0,2020-10-16,6T13,,,,,,,,,,,,,
2020-10-16T16:03:00-CME-001,M2M_CATALOG,2020-10-16T16:03Z,S23W66,12775.0,2020-10-16,6T16,,,,,,,,,,,,,
2020-10-18T09:24:00-CME-001,M2M_CATALOG,2020-10-18T09:24Z,,,2020-10-18,8T09,,,,,,,,,,,,,
2020-10-22T13:09:00-CME-001,M2M_CATALOG,2020-10-22T13:09Z,,,2020-10-22,2T13,,,,,,,,,,,,,
2020-10-23T04:39:00-CME-001,M2M_CATALOG,2020-10-23T04:39Z,,,2020-10-23,3T04,,,,,,,,,,,,,
2020-10-23T22:35:00-CME-001,M2M_CATALOG,2020-10-23T22:35Z,,,2020-10-23,3T22,,,,,,,,,,,,,
2020-10-26T09:12:00-CME-001,M2M_CATALOG,2020-10-26T09:12Z,,,2020-10-26,6T09,,,,,,,,,,,,,
2020-10-26T18:09:00-CME-001,M2M_CATALOG,2020-10-26T18:09Z,,,2020-10-26,6T18,,,,,,,,,,,,,
2020-10-27T03:39:00-CME-001,M2M_CATALOG,2020-10-27T03:39Z,,,2020-10-27,7T03,,,,,,,,,,,,,
2020-10-28T13:42:00-CME-001,M2M_CATALOG,2020-10-28T13:42Z,,,2020-10-28,8T13,,,,,,,,,,,,,
2020-11-18T13:24:00-CME-001,M2M_CATALOG,2020-11-18T13:24Z,,,2020-11-18,8T13,,,,,,,,,,,,,
2020-11-18T13:36:00-CME-001,M2M_CATALOG,2020-11-18T13:36Z,,,2020-11-18,8T13,,,,,,,,,,,,,
2020-10-29T01:54:00-CME-001,M2M_CATALOG,2020-10-29T01:54Z,S19W28,12779.0,2020-10-29,9T01,,,,,,,,,,,,,
2020-10-31T00:12:00-CME-001,M2M_CATALOG,2020-10-31T00:12Z,,,2020-10-31,1T00,,,,,,,,,,,,,
2020-12-11T00:36:00-CME-001,M2M_CATALOG,2020-12-11T00:36Z,,,2020-12-11,1T00,,,,,,,,,,,,,
2020-11-01T20:00:00-CME-001,M2M_CATALOG,2020-11-01T20:00Z,,,2020-11-01,1T20,,,,,,,,,,,,,
2020-11-02T05:24:00-CME-001,M2M_CATALOG,2020-11-02T05:24Z,,,2020-11-02,2T05,,,,,,,,,,,,,
2020-11-07T13:24:00-CME-001,M2M_CATALOG,2020-11-07T13:24Z,N19W01,12780.0,2020-11-07,7T13,,,,,,,,,,,,,
2020-11-08T20:12:00-CME-001,M2M_CATALOG,2020-11-08T20:12Z,,,2020-11-08,8T20,,,,,,,,,,,,,
2020-11-11T19:36:00-CME-001,M2M_CATALOG,2020-11-11T19:36Z,S22E60,12782.0,2020-11-11,1T19,,,,,,,,,,,,,
2020-11-21T19:36:00-CME-001,M2M_CATALOG,2020-11-21T19:36Z,,,2020-11-21,1T19,,,,,,,,,,,,,
2020-12-11T19:09:00-CME-001,M2M_CATALOG,2020-12-11T19:09Z,,12791.0,2020-12-11,1T19,,,,,,,,,,,,,
2020-11-12T02:24:00-CME-001,M2M_CATALOG,2020-11-12T02:24Z,,,2020-11-12,2T02,,,,,,,,,,,,,
2020-11-13T12:24:00-CME-001,M2M_CATALOG,2020-11-13T12:24Z,,,2020-11-13,3T12,,,,,,,,,,,,,
2020-11-17T08:36:00-CME-001,M2M_CATALOG,2020-11-17T08:36Z,,,2020-11-17,7T08,,,,,,,,,,,,,
2020-11-17T19:00:00-CME-001,M2M_CATALOG,2020-11-17T19:00Z,,,2020-11-17,7T19,,,,,,,,,,,,,
2020-10-28T13:42:00-CME-001,M2M_CATALOG,2020-10-28T13:42Z,,,2020-10-28,8T13,,,,,,,,,,,,,
2020-11-18T13:24:00-CME-001,M2M_CATALOG,2020-11-18T13:24Z,,,2020-11-18,8T13,,,,,,,,,,,,,
2020-11-18T13:36:00-CME-001,M2M_CATALOG,2020-11-18T13:36Z,,,2020-11-18,8T13,,,,,,,,,,,,,
2020-10-28T13:42:00-CME-001,M2M_CATALOG,2020-10-28T13:42Z,,,2020-10-28,8T13,,,,,,,,,,,,,
2020-11-18T13:24:00-CME-001,M2M_CATALOG,2020-11-18T13:24Z,,,2020-11-18,8T13,,,,,,,,,,,,,
2020-11-18T13:36:00-CME-001,M2M_CATALOG,2020-11-18T13:36Z,,,2020-11-18,8T13,,,,,,,,,,,,,
2020-11-18T21:48:00-CME-001,M2M_CATALOG,2020-11-18T21:48Z,S20E138,,2020-11-18,8T21,,,,,,,,,,,,,
2020-11-19T02:54:00-CME-001,M2M_CATALOG,2020-11-19T02:54Z,,,2020-11-19,9T02,,,,,,,,,,,,,
2020-11-19T03:12:00-CME-001,M2M_CATALOG,2020-11-19T03:12Z,N30E40,,2020-11-19,9T03,,,,,,,,,,,,,
2020-11-19T06:48:00-CME-001,M2M_CATALOG,2020-11-19T06:48Z,S23E49,,2020-11-19,9T06,,,,,,,,,,,,,
2020-11-19T15:12:00-CME-001,M2M_CATALOG,2020-11-19T15:12Z,,,2020-11-19,9T15,,,,,,,,,,,,,
2020-11-29T15:05:00-CME-001,M2M_CATALOG,2020-11-29T15:05Z,,12783.0,2020-11-29,9T15,,,,,,,,,,,,,
2020-11-20T19:51:00-CME-001,M2M_CATALOG,2020-11-20T19:51Z,,12783.0,2020-11-20,0T19,,,,,,,,,,,,,
2020-11-20T21:12:00-CME-001,M2M_CATALOG,2020-11-20T21:12Z,,,2020-11-20,0T21,,,,,,,,,,,,,
2020-11-11T19:36:00-CME-001,M2M_CATALOG,2020-11-11T19:36Z,S22E60,12782.0,2020-11-11,1T19,,,,,,,,,,,,,
2020-11-21T19:36:00-CME-001,M2M_CATALOG,2020-11-21T19:36Z,,,2020-11-21,1T19,,,,,,,,,,,,,
2020-12-11T19:09:00-CME-001,M2M_CATALOG,2020-12-11T19:09Z,,12791.0,2020-12-11,1T19,,,,,,,,,,,,,
2020-11-21T23:12:00-CME-001,M2M_CATALOG,2020-11-21T23:12Z,,,2020-11-21,1T23,,,,,,,,,,,,,
2020-11-22T01:36:00-CME-001,M2M_CATALOG,2020-11-22T01:36Z,,,2020-11-22,2T01,,,,,,,,,,,,,
2020-11-23T18:48:00-CME-001,M2M_CATALOG,2020-11-23T18:48Z,,,2020-11-23,3T18,,,,,,,,,,,,,
2020-11-24T04:36:00-CME-001,M2M_CATALOG,2020-11-24T04:36Z,S20E65,12785.0,2020-11-24,4T04,,,,,,,,,,,,,
2020-11-24T11:24:00-CME-001,M2M_CATALOG,2020-11-24T11:24Z,,,2020-11-24,4T11,,,,,,,,,,,,,
2020-12-04T11:09:00-CME-001,M2M_CATALOG,2020-12-04T11:09Z,,,2020-12-04,4T11,,,,,,,,,,,,,
2020-11-24T13:24:00-CME-001,M2M_CATALOG,2020-11-24T13:24Z,,,2020-11-24,4T13,,,,,,,,,,,,,
2020-11-26T08:24:00-CME-001,M2M_CATALOG,2020-11-26T08:24Z,,,2020-11-26,6T08,,,,,,,,,,,,,
2020-11-26T21:24:00-CME-001,M2M_CATALOG,2020-11-26T21:24Z,N32E90,12787.0,2020-11-26,6T21,,,,,,,,,,,,,
2020-11-27T05:48:00-CME-001,M2M_CATALOG,2020-11-27T05:48Z,,,2020-11-27,7T05,,,,,,,,,,,,,
2020-11-29T13:24:00-CME-001,M2M_CATALOG,2020-11-29T13:24Z,S23E97,,2020-11-29,9T13,,,,,,,,,,,,,
2020-11-19T15:12:00-CME-001,M2M_CATALOG,2020-11-19T15:12Z,,,2020-11-19,9T15,,,,,,,,,,,,,
2020-11-29T15:05:00-CME-001,M2M_CATALOG,2020-11-29T15:05Z,,12783.0,2020-11-29,9T15,,,,,,,,,,,,,
2020-11-30T07:09:00-CME-001,M2M_CATALOG,2020-11-30T07:09Z,,,2020-11-30,0T07,,,,,,,,,,,,,
2020-12-01T05:48:00-CME-001,M2M_CATALOG,2020-12-01T05:48Z,S25E80,12790.0,2020-12-01,1T05,,,,,,,,,,,,,
2020-12-01T07:12:00-CME-001,M2M_CATALOG,2020-12-01T07:12Z,N35E30,12787.0,2020-12-01,1T07,,,,,,,,,,,,,
2020-12-03T11:12:00-CME-001,M2M_CATALOG,2020-12-03T11:12Z,S30E137,,2020-12-03,3T11,,,,,,,,,,,,,
2020-12-04T02:48:00-CME-001,M2M_CATALOG,2020-12-04T02:48Z,,,2020-12-04,4T02,,,,,,,,,,,,,
2020-11-24T11:24:00-CME-001,M2M_CATALOG,2020-11-24T11:24Z,,,2020-11-24,4T11,,,,,,,,,,,,,
2020-12-04T11:09:00-CME-001,M2M_CATALOG,2020-12-04T11:09Z,,,2020-12-04,4T11,,,,,,,,,,,,,
2020-12-06T22:00:00-CME-001,M2M_CATALOG,2020-12-06T22:00Z,,,2020-12-06,6T22,,,,,,,,,,,,,
2020-12-07T16:24:00-CME-001,M2M_CATALOG,2020-12-07T16:24Z,S23W11,12790.0,2020-12-07,7T16,,,,,,,,,,,,,
2020-12-07T18:36:00-CME-001,M2M_CATALOG,2020-12-07T18:36Z,S40W30,,2020-12-07,7T18,,,,,,,,,,,,,
2020-10-31T00:12:00-CME-001,M2M_CATALOG,2020-10-31T00:12Z,,,2020-10-31,1T00,,,,,,,,,,,,,
2020-12-11T00:36:00-CME-001,M2M_CATALOG,2020-12-11T00:36Z,,,2020-12-11,1T00,,,,,,,,,,,,,
2020-11-11T19:36:00-CME-001,M2M_CATALOG,2020-11-11T19:36Z,S22E60,12782.0,2020-11-11,1T19,,,,,,,,,,,,,
2020-11-21T19:36:00-CME-001,M2M_CATALOG,2020-11-21T19:36Z,,,2020-11-21,1T19,,,,,,,,,,,,,
2020-12-11T19:09:00-CME-001,M2M_CATALOG,2020-12-11T19:09Z,,12791.0,2020-12-11,1T19,,,,,,,,,,,,,
2020-12-12T04:12:00-CME-001,M2M_CATALOG,2020-12-12T04:12Z,,,2020-12-12,2T04,,,,,,,,,,,,,
2020-12-13T09:24:00-CME-001,M2M_CATALOG,2020-12-13T09:24Z,,,2020-12-13,3T09,,,,,,,,,,,,,
2020-12-14T15:12:00-CME-001,M2M_CATALOG,2020-12-14T15:12Z,S22E44,12792.0,2020-12-14,4T15,,,,,,,,,,,,,
2020-12-14T21:12:00-CME-001,M2M_CATALOG,2020-12-14T21:12Z,N40E110,,2020-12-14,4T21,,,,,,,,,,,,,
2020-12-17T06:48:00-CME-001,M2M_CATALOG,2020-12-17T06:48Z,,,2020-12-17,7T06,,,,,,,,,,,,,
2020-12-27T00:48:00-CME-001,M2M_CATALOG,2020-12-27T00:48Z,,,2020-12-27,7T00,,,,,,,,,,,,,
2020-12-30T02:24:00-CME-001,M2M_CATALOG,2020-12-30T02:24Z,S20E08,12795.0,2020-12-30,0T02,,,,,,,,,,,,,
2020-10-10T04:24:00-CME-001,M2M_CATALOG,2020-10-10T04:24Z,,,2020-10-10,0T04,,,,,,,,,,,,,
2020-10-13T21:12:00-CME-001,M2M_CATALOG,2020-10-13T21:12Z,S23W37,12775.0,2020-10-13,3T21,,,,,,,,,,,,,
2020-10-14T03:24:00-CME-001,M2M_CATALOG,2020-10-14T03:24Z,,,2020-10-14,4T03,,,,,,,,,,,,,
2020-10-15T11:24:00-CME-001,M2M_CATALOG,2020-10-15T11:24Z,,,2020-10-15,5T11,,,,,,,,,,,,,
2020-10-15T16:36:00-CME-001,M2M_CATALOG,2020-10-15T16:36Z,,,2020-10-15,5T16,,,,,,,,,,,,,
2020-10-16T13:36:00-CME-001,M2M_CATALOG,2020-10-16T13:36Z,,12774.0,2020-10-16,6T13,,,,,,,,,,,,,
2020-10-16T16:03:00-CME-001,M2M_CATALOG,2020-10-16T16:03Z,S23W66,12775.0,2020-10-16,6T16,,,,,,,,,,,,,
2020-10-18T09:24:00-CME-001,M2M_CATALOG,2020-10-18T09:24Z,,,2020-10-18,8T09,,,,,,,,,,,,,
2020-10-22T13:09:00-CME-001,M2M_CATALOG,2020-10-22T13:09Z,,,2020-10-22,2T13,,,,,,,,,,,,,
2020-10-23T04:39:00-CME-001,M2M_CATALOG,2020-10-23T04:39Z,,,2020-10-23,3T04,,,,,,,,,,,,,
2020-10-23T22:35:00-CME-001,M2M_CATALOG,2020-10-23T22:35Z,,,2020-10-23,3T22,,,,,,,,,,,,,
2020-10-26T09:12:00-CME-001,M2M_CATALOG,2020-10-26T09:12Z,,,2020-10-26,6T09,,,,,,,,,,,,,
2020-10-26T18:09:00-CME-001,M2M_CATALOG,2020-10-26T18:09Z,,,2020-10-26,6T18,,,,,,,,,,,,,
2020-10-27T03:39:00-CME-001,M2M_CATALOG,2020-10-27T03:39Z,,,2020-10-27,7T03,,,,,,,,,,,,,
2020-10-28T13:42:00-CME-001,M2M_CATALOG,2020-10-28T13:42Z,,,2020-10-28,8T13,,,,,,,,,,,,,
2020-11-18T13:24:00-CME-001,M2M_CATALOG,2020-11-18T13:24Z,,,2020-11-18,8T13,,,,,,,,,,,,,
2020-11-18T13:36:00-CME-001,M2M_CATALOG,2020-11-18T13:36Z,,,2020-11-18,8T13,,,,,,,,,,,,,
2020-10-29T01:54:00-CME-001,M2M_CATALOG,2020-10-29T01:54Z,S19W28,12779.0,2020-10-29,9T01,,,,,,,,,,,,,
2020-10-31T00:12:00-CME-001,M2M_CATALOG,2020-10-31T00:12Z,,,2020-10-31,1T00,,,,,,,,,,,,,
2020-12-11T00:36:00-CME-001,M2M_CATALOG,2020-12-11T00:36Z,,,2020-12-11,1T00,,,,,,,,,,,,,
2020-11-01T20:00:00-CME-001,M2M_CATALOG,2020-11-01T20:00Z,,,2020-11-01,1T20,,,,,,,,,,,,,
2020-11-02T05:24:00-CME-001,M2M_CATALOG,2020-11-02T05:24Z,,,2020-11-02,2T05,,,,,,,,,,,,,
2020-11-07T13:24:00-CME-001,M2M_CATALOG,2020-11-07T13:24Z,N19W01,12780.0,2020-11-07,7T13,,,,,,,,,,,,,
2020-11-08T20:12:00-CME-001,M2M_CATALOG,2020-11-08T20:12Z,,,2020-11-08,8T20,,,,,,,,,,,,,
2020-11-11T19:36:00-CME-001,M2M_CATALOG,2020-11-11T19:36Z,S22E60,12782.0,2020-11-11,1T19,,,,,,,,,,,,,
2020-11-21T19:36:00-CME-001,M2M_CATALOG,2020-11-21T19:36Z,,,2020-11-21,1T19,,,,,,,,,,,,,
2020-12-11T19:09:00-CME-001,M2M_CATALOG,2020-12-11T19:09Z,,12791.0,2020-12-11,1T19,,,,,,,,,,,,,
2020-11-12T02:24:00-CME-001,M2M_CATALOG,2020-11-12T02:24Z,,,2020-11-12,2T02,,,,,,,,,,,,,
2020-11-13T12:24:00-CME-001,M2M_CATALOG,2020-11-13T12:24Z,,,2020-11-13,3T12,,,,,,,,,,,,,
2020-11-17T08:36:00-CME-001,M2M_CATALOG,2020-11-17T08:36Z,,,2020-11-17,7T08,,,,,,,,,,,,,
2020-11-17T19:00:00-CME-001,M2M_CATALOG,2020-11-17T19:00Z,,,2020-11-17,7T19,,,,,,,,,,,,,
2020-10-28T13:42:00-CME-001,M2M_CATALOG,2020-10-28T13:42Z,,,2020-10-28,8T13,,,,,,,,,,,,,
2020-11-18T13:24:00-CME-001,M2M_CATALOG,2020-11-18T13:24Z,,,2020-11-18,8T13,,,,,,,,,,,,,
2020-11-18T13:36:00-CME-001,M2M_CATALOG,2020-11-18T13:36Z,,,2020-11-18,8T13,,,,,,,,,,,,,
2020-10-28T13:42:00-CME-001,M2M_CATALOG,2020-10-28T13:42Z,,,2020-10-28,8T13,,,,,,,,,,,,,
2020-11-18T13:24:00-CME-001,M2M_CATALOG,2020-11-18T13:24Z,,,2020-11-18,8T13,,,,,,,,,,,,,
2020-11-18T13:36:00-CME-001,M2M_CATALOG,2020-11-18T13:36Z,,,2020-11-18,8T13,,,,,,,,,,,,,
2020-11-18T21:48:00-CME-001,M2M_CATALOG,2020-11-18T21:48Z,S20E138,,2020-11-18,8T21,,,,,,,,,,,,,
2020-11-19T02:54:00-CME-001,M2M_CATALOG,2020-11-19T02:54Z,,,2020-11-19,9T02,,,,,,,,,,,,,
2020-11-19T03:12:00-CME-001,M2M_CATALOG,2020-11-19T03:12Z,N30E40,,2020-11-19,9T03,,,,,,,,,,,,,
2020-11-19T06:48:00-CME-001,M2M_CATALOG,2020-11-19T06:48Z,S23E49,,2020-11-19,9T06,,,,,,,,,,,,,
2020-11-19T15:12:00-CME-001,M2M_CATALOG,2020-11-19T15:12Z,,,2020-11-19,9T15,,,,,,,,,,,,,
2020-11-29T15:05:00-CME-001,M2M_CATALOG,2020-11-29T15:05Z,,12783.0,2020-11-29,9T15,,,,,,,,,,,,,
2020-10-10T04:24:00-CME-001,M2M_CATALOG,2020-10-10T04:24Z,,,2020-10-10,0T04,,,,,,,,,,,,,
2020-10-13T21:12:00-CME-001,M2M_CATALOG,2020-10-13T21:12Z,S23W37,12775.0,2020-10-13,3T21,,,,,,,,,,,,,
2020-10-14T03:24:00-CME-001,M2M_CATALOG,2020-10-14T03:24Z,,,2020-10-14,4T03,,,,,,,,,,,,,
2020-10-15T11:24:00-CME-001,M2M_CATALOG,2020-10-15T11:24Z,,,2020-10-15,5T11,,,,,,,,,,,,,
2020-10-15T16:36:00-CME-001,M2M_CATALOG,2020-10-15T16:36Z,,,2020-10-15,5T16,,,,,,,,,,,,,
2020-10-16T13:36:00-CME-001,M2M_CATALOG,2020-10-16T13:36Z,,12774.0,2020-10-16,6T13,,,,,,,,,,,,,
2020-10-16T16:03:00-CME-001,M2M_CATALOG,2020-10-16T16:03Z,S23W66,12775.0,2020-10-16,6T16,,,,,,,,,,,,,
2020-10-18T09:24:00-CME-001,M2M_CATALOG,2020-10-18T09:24Z,,,2020-10-18,8T09,,,,,,,,,,,,,
2020-10-22T13:09:00-CME-001,M2M_CATALOG,2020-10-22T13:09Z,,,2020-10-22,2T13,,,,,,,,,,,,,
2020-11-02T05:24:00-CME-001,M2M_CATALOG,2020-11-02T05:24Z,,,2020-11-02,2T05,,,,,,,,,,,,,
2020-11-07T13:24:00-CME-001,M2M_CATALOG,2020-11-07T13:24Z,N19W01,12780.0,2020-11-07,7T13,,,,,,,,,,,,,
2020-11-08T20:12:00-CME-001,M2M_CATALOG,2020-11-08T20:12Z,,,2020-11-08,8T20,,,,,,,,,,,,,
2020-11-11T19:36:00-CME-001,M2M_CATALOG,2020-11-11T19:36Z,S22E60,12782.0,2020-11-11,1T19,,,,,,,,,,,,,
2020-11-21T19:36:00-CME-001,M2M_CATALOG,2020-11-21T19:36Z,,,2020-11-21,1T19,,,,,,,,,,,,,
2020-12-11T19:09:00-CME-001,M2M_CATALOG,2020-12-11T19:09Z,,12791.0,2020-12-11,1T19,,,,,,,,,,,,,
2020-11-12T02:24:00-CME-001,M2M_CATALOG,2020-11-12T02:24Z,,,2020-11-12,2T02,,,,,,,,,,,,,
2020-11-13T12:24:00-CME-001,M2M_CATALOG,2020-11-13T12:24Z,,,2020-11-13,3T12,,,,,,,,,,,,,
2020-11-17T08:36:00-CME-001,M2M_CATALOG,2020-11-17T08:36Z,,,2020-11-17,7T08,,,,,,,,,,,,,
2020-11-17T19:00:00-CME-001,M2M_CATALOG,2020-11-17T19:00Z,,,2020-11-17,7T19,,,,,,,,,,,,,
2020-11-18T21:48:00-CME-001,M2M_CATALOG,2020-11-18T21:48Z,S20E138,,2020-11-18,8T21,,,,,,,,,,,,,
2020-11-19T02:54:00-CME-001,M2M_CATALOG,2020-11-19T02:54Z,,,2020-11-19,9T02,,,,,,,,,,,,,
2020-11-27T05:48:00-CME-001,M2M_CATALOG,2020-11-27T05:48Z,,,2020-11-27,7T05,,,,,,,,,,,,,
2020-11-29T13:24:00-CME-001,M2M_CATALOG,2020-11-29T13:24Z,S23E97,,2020-11-29,9T13,,,,,,,,,,,,,
2020-11-30T07:09:00-CME-001,M2M_CATALOG,2020-11-30T07:09Z,,,2020-11-30,0T07,,,,,,,,,,,,,
2020-12-01T05:48:00-CME-001,M2M_CATALOG,2020-12-01T05:48Z,S25E80,12790.0,2020-12-01,1T05,,,,,,,,,,,,,
2020-12-01T07:12:00-CME-001,M2M_CATALOG,2020-12-01T07:12Z,N35E30,12787.0,2020-12-01,1T07,,,,,,,,,,,,,
2020-12-03T11:12:00-CME-001,M2M_CATALOG,2020-12-03T11:12Z,S30E137,,2020-12-03,3T11,,,,,,,,,,,,,
2020-12-04T02:48:00-CME-001,M2M_CATALOG,2020-12-04T02:48Z,,,2020-12-04,4T02,,,,,,,,,,,,,
2020-12-06T22:00:00-CME-001,M2M_CATALOG,2020-12-06T22:00Z,,,2020-12-06,6T22,,,,,,,,,,,,,
2020-12-07T16:24:00-CME-001,M2M_CATALOG,2020-12-07T16:24Z,S23W11,12790.0,2020-12-07,7T16,,,,,,,,,,,,,
2020-12-07T18:36:00-CME-001,M2M_CATALOG,2020-12-07T18:36Z,S40W30,,2020-12-07,7T18,,,,,,,,,,,,,
2020-12-17T06:48:00-CME-001,M2M_CATALOG,2020-12-17T06:48Z,,,2020-12-17,7T06,,,,,,,,,,,,,
2020-12-27T00:48:00-CME-001,M2M_CATALOG,2020-12-27T00:48Z,,,2020-12-27,7T00,,,,,,,,,,,,,
2020-12-30T02:24:00-CME-001,M2M_CATALOG,2020-12-30T02:24Z,S20E08,12795.0,2020-12-30,0T02,,,,,,,,,,,,,
2020-10-10T04:24:00-CME-001,M2M_CATALOG,2020-10-10T04:24Z,,,2020-10-10,0T04,,,,,,,,,,,,,
2020-10-13T21:12:00-CME-001,M2M_CATALOG,2020-10-13T21:12Z,S23W37,12775.0,2020-10-13,3T21,,,,,,,,,,,,,
2020-10-14T03:24:00-CME-001,M2M_CATALOG,2020-10-14T03:24Z,,,2020-10-14,4T03,,,,,,,,,,,,,
2020-10-15T11:24:00-CME-001,M2M_CATALOG,2020-10-15T11:24Z,,,2020-10-15,5T11,,,,,,,,,,,,,
2020-10-15T16:36:00-CME-001,M2M_CATALOG,2020-10-15T16:36Z,,,2020-10-15,5T16,,,,,,,,,,,,,
2020-10-16T13:36:00-CME-001,M2M_CATALOG,2020-10-16T13:36Z,,12774.0,2020-10-16,6T13,,,,,,,,,,,,,
2020-10-16T16:03:00-CME-001,M2M_CATALOG,2020-10-16T16:03Z,S23W66,12775.0,2020-10-16,6T16,,,,,,,,,,,,,
2020-10-18T09:24:00-CME-001,M2M_CATALOG,2020-10-18T09:24Z,,,2020-10-18,8T09,,,,,,,,,,,,,
2020-10-22T13:09:00-CME-001,M2M_CATALOG,2020-10-22T13:09Z,,,2020-10-22,2T13,,,,,,,,,,,,,
2020-11-02T05:24:00-CME-001,M2M_CATALOG,2020-11-02T05:24Z,,,2020-11-02,2T05,,,,,,,,,,,,,
2020-11-07T13:24:00-CME-001,M2M_CATALOG,2020-11-07T13:24Z,N19W01,12780.0,2020-11-07,7T13,,,,,,,,,,,,,
2020-11-08T20:12:00-CME-001,M2M_CATALOG,2020-11-08T20:12Z,,,2020-11-08,8T20,,,,,,,,,,,,,
2020-11-11T19:36:00-CME-001,M2M_CATALOG,2020-11-11T19:36Z,S22E60,12782.0,2020-11-11,1T19,,,,,,,,,,,,,
2020-11-21T19:36:00-CME-001,M2M_CATALOG,2020-11-21T19:36Z,,,2020-11-21,1T19,,,,,,,,,,,,,
2020-12-11T19:09:00-CME-001,M2M_CATALOG,2020-12-11T19:09Z,,12791.0,2020-12-11,1T19,,,,,,,,,,,,,
2020-11-12T02:24:00-CME-001,M2M_CATALOG,2020-11-12T02:24Z,,,2020-11-12,2T02,,,,,,,,,,,,,
2020-11-13T12:24:00-CME-001,M2M_CATALOG,2020-11-13T12:24Z,,,2020-11-13,3T12,,,,,,,,,,,,,
2020-11-17T08:36:00-CME-001,M2M_CATALOG,2020-11-17T08:36Z,,,2020-11-17,7T08,,,,,,,,,,,,,
2020-11-17T19:00:00-CME-001,M2M_CATALOG,2020-11-17T19:00Z,,,2020-11-17,7T19,,,,,,,,,,,,,
2020-11-18T21:48:00-CME-001,M2M_CATALOG,2020-11-18T21:48Z,S20E138,,2020-11-18,8T21,,,,,,,,,,,,,
2020-11-19T02:54:00-CME-001,M2M_CATALOG,2020-11-19T02:54Z,,,2020-11-19,9T02,,,,,,,,,,,,,
2020-11-27T05:48:00-CME-001,M2M_CATALOG,2020-11-27T05:48Z,,,2020-11-27,7T05,,,,,,,,,,,,,
2020-11-29T13:24:00-CME-001,M2M_CATALOG,2020-11-29T13:24Z,S23E97,,2020-11-29,9T13,,,,,,,,,,,,,
2020-11-30T07:09:00-CME-001,M2M_CATALOG,2020-11-30T07:09Z,,,2020-11-30,0T07,,,,,,,,,,,,,
2020-12-01T05:48:00-CME-001,M2M_CATALOG,2020-12-01T05:48Z,S25E80,12790.0,2020-12-01,1T05,,,,,,,,,,,,,
2020-12-01T07:12:00-CME-001,M2M_CATALOG,2020-12-01T07:12Z,N35E30,12787.0,2020-12-01,1T07,,,,,,,,,,,,,
2020-12-03T11:12:00-CME-001,M2M_CATALOG,2020-12-03T11:12Z,S30E137,,2020-12-03,3T11,,,,,,,,,,,,,
2020-12-04T02:48:00-CME-001,M2M_CATALOG,2020-12-04T02:48Z,,,2020-12-04,4T02,,,,,,,,,,,,,
2020-12-06T22:00:00-CME-001,M2M_CATALOG,2020-12-06T22:00Z,,,2020-12-06,6T22,,,,,,,,,,,,,
2020-12-07T16:24:00-CME-001,M2M_CATALOG,2020-12-07T16:24Z,S23W11,12790.0,2020-12-07,7T16,,,,,,,,,,,,,
2020-12-07T18:36:00-CME-001,M2M_CATALOG,2020-12-07T18:36Z,S40W30,,2020-12-07,7T18,,,,,,,,,,,,,
2020-12-17T06:48:00-CME-001,M2M_CATALOG,2020-12-17T06:48Z,,,2020-12-17,7T06,,,,,,,,,,,,,
2020-12-27T00:48:00-CME-001,M2M_CATALOG,2020-12-27T00:48Z,,,2020-12-27,7T00,,,,,,,,,,,,,
2020-12-30T02:24:00-CME-001,M2M_CATALOG,2020-12-30T02:24Z,S20E08,12795.0,2020-12-30,0T02,,,,,,,,,,,,,
2020-10-10T04:24:00-CME-001,M2M_CATALOG,2020-10-10T04:24Z,,,2020-10-10,0T04,,,,,,,,,,,,,
2020-10-13T21:12:00-CME-001,M2M_CATALOG,2020-10-13T21:12Z,S23W37,12775.0,2020-10-13,3T21,,,,,,,,,,,,,
2020-10-14T03:24:00-CME-001,M2M_CATALOG,2020-10-14T03:24Z,,,2020-10-14,4T03,,,,,,,,,,,,,
2020-10-15T11:24:00-CME-001,M2M_CATALOG,2020-10-15T11:24Z,,,2020-10-15,5T11,,,,,,,,,,,,,
2020-10-15T16:36:00-CME-001,M2M_CATALOG,2020-10-15T16:36Z,,,2020-10-15,5T16,,,,,,,,,,,,,
2020-10-16T13:36:00-CME-001,M2M_CATALOG,2020-10-16T13:36Z,,12774.0,2020-10-16,6T13,,,,,,,,,,,,,
2020-10-16T16:03:00-CME-001,M2M_CATALOG,2020-10-16T16:03Z,S23W66,12775.0,2020-10-16,6T16,,,,,,,,,,,,,
2020-10-18T09:24:00-CME-001,M2M_CATALOG,2020-10-18T09:24Z,,,2020-10-18,8T09,,,,,,,,,,,,,
2020-10-22T13:09:00-CME-001,M2M_CATALOG,2020-10-22T13:09Z,,,2020-10-22,2T13,,,,,,,,,,,,,
2020-11-02T05:24:00-CME-001,M2M_CATALOG,2020-11-02T05:24Z,,,2020-11-02,2T05,,,,,,,,,,,,,
2020-11-07T13:24:00-CME-001,M2M_CATALOG,2020-11-07T13:24Z,N19W01,12780.0,2020-11-07,7T13,,,,,,,,,,,,,
2020-11-08T20:12:00-CME-001,M2M_CATALOG,2020-11-08T20:12Z,,,2020-11-08,8T20,,,,,,,,,,,,,
2020-11-11T19:36:00-CME-001,M2M_CATALOG,2020-11-11T19:36Z,S22E60,12782.0,2020-11-11,1T19,,,,,,,,,,,,,
2020-11-21T19:36:00-CME-001,M2M_CATALOG,2020-11-21T19:36Z,,,2020-11-21,1T19,,,,,,,,,,,,,
2020-12-11T19:09:00-CME-001,M2M_CATALOG,2020-12-11T19:09Z,,12791.0,2020-12-11,1T19,,,,,,,,,,,,,
2020-11-12T02:24:00-CME-001,M2M_CATALOG,2020-11-12T02:24Z,,,2020-11-12,2T02,,,,,,,,,,,,,
2020-11-13T12:24:00-CME-001,M2M_CATALOG,2020-11-13T12:24Z,,,2020-11-13,3T12,,,,,,,,,,,,,
2020-11-17T08:36:00-CME-001,M2M_CATALOG,2020-11-17T08:36Z,,,2020-11-17,7T08,,,,,,,,,,,,,
2020-11-17T19:00:00-CME-001,M2M_CATALOG,2020-11-17T19:00Z,,,2020-11-17,7T19,,,,,,,,,,,,,
2020-11-18T21:48:00-CME-001,M2M_CATALOG,2020-11-18T21:48Z,S20E138,,2020-11-18,8T21,,,,,,,,,,,,,
2020-11-19T02:54:00-CME-001,M2M_CATALOG,2020-11-19T02:54Z,,,2020-11-19,9T02,,,,,,,,,,,,,
2020-11-27T05:48:00-CME-001,M2M_CATALOG,2020-11-27T05:48Z,,,2020-11-27,7T05,,,,,,,,,,,,,
2020-11-29T13:24:00-CME-001,M2M_CATALOG,2020-11-29T13:24Z,S23E97,,2020-11-29,9T13,,,,,,,,,,,,,
2020-11-30T07:09:00-CME-001,M2M_CATALOG,2020-11-30T07:09Z,,,2020-11-30,0T07,,,,,,,,,,,,,
2020-12-01T05:48:00-CME-001,M2M_CATALOG,2020-12-01T05:48Z,S25E80,12790.0,2020-12-01,1T05,,,,,,,,,,,,,
2020-12-01T07:12:00-CME-001,M2M_CATALOG,2020-12-01T07:12Z,N35E30,12787.0,2020-12-01,1T07,,,,,,,,,,,,,
2020-12-03T11:12:00-CME-001,M2M_CATALOG,2020-12-03T11:12Z,S30E137,,2020-12-03,3T11,,,,,,,,,,,,,
2020-12-04T02:48:00-CME-001,M2M_CATALOG,2020-12-04T02:48Z,,,2020-12-04,4T02,,,,,,,,,,,,,
2020-12-06T22:00:00-CME-001,M2M_CATALOG,2020-12-06T22:00Z,,,2020-12-06,6T22,,,,,,,,,,,,,
2020-12-07T16:24:00-CME-001,M2M_CATALOG,2020-12-07T16:24Z,S23W11,12790.0,2020-12-07,7T16,,,,,,,,,,,,,
2020-12-07T18:36:00-CME-001,M2M_CATALOG,2020-12-07T18:36Z,S40W30,,2020-12-07,7T18,,,,,,,,,,,,,
2020-12-17T06:48:00-CME-001,M2M_CATALOG,2020-12-17T06:48Z,,,2020-12-17,7T06,,,,,,,,,,,,,
2020-12-27T00:48:00-CME-001,M2M_CATALOG,2020-12-27T00:48Z,,,2020-12-27,7T00,,,,,,,,,,,,,
2020-12-30T02:24:00-CME-001,M2M_CATALOG,2020-12-30T02:24Z,S20E08,12795.0,2020-12-30,0T02,,,,,,,,,,,,,
2020-10-23T04:39:00-CME-001,M2M_CATALOG,2020-10-23T04:39Z,,,2020-10-23,3T04,,,,,,,,,,,,,
2020-10-23T22:35:00-CME-001,M2M_CATALOG,2020-10-23T22:35Z,,,2020-10-23,3T22,,,,,,,,,,,,,
2020-10-10T04:24:00-CME-001,M2M_CATALOG,2020-10-10T04:24Z,,,2020-10-10,0T04,,,,,,,,,,,,,
2020-10-13T21:12:00-CME-001,M2M_CATALOG,2020-10-13T21:12Z,S23W37,12775.0,2020-10-13,3T21,,,,,,,,,,,,,
2020-10-14T03:24:00-CME-001,M2M_CATALOG,2020-10-14T03:24Z,,,2020-10-14,4T03,,,,,,,,,,,,,
2020-10-15T11:24:00-CME-001,M2M_CATALOG,2020-10-15T11:24Z,,,2020-10-15,5T11,,,,,,,,,,,,,
2020-10-15T16:36:00-CME-001,M2M_CATALOG,2020-10-15T16:36Z,,,2020-10-15,5T16,,,,,,,,,,,,,
2020-10-16T13:36:00-CME-001,M2M_CATALOG,2020-10-16T13:36Z,,12774.0,2020-10-16,6T13,,,,,,,,,,,,,
2020-10-16T16:03:00-CME-001,M2M_CATALOG,2020-10-16T16:03Z,S23W66,12775.0,2020-10-16,6T16,,,,,,,,,,,,,
2020-10-18T09:24:00-CME-001,M2M_CATALOG,2020-10-18T09:24Z,,,2020-10-18,8T09,,,,,,,,,,,,,
2020-10-22T13:09:00-CME-001,M2M_CATALOG,2020-10-22T13:09Z,,,2020-10-22,2T13,,,,,,,,,,,,,
2020-10-23T04:39:00-CME-001,M2M_CATALOG,2020-10-23T04:39Z,,,2020-10-23,3T04,,,,,,,,,,,,,
2020-10-23T22:35:00-CME-001,M2M_CATALOG,2020-10-23T22:35Z,,,2020-10-23,3T22,,,,,,,,,,,,,
2020-10-26T09:12:00-CME-001,M2M_CATALOG,2020-10-26T09:12Z,,,2020-10-26,6T09,,,,,,,,,,,,,
2020-10-26T18:09:00-CME-001,M2M_CATALOG,2020-10-26T18:09Z,,,2020-10-26,6T18,,,,,,,,,,,,,
2020-10-27T03:39:00-CME-001,M2M_CATALOG,2020-10-27T03:39Z,,,2020-10-27,7T03,,,,,,,,,,,,,
2020-10-28T13:42:00-CME-001,M2M_CATALOG,2020-10-28T13:42Z,,,2020-10-28,8T13,,,,,,,,,,,,,
2020-11-18T13:24:00-CME-001,M2M_CATALOG,2020-11-18T13:24Z,,,2020-11-18,8T13,,,,,,,,,,,,,
2020-11-18T13:36:00-CME-001,M2M_CATALOG,2020-11-18T13:36Z,,,2020-11-18,8T13,,,,,,,,,,,,,
2020-10-29T01:54:00-CME-001,M2M_CATALOG,2020-10-29T01:54Z,S19W28,12779.0,2020-10-29,9T01,,,,,,,,,,,,,
2020-10-31T00:12:00-CME-001,M2M_CATALOG,2020-10-31T00:12Z,,,2020-10-31,1T00,,,,,,,,,,,,,
2020-12-11T00:36:00-CME-001,M2M_CATALOG,2020-12-11T00:36Z,,,2020-12-11,1T00,,,,,,,,,,,,,
2020-11-01T20:00:00-CME-001,M2M_CATALOG,2020-11-01T20:00Z,,,2020-11-01,1T20,,,,,,,,,,,,,
2020-11-02T05:24:00-CME-001,M2M_CATALOG,2020-11-02T05:24Z,,,2020-11-02,2T05,,,,,,,,,,,,,
2020-11-07T13:24:00-CME-001,M2M_CATALOG,2020-11-07T13:24Z,N19W01,12780.0,2020-11-07,7T13,,,,,,,,,,,,,
2020-11-08T20:12:00-CME-001,M2M_CATALOG,2020-11-08T20:12Z,,,2020-11-08,8T20,,,,,,,,,,,,,
2020-11-11T19:36:00-CME-001,M2M_CATALOG,2020-11-11T19:36Z,S22E60,12782.0,2020-11-11,1T19,,,,,,,,,,,,,
2020-11-21T19:36:00-CME-001,M2M_CATALOG,2020-11-21T19:36Z,,,2020-11-21,1T19,,,,,,,,,,,,,
2020-12-11T19:09:00-CME-001,M2M_CATALOG,2020-12-11T19:09Z,,12791.0,2020-12-11,1T19,,,,,,,,,,,,,
2020-11-12T02:24:00-CME-001,M2M_CATALOG,2020-11-12T02:24Z,,,2020-11-12,2T02,,,,,,,,,,,,,
2020-11-13T12:24:00-CME-001,M2M_CATALOG,2020-11-13T12:24Z,,,2020-11-13,3T12,,,,,,,,,,,,,
2020-11-17T08:36:00-CME-001,M2M_CATALOG,2020-11-17T08:36Z,,,2020-11-17,7T08,,,,,,,,,,,,,
2020-11-17T19:00:00-CME-001,M2M_CATALOG,2020-11-17T19:00Z,,,2020-11-17,7T19,,,,,,,,,,,,,
2020-10-28T13:42:00-CME-001,M2M_CATALOG,2020-10-28T13:42Z,,,2020-10-28,8T13,,,,,,,,,,,,,
2020-11-18T13:24:00-CME-001,M2M_CATALOG,2020-11-18T13:24Z,,,2020-11-18,8T13,,,,,,,,,,,,,
2020-11-18T13:36:00-CME-001,M2M_CATALOG,2020-11-18T13:36Z,,,2020-11-18,8T13,,,,,,,,,,,,,
2020-10-28T13:42:00-CME-001,M2M_CATALOG,2020-10-28T13:42Z,,,2020-10-28,8T13,,,,,,,,,,,,,
2020-11-18T13:24:00-CME-001,M2M_CATALOG,2020-11-18T13:24Z,,,2020-11-18,8T13,,,,,,,,,,,,,
2020-11-18T13:36:00-CME-001,M2M_CATALOG,2020-11-18T13:36Z,,,2020-11-18,8T13,,,,,,,,,,,,,
2020-11-18T21:48:00-CME-001,M2M_CATALOG,2020-11-18T21:48Z,S20E138,,2020-11-18,8T21,,,,,,,,,,,,,
2020-11-19T02:54:00-CME-001,M2M_CATALOG,2020-11-19T02:54Z,,,2020-11-19,9T02,,,,,,,,,,,,,
2020-11-19T03:12:00-CME-001,M2M_CATALOG,2020-11-19T03:12Z,N30E40,,2020-11-19,9T03,,,,,,,,,,,,,
2020-11-19T06:48:00-CME-001,M2M_CATALOG,2020-11-19T06:48Z,S23E49,,2020-11-19,9T06,,,,,,,,,,,,,
2020-11-19T15:12:00-CME-001,M2M_CATALOG,2020-11-19T15:12Z,,,2020-11-19,9T15,,,,,,,,,,,,,
2020-11-29T15:05:00-CME-001,M2M_CATALOG,2020-11-29T15:05Z,,12783.0,2020-11-29,9T15,,,,,,,,,,,,,
2020-11-20T19:51:00-CME-001,M2M_CATALOG,2020-11-20T19:51Z,,12783.0,2020-11-20,0T19,,,,,,,,,,,,,
2020-11-20T21:12:00-CME-001,M2M_CATALOG,2020-11-20T21:12Z,,,2020-11-20,0T21,,,,,,,,,,,,,
2020-11-11T19:36:00-CME-001,M2M_CATALOG,2020-11-11T19:36Z,S22E60,12782.0,2020-11-11,1T19,,,,,,,,,,,,,
2020-11-21T19:36:00-CME-001,M2M_CATALOG,2020-11-21T19:36Z,,,2020-11-21,1T19,,,,,,,,,,,,,
2020-12-11T19:09:00-CME-001,M2M_CATALOG,2020-12-11T19:09Z,,12791.0,2020-12-11,1T19,,,,,,,,,,,,,
2020-11-21T23:12:00-CME-001,M2M_CATALOG,2020-11-21T23:12Z,,,2020-11-21,1T23,,,,,,,,,,,,,
2020-11-22T01:36:00-CME-001,M2M_CATALOG,2020-11-22T01:36Z,,,2020-11-22,2T01,,,,,,,,,,,,,
2020-11-23T18:48:00-CME-001,M2M_CATALOG,2020-11-23T18:48Z,,,2020-11-23,3T18,,,,,,,,,,,,,
2020-11-24T04:36:00-CME-001,M2M_CATALOG,2020-11-24T04:36Z,S20E65,12785.0,2020-11-24,4T04,2203.0,af810cae-3480-40b0-985c-153f6687317b,Pabst Blue Ribbon,Chocolate St,Light Lager,Galena,1968 - London ESB Ale,Black malt,91 IBU,9.1%,16.2°Blg,Estados Unidos,1844.0
2020-11-24T11:24:00-CME-001,M2M_CATALOG,2020-11-24T11:24Z,,,2020-11-24,4T11,,,,,,,,,,,,,
2020-12-04T11:09:00-CME-001,M2M_CATALOG,2020-12-04T11:09Z,,,2020-12-04,4T11,,,,,,,,,,,,,
2020-11-24T13:24:00-CME-001,M2M_CATALOG,2020-11-24T13:24Z,,,2020-11-24,4T13,,,,,,,,,,,,,
2020-11-26T08:24:00-CME-001,M2M_CATALOG,2020-11-26T08:24Z,,,2020-11-26,6T08,,,,,,,,,,,,,
2020-11-26T21:24:00-CME-001,M2M_CATALOG,2020-11-26T21:24Z,N32E90,12787.0,2020-11-26,6T21,,,,,,,,,,,,,
2020-11-27T05:48:00-CME-001,M2M_CATALOG,2020-11-27T05:48Z,,,2020-11-27,7T05,,,,,,,,,,,,,
2020-11-29T13:24:00-CME-001,M2M_CATALOG,2020-11-29T13:24Z,S23E97,,2020-11-29,9T13,,,,,,,,,,,,,
2020-11-19T15:12:00-CME-001,M2M_CATALOG,2020-11-19T15:12Z,,,2020-11-19,9T15,,,,,,,,,,,,,
2020-11-29T15:05:00-CME-001,M2M_CATALOG,2020-11-29T15:05Z,,12783.0,2020-11-29,9T15,,,,,,,,,,,,,
2020-11-30T07:09:00-CME-001,M2M_CATALOG,2020-11-30T07:09Z,,,2020-11-30,0T07,,,,,,,,,,,,,
2020-12-01T05:48:00-CME-001,M2M_CATALOG,2020-12-01T05:48Z,S25E80,12790.0,2020-12-01,1T05,,,,,,,,,,,,,
2020-12-01T07:12:00-CME-001,M2M_CATALOG,2020-12-01T07:12Z,N35E30,12787.0,2020-12-01,1T07,,,,,,,,,,,,,
2020-12-03T11:12:00-CME-001,M2M_CATALOG,2020-12-03T11:12Z,S30E137,,2020-12-03,3T11,,,,,,,,,,,,,
2020-12-04T02:48:00-CME-001,M2M_CATALOG,2020-12-04T02:48Z,,,2020-12-04,4T02,,,,,,,,,,,,,
2020-11-24T11:24:00-CME-001,M2M_CATALOG,2020-11-24T11:24Z,,,2020-11-24,4T11,,,,,,,,,,,,,
2020-12-04T11:09:00-CME-001,M2M_CATALOG,2020-12-04T11:09Z,,,2020-12-04,4T11,,,,,,,,,,,,,
2020-12-06T22:00:00-CME-001,M2M_CATALOG,2020-12-06T22:00Z,,,2020-12-06,6T22,,,,,,,,,,,,,
2020-12-07T16:24:00-CME-001,M2M_CATALOG,2020-12-07T16:24Z,S23W11,12790.0,2020-12-07,7T16,,,,,,,,,,,,,
2020-12-07T18:36:00-CME-001,M2M_CATALOG,2020-12-07T18:36Z,S40W30,,2020-12-07,7T18,,,,,,,,,,,,,
2020-10-31T00:12:00-CME-001,M2M_CATALOG,2020-10-31T00:12Z,,,2020-10-31,1T00,,,,,,,,,,,,,
2020-12-11T00:36:00-CME-001,M2M_CATALOG,2020-12-11T00:36Z,,,2020-12-11,1T00,,,,,,,,,,,,,
2020-11-11T19:36:00-CME-001,M2M_CATALOG,2020-11-11T19:36Z,S22E60,12782.0,2020-11-11,1T19,,,,,,,,,,,,,
2020-11-21T19:36:00-CME-001,M2M_CATALOG,2020-11-21T19:36Z,,,2020-11-21,1T19,,,,,,,,,,,,,
2020-12-11T19:09:00-CME-001,M2M_CATALOG,2020-12-11T19:09Z,,12791.0,2020-12-11,1T19,,,,,,,,,,,,,
2020-12-12T04:12:00-CME-001,M2M_CATALOG,2020-12-12T04:12Z,,,2020-12-12,2T04,,,,,,,,,,,,,
2020-12-13T09:24:00-CME-001,M2M_CATALOG,2020-12-13T09:24Z,,,2020-12-13,3T09,,,,,,,,,,,,,
2020-12-14T15:12:00-CME-001,M2M_CATALOG,2020-12-14T15:12Z,S22E44,12792.0,2020-12-14,4T15,,,,,,,,,,,,,
2020-12-14T21:12:00-CME-001,M2M_CATALOG,2020-12-14T21:12Z,N40E110,,2020-12-14,4T21,,,,,,,,,,,,,
2020-12-17T06:48:00-CME-001,M2M_CATALOG,2020-12-17T06:48Z,,,2020-12-17,7T06,,,,,,,,,,,,,
2020-12-27T00:48:00-CME-001,M2M_CATALOG,2020-12-27T00:48Z,,,2020-12-27,7T00,,,,,,,,,,,,,
2020-12-30T02:24:00-CME-001,M2M_CATALOG,2020-12-30T02:24Z,S20E08,12795.0,2020-12-30,0T02,,,,,,,,,,,,,
2020-10-10T04:24:00-CME-001,M2M_CATALOG,2020-10-10T04:24Z,,,2020-10-10,0T04,,,,,,,,,,,,,
2020-10-13T21:12:00-CME-001,M2M_CATALOG,2020-10-13T21:12Z,S23W37,12775.0,2020-10-13,3T21,,,,,,,,,,,,,
2020-10-14T03:24:00-CME-001,M2M_CATALOG,2020-10-14T03:24Z,,,2020-10-14,4T03,,,,,,,,,,,,,
2020-10-15T11:24:00-CME-001,M2M_CATALOG,2020-10-15T11:24Z,,,2020-10-15,5T11,,,,,,,,,,,,,
2020-10-15T16:36:00-CME-001,M2M_CATALOG,2020-10-15T16:36Z,,,2020-10-15,5T16,,,,,,,,,,,,,
2020-10-16T13:36:00-CME-001,M2M_CATALOG,2020-10-16T13:36Z,,12774.0,2020-10-16,6T13,,,,,,,,,,,,,
2020-10-16T16:03:00-CME-001,M2M_CATALOG,2020-10-16T16:03Z,S23W66,12775.0,2020-10-16,6T16,,,,,,,,,,,,,
2020-10-18T09:24:00-CME-001,M2M_CATALOG,2020-10-18T09:24Z,,,2020-10-18,8T09,,,,,,,,,,,,,
2020-10-22T13:09:00-CME-001,M2M_CATALOG,2020-10-22T13:09Z,,,2020-10-22,2T13,,,,,,,,,,,,,
2020-10-23T04:39:00-CME-001,M2M_CATALOG,2020-10-23T04:39Z,,,2020-10-23,3T04,,,,,,,,,,,,,
2020-10-23T22:35:00-CME-001,M2M_CATALOG,2020-10-23T22:35Z,,,2020-10-23,3T22,,,,,,,,,,,,,
2020-10-26T09:12:00-CME-001,M2M_CATALOG,2020-10-26T09:12Z,,,2020-10-26,6T09,,,,,,,,,,,,,
2020-10-26T18:09:00-CME-001,M2M_CATALOG,2020-10-26T18:09Z,,,2020-10-26,6T18,,,,,,,,,,,,,
2020-10-27T03:39:00-CME-001,M2M_CATALOG,2020-10-27T03:39Z,,,2020-10-27,7T03,,,,,,,,,,,,,
2020-10-28T13:42:00-CME-001,M2M_CATALOG,2020-10-28T13:42Z,,,2020-10-28,8T13,,,,,,,,,,,,,
2020-11-18T13:24:00-CME-001,M2M_CATALOG,2020-11-18T13:24Z,,,2020-11-18,8T13,,,,,,,,,,,,,
2020-11-18T13:36:00-CME-001,M2M_CATALOG,2020-11-18T13:36Z,,,2020-11-18,8T13,,,,,,,,,,,,,
2020-10-29T01:54:00-CME-001,M2M_CATALOG,2020-10-29T01:54Z,S19W28,12779.0,2020-10-29,9T01,,,,,,,,,,,,,
2020-10-31T00:12:00-CME-001,M2M_CATALOG,2020-10-31T00:12Z,,,2020-10-31,1T00,,,,,,,,,,,,,
2020-12-11T00:36:00-CME-001,M2M_CATALOG,2020-12-11T00:36Z,,,2020-12-11,1T00,,,,,,,,,,,,,
2020-11-01T20:00:00-CME-001,M2M_CATALOG,2020-11-01T20:00Z,,,2020-11-01,1T20,,,,,,,,,,,,,
2020-11-02T05:24:00-CME-001,M2M_CATALOG,2020-11-02T05:24Z,,,2020-11-02,2T05,,,,,,,,,,,,,
2020-11-07T13:24:00-CME-001,M2M_CATALOG,2020-11-07T13:24Z,N19W01,12780.0,2020-11-07,7T13,,,,,,,,,,,,,
2020-11-08T20:12:00-CME-001,M2M_CATALOG,2020-11-08T20:12Z,,,2020-11-08,8T20,,,,,,,,,,,,,
2020-11-11T19:36:00-CME-001,M2M_CATALOG,2020-11-11T19:36Z,S22E60,12782.0,2020-11-11,1T19,,,,,,,,,,,,,
2020-11-21T19:36:00-CME-001,M2M_CATALOG,2020-11-21T19:36Z,,,2020-11-21,1T19,,,,,,,,,,,,,
2020-12-11T19:09:00-CME-001,M2M_CATALOG,2020-12-11T19:09Z,,12791.0,2020-12-11,1T19,,,,,,,,,,,,,
2020-11-12T02:24:00-CME-001,M2M_CATALOG,2020-11-12T02:24Z,,,2020-11-12,2T02,,,,,,,,,,,,,
2020-11-13T12:24:00-CME-001,M2M_CATALOG,2020-11-13T12:24Z,,,2020-11-13,3T12,,,,,,,,,,,,,
2020-11-17T08:36:00-CME-001,M2M_CATALOG,2020-11-17T08:36Z,,,2020-11-17,7T08,,,,,,,,,,,,,
2020-11-17T19:00:00-CME-001,M2M_CATALOG,2020-11-17T19:00Z,,,2020-11-17,7T19,,,,,,,,,,,,,
2020-10-28T13:42:00-CME-001,M2M_CATALOG,2020-10-28T13:42Z,,,2020-10-28,8T13,,,,,,,,,,,,,
2020-11-18T13:24:00-CME-001,M2M_CATALOG,2020-11-18T13:24Z,,,2020-11-18,8T13,,,,,,,,,,,,,
2020-11-18T13:36:00-CME-001,M2M_CATALOG,2020-11-18T13:36Z,,,2020-11-18,8T13,,,,,,,,,,,,,
2020-10-28T13:42:00-CME-001,M2M_CATALOG,2020-10-28T13:42Z,,,2020-10-28,8T13,,,,,,,,,,,,,
2020-11-18T13:24:00-CME-001,M2M_CATALOG,2020-11-18T13:24Z,,,2020-11-18,8T13,,,,,,,,,,,,,
2020-11-18T13:36:00-CME-001,M2M_CATALOG,2020-11-18T13:36Z,,,2020-11-18,8T13,,,,,,,,,,,,,
2020-11-18T21:48:00-CME-001,M2M_CATALOG,2020-11-18T21:48Z,S20E138,,2020-11-18,8T21,,,,,,,,,,,,,
2020-11-19T02:54:00-CME-001,M2M_CATALOG,2020-11-19T02:54Z,,,2020-11-19,9T02,,,,,,,,,,,,,
2020-11-19T03:12:00-CME-001,M2M_CATALOG,2020-11-19T03:12Z,N30E40,,2020-11-19,9T03,,,,,,,,,,,,,
2020-11-19T06:48:00-CME-001,M2M_CATALOG,2020-11-19T06:48Z,S23E49,,2020-11-19,9T06,,,,,,,,,,,,,
2020-11-19T15:12:00-CME-001,M2M_CATALOG,2020-11-19T15:12Z,,,2020-11-19,9T15,,,,,,,,,,,,,
2020-11-29T15:05:00-CME-001,M2M_CATALOG,2020-11-29T15:05Z,,12783.0,2020-11-29,9T15,,,,,,,,,,,,,
2020-11-20T19:51:00-CME-001,M2M_CATALOG,2020-11-20T19:51Z,,12783.0,2020-11-20,0T19,,,,,,,,,,,,,
2020-10-10T04:24:00-CME-001,M2M_CATALOG,2020-10-10T04:24Z,,,2020-10-10,0T04,,,,,,,,,,,,,
2020-10-13T21:12:00-CME-001,M2M_CATALOG,2020-10-13T21:12Z,S23W37,12775.0,2020-10-13,3T21,,,,,,,,,,,,,
2020-10-14T03:24:00-CME-001,M2M_CATALOG,2020-10-14T03:24Z,,,2020-10-14,4T03,,,,,,,,,,,,,
2020-10-15T11:24:00-CME-001,M2M_CATALOG,2020-10-15T11:24Z,,,2020-10-15,5T11,,,,,,,,,,,,,
2020-10-15T16:36:00-CME-001,M2M_CATALOG,2020-10-15T16:36Z,,,2020-10-15,5T16,,,,,,,,,,,,,
2020-10-16T13:36:00-CME-001,M2M_CATALOG,2020-10-16T13:36Z,,12774.0,2020-10-16,6T13,,,,,,,,,,,,,
2020-10-16T16:03:00-CME-001,M2M_CATALOG,2020-10-16T16:03Z,S23W66,12775.0,2020-10-16,6T16,,,,,,,,,,,,,
2020-10-18T09:24:00-CME-001,M2M_CATALOG,2020-10-18T09:24Z,,,2020-10-18,8T09,,,,,,,,,,,,,
2020-10-22T13:09:00-CME-001,M2M_CATALOG,2020-10-22T13:09Z,,,2020-10-22,2T13,,,,,,,,,,,,,
2020-10-23T04:39:00-CME-001,M2M_CATALOG,2020-10-23T04:39Z,,,2020-10-23,3T04,,,,,,,,,,,,,
2020-10-23T22:35:00-CME-001,M2M_CATALOG,2020-10-23T22:35Z,,,2020-10-23,3T22,,,,,,,,,,,,,
2020-10-26T09:12:00-CME-001,M2M_CATALOG,2020-10-26T09:12Z,,,2020-10-26,6T09,,,,,,,,,,,,,
2020-10-26T18:09:00-CME-001,M2M_CATALOG,2020-10-26T18:09Z,,,2020-10-26,6T18,,,,,,,,,,,,,
2020-10-27T03:39:00-CME-001,M2M_CATALOG,2020-10-27T03:39Z,,,2020-10-27,7T03,,,,,,,,,,,,,
2020-10-28T13:42:00-CME-001,M2M_CATALOG,2020-10-28T13:42Z,,,2020-10-28,8T13,,,,,,,,,,,,,
2020-11-18T13:24:00-CME-001,M2M_CATALOG,2020-11-18T13:24Z,,,2020-11-18,8T13,,,,,,,,,,,,,
2020-11-18T13:36:00-CME-001,M2M_CATALOG,2020-11-18T13:36Z,,,2020-11-18,8T13,,,,,,,,,,,,,
2020-10-29T01:54:00-CME-001,M2M_CATALOG,2020-10-29T01:54Z,S19W28,12779.0,2020-10-29,9T01,,,,,,,,,,,,,
2020-10-31T00:12:00-CME-001,M2M_CATALOG,2020-10-31T00:12Z,,,2020-10-31,1T00,,,,,,,,,,,,,
2020-12-11T00:36:00-CME-001,M2M_CATALOG,2020-12-11T00:36Z,,,2020-12-11,1T00,,,,,,,,,,,,,
2020-11-01T20:00:00-CME-001,M2M_CATALOG,2020-11-01T20:00Z,,,2020-11-01,1T20,,,,,,,,,,,,,
2020-11-02T05:24:00-CME-001,M2M_CATALOG,2020-11-02T05:24Z,,,2020-11-02,2T05,,,,,,,,,,,,,
2020-11-07T13:24:00-CME-001,M2M_CATALOG,2020-11-07T13:24Z,N19W01,12780.0,2020-11-07,7T13,,,,,,,,,,,,,
2020-11-08T20:12:00-CME-001,M2M_CATALOG,2020-11-08T20:12Z,,,2020-11-08,8T20,,,,,,,,,,,,,
2020-11-11T19:36:00-CME-001,M2M_CATALOG,2020-11-11T19:36Z,S22E60,12782.0,2020-11-11,1T19,,,,,,,,,,,,,
2020-11-21T19:36:00-CME-001,M2M_CATALOG,2020-11-21T19:36Z,,,2020-11-21,1T19,,,,,,,,,,,,,
2020-12-11T19:09:00-CME-001,M2M_CATALOG,2020-12-11T19:09Z,,12791.0,2020-12-11,1T19,,,,,,,,,,,,,
2020-11-12T02:24:00-CME-001,M2M_CATALOG,2020-11-12T02:24Z,,,2020-11-12,2T02,,,,,,,,,,,,,
2020-11-13T12:24:00-CME-001,M2M_CATALOG,2020-11-13T12:24Z,,,2020-11-13,3T12,,,,,,,,,,,,,
2020-11-17T08:36:00-CME-001,M2M_CATALOG,2020-11-17T08:36Z,,,2020-11-17,7T08,,,,,,,,,,,,,
2020-11-17T19:00:00-CME-001,M2M_CATALOG,2020-11-17T19:00Z,,,2020-11-17,7T19,,,,,,,,,,,,,
2020-10-28T13:42:00-CME-001,M2M_CATALOG,2020-10-28T13:42Z,,,2020-10-28,8T13,,,,,,,,,,,,,
2020-11-18T13:24:00-CME-001,M2M_CATALOG,2020-11-18T13:24Z,,,2020-11-18,8T13,,,,,,,,,,,,,
2020-11-18T13:36:00-CME-001,M2M_CATALOG,2020-11-18T13:36Z,,,2020-11-18,8T13,,,,,,,,,,,,,
2020-10-28T13:42:00-CME-001,M2M_CATALOG,2020-10-28T13:42Z,,,2020-10-28,8T13,,,,,,,,,,,,,
2020-11-18T13:24:00-CME-001,M2M_CATALOG,2020-11-18T13:24Z,,,2020-11-18,8T13,,,,,,,,,,,,,
2020-11-18T13:36:00-CME-001,M2M_CATALOG,2020-11-18T13:36Z,,,2020-11-18,8T13,,,,,,,,,,,,,
2020-11-18T21:48:00-CME-001,M2M_CATALOG,2020-11-18T21:48Z,S20E138,,2020-11-18,8T21,,,,,,,,,,,,,
2020-11-19T02:54:00-CME-001,M2M_CATALOG,2020-11-19T02:54Z,,,2020-11-19,9T02,,,,,,,,,,,,,
2020-11-19T03:12:00-CME-001,M2M_CATALOG,2020-11-19T03:12Z,N30E40,,2020-11-19,9T03,,,,,,,,,,,,,
2020-11-19T06:48:00-CME-001,M2M_CATALOG,2020-11-19T06:48Z,S23E49,,2020-11-19,9T06,,,,,,,,,,,,,
2020-11-19T15:12:00-CME-001,M2M_CATALOG,2020-11-19T15:12Z,,,2020-11-19,9T15,,,,,,,,,,,,,
2020-11-29T15:05:00-CME-001,M2M_CATALOG,2020-11-29T15:05Z,,12783.0,2020-11-29,9T15,,,,,,,,,,,,,
2020-11-20T19:51:00-CME-001,M2M_CATALOG,2020-11-20T19:51Z,,12783.0,2020-11-20,0T19,,,,,,,,,,,,,
2020-11-20T21:12:00-CME-001,M2M_CATALOG,2020-11-20T21:12Z,,,2020-11-20,0T21,,,,,,,,,,,,,
2020-11-11T19:36:00-CME-001,M2M_CATALOG,2020-11-11T19:36Z,S22E60,12782.0,2020-11-11,1T19,,,,,,,,,,,,,
2020-11-21T19:36:00-CME-001,M2M_CATALOG,2020-11-21T19:36Z,,,2020-11-21,1T19,,,,,,,,,,,,,
2020-12-11T19:09:00-CME-001,M2M_CATALOG,2020-12-11T19:09Z,,12791.0,2020-12-11,1T19,,,,,,,,,,,,,
2020-11-21T23:12:00-CME-001,M2M_CATALOG,2020-11-21T23:12Z,,,2020-11-21,1T23,,,,,,,,,,,,,
2020-11-22T01:36:00-CME-001,M2M_CATALOG,2020-11-22T01:36Z,,,2020-11-22,2T01,2300.0,28966ece-053d-49d9-a662-9689d7dcea52,Dos Equis,Samuel Smith’s Oatmeal Stout,Merican Ale,Bullion,3638 - Bavarian Wheat,Carapils,96 IBU,9.4%,13.1°Blg,Mexico,1897.0
2020-11-23T18:48:00-CME-001,M2M_CATALOG,2020-11-23T18:48Z,,,2020-11-23,3T18,,,,,,,,,,,,,
2020-11-24T04:36:00-CME-001,M2M_CATALOG,2020-11-24T04:36Z,S20E65,12785.0,2020-11-24,4T04,,,,,,,,,,,,,
2020-11-24T11:24:00-CME-001,M2M_CATALOG,2020-11-24T11:24Z,,,2020-11-24,4T11,,,,,,,,,,,,,
2020-12-04T11:09:00-CME-001,M2M_CATALOG,2020-12-04T11:09Z,,,2020-12-04,4T11,,,,,,,,,,,,,
2020-11-24T13:24:00-CME-001,M2M_CATALOG,2020-11-24T13:24Z,,,2020-11-24,4T13,,,,,,,,,,,,,
2020-11-26T08:24:00-CME-001,M2M_CATALOG,2020-11-26T08:24Z,,,2020-11-26,6T08,,,,,,,,,,,,,
2020-11-26T21:24:00-CME-001,M2M_CATALOG,2020-11-26T21:24Z,N32E90,12787.0,2020-11-26,6T21,,,,,,,,,,,,,
2020-11-27T05:48:00-CME-001,M2M_CATALOG,2020-11-27T05:48Z,,,2020-11-27,7T05,,,,,,,,,,,,,
2020-11-29T13:24:00-CME-001,M2M_CATALOG,2020-11-29T13:24Z,S23E97,,2020-11-29,9T13,,,,,,,,,,,,,
2020-11-19T15:12:00-CME-001,M2M_CATALOG,2020-11-19T15:12Z,,,2020-11-19,9T15,,,,,,,,,,,,,
2020-11-29T15:05:00-CME-001,M2M_CATALOG,2020-11-29T15:05Z,,12783.0,2020-11-29,9T15,,,,,,,,,,,,,
2020-11-30T07:09:00-CME-001,M2M_CATALOG,2020-11-30T07:09Z,,,2020-11-30,0T07,,,,,,,,,,,,,
2020-12-01T05:48:00-CME-001,M2M_CATALOG,2020-12-01T05:48Z,S25E80,12790.0,2020-12-01,1T05,,,,,,,,,,,,,
2020-12-01T07:12:00-CME-001,M2M_CATALOG,2020-12-01T07:12Z,N35E30,12787.0,2020-12-01,1T07,,,,,,,,,,,,,
2020-12-03T11:12:00-CME-001,M2M_CATALOG,2020-12-03T11:12Z,S30E137,,2020-12-03,3T11,,,,,,,,,,,,,
2020-12-04T02:48:00-CME-001,M2M_CATALOG,2020-12-04T02:48Z,,,2020-12-04,4T02,,,,,,,,,,,,,
2020-11-24T11:24:00-CME-001,M2M_CATALOG,2020-11-24T11:24Z,,,2020-11-24,4T11,,,,,,,,,,,,,
2020-12-04T11:09:00-CME-001,M2M_CATALOG,2020-12-04T11:09Z,,,2020-12-04,4T11,,,,,,,,,,,,,
2020-12-06T22:00:00-CME-001,M2M_CATALOG,2020-12-06T22:00Z,,,2020-12-06,6T22,,,,,,,,,,,,,
2020-12-07T16:24:00-CME-001,M2M_CATALOG,2020-12-07T16:24Z,S23W11,12790.0,2020-12-07,7T16,,,,,,,,,,,,,
2020-12-07T18:36:00-CME-001,M2M_CATALOG,2020-12-07T18:36Z,S40W30,,2020-12-07,7T18,,,,,,,,,,,,,
2020-10-31T00:12:00-CME-001,M2M_CATALOG,2020-10-31T00:12Z,,,2020-10-31,1T00,,,,,,,,,,,,,
2020-12-11T00:36:00-CME-001,M2M_CATALOG,2020-12-11T00:36Z,,,2020-12-11,1T00,,,,,,,,,,,,,
2020-11-11T19:36:00-CME-001,M2M_CATALOG,2020-11-11T19:36Z,S22E60,12782.0,2020-11-11,1T19,,,,,,,,,,,,,
2020-11-21T19:36:00-CME-001,M2M_CATALOG,2020-11-21T19:36Z,,,2020-11-21,1T19,,,,,,,,,,,,,
2020-12-11T19:09:00-CME-001,M2M_CATALOG,2020-12-11T19:09Z,,12791.0,2020-12-11,1T19,,,,,,,,,,,,,
2020-12-12T04:12:00-CME-001,M2M_CATALOG,2020-12-12T04:12Z,,,2020-12-12,2T04,,,,,,,,,,,,,
2020-12-13T09:24:00-CME-001,M2M_CATALOG,2020-12-13T09:24Z,,,2020-12-13,3T09,,,,,,,,,,,,,
2020-12-14T15:12:00-CME-001,M2M_CATALOG,2020-12-14T15:12Z,S22E44,12792.0,2020-12-14,4T15,,,,,,,,,,,,,
2020-12-14T21:12:00-CME-001,M2M_CATALOG,2020-12-14T21:12Z,N40E110,,2020-12-14,4T21,,,,,,,,,,,,,
2020-12-17T06:48:00-CME-001,M2M_CATALOG,2020-12-17T06:48Z,,,2020-12-17,7T06,,,,,,,,,,,,,
2020-12-27T00:48:00-CME-001,M2M_CATALOG,2020-12-27T00:48Z,,,2020-12-27,7T00,,,,,,,,,,,,,
2020-12-30T02:24:00-CME-001,M2M_CATALOG,2020-12-30T02:24Z,S20E08,12795.0,2020-12-30,0T02,,,,,,,,,,,,,
2020-10-10T04:24:00-CME-001,M2M_CATALOG,2020-10-10T04:24Z,,,2020-10-10,0T04,,,,,,,,,,,,,
2020-10-13T21:12:00-CME-001,M2M_CATALOG,2020-10-13T21:12Z,S23W37,12775.0,2020-10-13,3T21,,,,,,,,,,,,,
2020-10-14T03:24:00-CME-001,M2M_CATALOG,2020-10-14T03:24Z,,,2020-10-14,4T03,,,,,,,,,,,,,
2020-10-15T11:24:00-CME-001,M2M_CATALOG,2020-10-15T11:24Z,,,2020-10-15,5T11,,,,,,,,,,,,,
2020-10-15T16:36:00-CME-001,M2M_CATALOG,2020-10-15T16:36Z,,,2020-10-15,5T16,,,,,,,,,,,,,
2020-10-16T13:36:00-CME-001,M2M_CATALOG,2020-10-16T13:36Z,,12774.0,2020-10-16,6T13,,,,,,,,,,,,,
2020-10-16T16:03:00-CME-001,M2M_CATALOG,2020-10-16T16:03Z,S23W66,12775.0,2020-10-16,6T16,,,,,,,,,,,,,
2020-10-18T09:24:00-CME-001,M2M_CATALOG,2020-10-18T09:24Z,,,2020-10-18,8T09,,,,,,,,,,,,,
2020-10-22T13:09:00-CME-001,M2M_CATALOG,2020-10-22T13:09Z,,,2020-10-22,2T13,,,,,,,,,,,,,
2020-10-23T04:39:00-CME-001,M2M_CATALOG,2020-10-23T04:39Z,,,2020-10-23,3T04,,,,,,,,,,,,,
2020-10-23T22:35:00-CME-001,M2M_CATALOG,2020-10-23T22:35Z,,,2020-10-23,3T22,,,,,,,,,,,,,
2020-10-26T09:12:00-CME-001,M2M_CATALOG,2020-10-26T09:12Z,,,2020-10-26,6T09,,,,,,,,,,,,,
2020-10-26T18:09:00-CME-001,M2M_CATALOG,2020-10-26T18:09Z,,,2020-10-26,6T18,,,,,,,,,,,,,
2020-10-27T03:39:00-CME-001,M2M_CATALOG,2020-10-27T03:39Z,,,2020-10-27,7T03,,,,,,,,,,,,,
2020-10-28T13:42:00-CME-001,M2M_CATALOG,2020-10-28T13:42Z,,,2020-10-28,8T13,,,,,,,,,,,,,
2020-11-18T13:24:00-CME-001,M2M_CATALOG,2020-11-18T13:24Z,,,2020-11-18,8T13,,,,,,,,,,,,,
2020-11-18T13:36:00-CME-001,M2M_CATALOG,2020-11-18T13:36Z,,,2020-11-18,8T13,,,,,,,,,,,,,
2020-10-29T01:54:00-CME-001,M2M_CATALOG,2020-10-29T01:54Z,S19W28,12779.0,2020-10-29,9T01,,,,,,,,,,,,,
2020-10-31T00:12:00-CME-001,M2M_CATALOG,2020-10-31T00:12Z,,,2020-10-31,1T00,,,,,,,,,,,,,
2020-12-11T00:36:00-CME-001,M2M_CATALOG,2020-12-11T00:36Z,,,2020-12-11,1T00,,,,,,,,,,,,,
2020-11-01T20:00:00-CME-001,M2M_CATALOG,2020-11-01T20:00Z,,,2020-11-01,1T20,,,,,,,,,,,,,
2020-11-02T05:24:00-CME-001,M2M_CATALOG,2020-11-02T05:24Z,,,2020-11-02,2T05,,,,,,,,,,,,,
2020-11-07T13:24:00-CME-001,M2M_CATALOG,2020-11-07T13:24Z,N19W01,12780.0,2020-11-07,7T13,,,,,,,,,,,,,
2020-11-08T20:12:00-CME-001,M2M_CATALOG,2020-11-08T20:12Z,,,2020-11-08,8T20,,,,,,,,,,,,,
2020-11-11T19:36:00-CME-001,M2M_CATALOG,2020-11-11T19:36Z,S22E60,12782.0,2020-11-11,1T19,,,,,,,,,,,,,
2020-11-21T19:36:00-CME-001,M2M_CATALOG,2020-11-21T19:36Z,,,2020-11-21,1T19,,,,,,,,,,,,,
2020-12-11T19:09:00-CME-001,M2M_CATALOG,2020-12-11T19:09Z,,12791.0,2020-12-11,1T19,,,,,,,,,,,,,
2020-11-12T02:24:00-CME-001,M2M_CATALOG,2020-11-12T02:24Z,,,2020-11-12,2T02,,,,,,,,,,,,,
2020-11-13T12:24:00-CME-001,M2M_CATALOG,2020-11-13T12:24Z,,,2020-11-13,3T12,,,,,,,,,,,,,
2020-11-17T08:36:00-CME-001,M2M_CATALOG,2020-11-17T08:36Z,,,2020-11-17,7T08,,,,,,,,,,,,,
2020-11-17T19:00:00-CME-001,M2M_CATALOG,2020-11-17T19:00Z,,,2020-11-17,7T19,,,,,,,,,,,,,
2020-10-28T13:42:00-CME-001,M2M_CATALOG,2020-10-28T13:42Z,,,2020-10-28,8T13,,,,,,,,,,,,,
2020-11-18T13:24:00-CME-001,M2M_CATALOG,2020-11-18T13:24Z,,,2020-11-18,8T13,,,,,,,,,,,,,
2020-11-18T13:36:00-CME-001,M2M_CATALOG,2020-11-18T13:36Z,,,2020-11-18,8T13,,,,,,,,,,,,,
2020-10-28T13:42:00-CME-001,M2M_CATALOG,2020-10-28T13:42Z,,,2020-10-28,8T13,,,,,,,,,,,,,
2020-11-18T13:24:00-CME-001,M2M_CATALOG,2020-11-18T13:24Z,,,2020-11-18,8T13,,,,,,,,,,,,,
2020-11-18T13:36:00-CME-001,M2M_CATALOG,2020-11-18T13:36Z,,,2020-11-18,8T13,,,,,,,,,,,,,
2020-11-18T21:48:00-CME-001,M2M_CATALOG,2020-11-18T21:48Z,S20E138,,2020-11-18,8T21,,,,,,,,,,,,,
2020-11-19T02:54:00-CME-001,M2M_CATALOG,2020-11-19T02:54Z,,,2020-11-19,9T02,,,,,,,,,,,,,
2020-11-19T03:12:00-CME-001,M2M_CATALOG,2020-11-19T03:12Z,N30E40,,2020-11-19,9T03,,,,,,,,,,,,,
2020-11-19T06:48:00-CME-001,M2M_CATALOG,2020-11-19T06:48Z,S23E49,,2020-11-19,9T06,,,,,,,,,,,,,
2020-11-19T15:12:00-CME-001,M2M_CATALOG,2020-11-19T15:12Z,,,2020-11-19,9T15,,,,,,,,,,,,,
2020-11-29T15:05:00-CME-001,M2M_CATALOG,2020-11-29T15:05Z,,12783.0,2020-11-29,9T15,,,,,,,,,,,,,
2020-10-10T04:24:00-CME-001,M2M_CATALOG,2020-10-10T04:24Z,,,2020-10-10,0T04,,,,,,,,,,,,,
2020-10-13T21:12:00-CME-001,M2M_CATALOG,2020-10-13T21:12Z,S23W37,12775.0,2020-10-13,3T21,,,,,,,,,,,,,
2020-10-14T03:24:00-CME-001,M2M_CATALOG,2020-10-14T03:24Z,,,2020-10-14,4T03,,,,,,,,,,,,,
2020-10-15T11:24:00-CME-001,M2M_CATALOG,2020-10-15T11:24Z,,,2020-10-15,5T11,,,,,,,,,,,,,
2020-10-15T16:36:00-CME-001,M2M_CATALOG,2020-10-15T16:36Z,,,2020-10-15,5T16,,,,,,,,,,,,,
2020-10-16T13:36:00-CME-001,M2M_CATALOG,2020-10-16T13:36Z,,12774.0,2020-10-16,6T13,,,,,,,,,,,,,
2020-10-16T16:03:00-CME-001,M2M_CATALOG,2020-10-16T16:03Z,S23W66,12775.0,2020-10-16,6T16,,,,,,,,,,,,,
2020-10-18T09:24:00-CME-001,M2M_CATALOG,2020-10-18T09:24Z,,,2020-10-18,8T09,,,,,,,,,,,,,
2020-10-22T13:09:00-CME-001,M2M_CATALOG,2020-10-22T13:09Z,,,2020-10-22,2T13,,,,,,,,,,,,,
2020-11-02T05:24:00-CME-001,M2M_CATALOG,2020-11-02T05:24Z,,,2020-11-02,2T05,,,,,,,,,,,,,
2020-11-07T13:24:00-CME-001,M2M_CATALOG,2020-11-07T13:24Z,N19W01,12780.0,2020-11-07,7T13,,,,,,,,,,,,,
2020-11-08T20:12:00-CME-001,M2M_CATALOG,2020-11-08T20:12Z,,,2020-11-08,8T20,,,,,,,,,,,,,
2020-11-11T19:36:00-CME-001,M2M_CATALOG,2020-11-11T19:36Z,S22E60,12782.0,2020-11-11,1T19,,,,,,,,,,,,,
2020-11-21T19:36:00-CME-001,M2M_CATALOG,2020-11-21T19:36Z,,,2020-11-21,1T19,,,,,,,,,,,,,
2020-12-11T19:09:00-CME-001,M2M_CATALOG,2020-12-11T19:09Z,,12791.0,2020-12-11,1T19,,,,,,,,,,,,,
2020-11-12T02:24:00-CME-001,M2M_CATALOG,2020-11-12T02:24Z,,,2020-11-12,2T02,,,,,,,,,,,,,
2020-11-13T12:24:00-CME-001,M2M_CATALOG,2020-11-13T12:24Z,,,2020-11-13,3T12,,,,,,,,,,,,,
2020-11-17T08:36:00-CME-001,M2M_CATALOG,2020-11-17T08:36Z,,,2020-11-17,7T08,,,,,,,,,,,,,
2020-11-17T19:00:00-CME-001,M2M_CATALOG,2020-11-17T19:00Z,,,2020-11-17,7T19,,,,,,,,,,,,,
2020-11-18T21:48:00-CME-001,M2M_CATALOG,2020-11-18T21:48Z,S20E138,,2020-11-18,8T21,,,,,,,,,,,,,
2020-11-19T02:54:00-CME-001,M2M_CATALOG,2020-11-19T02:54Z,,,2020-11-19,9T02,,,,,,,,,,,,,
2020-11-27T05:48:00-CME-001,M2M_CATALOG,2020-11-27T05:48Z,,,2020-11-27,7T05,,,,,,,,,,,,,
2020-11-29T13:24:00-CME-001,M2M_CATALOG,2020-11-29T13:24Z,S23E97,,2020-11-29,9T13,,,,,,,,,,,,,
2020-11-30T07:09:00-CME-001,M2M_CATALOG,2020-11-30T07:09Z,,,2020-11-30,0T07,,,,,,,,,,,,,
2020-12-01T05:48:00-CME-001,M2M_CATALOG,2020-12-01T05:48Z,S25E80,12790.0,2020-12-01,1T05,,,,,,,,,,,,,
2020-12-01T07:12:00-CME-001,M2M_CATALOG,2020-12-01T07:12Z,N35E30,12787.0,2020-12-01,1T07,,,,,,,,,,,,,
2020-12-03T11:12:00-CME-001,M2M_CATALOG,2020-12-03T11:12Z,S30E137,,2020-12-03,3T11,,,,,,,,,,,,,
2020-12-04T02:48:00-CME-001,M2M_CATALOG,2020-12-04T02:48Z,,,2020-12-04,4T02,,,,,,,,,,,,,
2020-12-06T22:00:00-CME-001,M2M_CATALOG,2020-12-06T22:00Z,,,2020-12-06,6T22,,,,,,,,,,,,,
2020-12-07T16:24:00-CME-001,M2M_CATALOG,2020-12-07T16:24Z,S23W11,12790.0,2020-12-07,7T16,,,,,,,,,,,,,
2020-12-07T18:36:00-CME-001,M2M_CATALOG,2020-12-07T18:36Z,S40W30,,2020-12-07,7T18,,,,,,,,,,,,,
2020-12-17T06:48:00-CME-001,M2M_CATALOG,2020-12-17T06:48Z,,,2020-12-17,7T06,,,,,,,,,,,,,
2020-12-27T00:48:00-CME-001,M2M_CATALOG,2020-12-27T00:48Z,,,2020-12-27,7T00,,,,,,,,,,,,,
2020-12-30T02:24:00-CME-001,M2M_CATALOG,2020-12-30T02:24Z,S20E08,12795.0,2020-12-30,0T02,,,,,,,,,,,,,
2020-10-10T04:24:00-CME-001,M2M_CATALOG,2020-10-10T04:24Z,,,2020-10-10,0T04,,,,,,,,,,,,,
2020-10-13T21:12:00-CME-001,M2M_CATALOG,2020-10-13T21:12Z,S23W37,12775.0,2020-10-13,3T21,,,,,,,,,,,,,
2020-10-14T03:24:00-CME-001,M2M_CATALOG,2020-10-14T03:24Z,,,2020-10-14,4T03,,,,,,,,,,,,,
2020-10-15T11:24:00-CME-001,M2M_CATALOG,2020-10-15T11:24Z,,,2020-10-15,5T11,,,,,,,,,,,,,
2020-10-15T16:36:00-CME-001,M2M_CATALOG,2020-10-15T16:36Z,,,2020-10-15,5T16,,,,,,,,,,,,,
2020-10-16T13:36:00-CME-001,M2M_CATALOG,2020-10-16T13:36Z,,12774.0,2020-10-16,6T13,,,,,,,,,,,,,
2020-10-16T16:03:00-CME-001,M2M_CATALOG,2020-10-16T16:03Z,S23W66,12775.0,2020-10-16,6T16,,,,,,,,,,,,,
2020-10-18T09:24:00-CME-001,M2M_CATALOG,2020-10-18T09:24Z,,,2020-10-18,8T09,,,,,,,,,,,,,
2020-10-22T13:09:00-CME-001,M2M_CATALOG,2020-10-22T13:09Z,,,2020-10-22,2T13,,,,,,,,,,,,,
2020-11-02T05:24:00-CME-001,M2M_CATALOG,2020-11-02T05:24Z,,,2020-11-02,2T05,,,,,,,,,,,,,
2020-11-07T13:24:00-CME-001,M2M_CATALOG,2020-11-07T13:24Z,N19W01,12780.0,2020-11-07,7T13,,,,,,,,,,,,,
2020-11-08T20:12:00-CME-001,M2M_CATALOG,2020-11-08T20:12Z,,,2020-11-08,8T20,,,,,,,,,,,,,
2020-11-11T19:36:00-CME-001,M2M_CATALOG,2020-11-11T19:36Z,S22E60,12782.0,2020-11-11,1T19,,,,,,,,,,,,,
2020-11-21T19:36:00-CME-001,M2M_CATALOG,2020-11-21T19:36Z,,,2020-11-21,1T19,,,,,,,,,,,,,
2020-12-11T19:09:00-CME-001,M2M_CATALOG,2020-12-11T19:09Z,,12791.0,2020-12-11,1T19,,,,,,,,,,,,,
2020-11-12T02:24:00-CME-001,M2M_CATALOG,2020-11-12T02:24Z,,,2020-11-12,2T02,,,,,,,,,,,,,
2020-11-13T12:24:00-CME-001,M2M_CATALOG,2020-11-13T12:24Z,,,2020-11-13,3T12,,,,,,,,,,,,,
2020-11-17T08:36:00-CME-001,M2M_CATALOG,2020-11-17T08:36Z,,,2020-11-17,7T08,,,,,,,,,,,,,
2020-11-17T19:00:00-CME-001,M2M_CATALOG,2020-11-17T19:00Z,,,2020-11-17,7T19,,,,,,,,,,,,,
2020-11-18T21:48:00-CME-001,M2M_CATALOG,2020-11-18T21:48Z,S20E138,,2020-11-18,8T21,,,,,,,,,,,,,
2020-11-19T02:54:00-CME-001,M2M_CATALOG,2020-11-19T02:54Z,,,2020-11-19,9T02,,,,,,,,,,,,,
2020-11-27T05:48:00-CME-001,M2M_CATALOG,2020-11-27T05:48Z,,,2020-11-27,7T05,,,,,,,,,,,,,
2020-11-29T13:24:00-CME-001,M2M_CATALOG,2020-11-29T13:24Z,S23E97,,2020-11-29,9T13,,,,,,,,,,,,,
2020-11-30T07:09:00-CME-001,M2M_CATALOG,2020-11-30T07:09Z,,,2020-11-30,0T07,,,,,,,,,,,,,
2020-12-01T05:48:00-CME-001,M2M_CATALOG,2020-12-01T05:48Z,S25E80,12790.0,2020-12-01,1T05,,,,,,,,,,,,,
2020-12-01T07:12:00-CME-001,M2M_CATALOG,2020-12-01T07:12Z,N35E30,12787.0,2020-12-01,1T07,,,,,,,,,,,,,
2020-12-03T11:12:00-CME-001,M2M_CATALOG,2020-12-03T11:12Z,S30E137,,2020-12-03,3T11,2417.0,668358f0-7366-4e96-bb4b-6596b1263dbf,Carlsberg,90 Minute IPA,Sour Ale,Horizon,3711 - French Saison,Victory,72 IBU,2.5%,17.7°Blg,Dinamarca,1847.0
2020-12-04T02:48:00-CME-001,M2M_CATALOG,2020-12-04T02:48Z,,,2020-12-04,4T02,,,,,,,,,,,,,
2020-12-06T22:00:00-CME-001,M2M_CATALOG,2020-12-06T22:00Z,,,2020-12-06,6T22,,,,,,,,,,,,,
2020-12-07T16:24:00-CME-001,M2M_CATALOG,2020-12-07T16:24Z,S23W11,12790.0,2020-12-07,7T16,,,,,,,,,,,,,
2020-12-07T18:36:00-CME-001,M2M_CATALOG,2020-12-07T18:36Z,S40W30,,2020-12-07,7T18,,,,,,,,,,,,,
2020-12-17T06:48:00-CME-001,M2M_CATALOG,2020-12-17T06:48Z,,,2020-12-17,7T06,,,,,,,,,,,,,
2020-12-27T00:48:00-CME-001,M2M_CATALOG,2020-12-27T00:48Z,,,2020-12-27,7T00,,,,,,,,,,,,,
2020-12-30T02:24:00-CME-001,M2M_CATALOG,2020-12-30T02:24Z,S20E08,12795.0,2020-12-30,0T02,,,,,,,,,,,,,
2020-10-10T04:24:00-CME-001,M2M_CATALOG,2020-10-10T04:24Z,,,2020-10-10,0T04,,,,,,,,,,,,,
2020-10-13T21:12:00-CME-001,M2M_CATALOG,2020-10-13T21:12Z,S23W37,12775.0,2020-10-13,3T21,,,,,,,,,,,,,
2020-10-14T03:24:00-CME-001,M2M_CATALOG,2020-10-14T03:24Z,,,2020-10-14,4T03,,,,,,,,,,,,,
2020-10-15T11:24:00-CME-001,M2M_CATALOG,2020-10-15T11:24Z,,,2020-10-15,5T11,,,,,,,,,,,,,
2020-10-15T16:36:00-CME-001,M2M_CATALOG,2020-10-15T16:36Z,,,2020-10-15,5T16,,,,,,,,,,,,,
2020-10-16T13:36:00-CME-001,M2M_CATALOG,2020-10-16T13:36Z,,12774.0,2020-10-16,6T13,,,,,,,,,,,,,
2020-10-16T16:03:00-CME-001,M2M_CATALOG,2020-10-16T16:03Z,S23W66,12775.0,2020-10-16,6T16,,,,,,,,,,,,,
2020-10-18T09:24:00-CME-001,M2M_CATALOG,2020-10-18T09:24Z,,,2020-10-18,8T09,,,,,,,,,,,,,
2020-10-22T13:09:00-CME-001,M2M_CATALOG,2020-10-22T13:09Z,,,2020-10-22,2T13,,,,,,,,,,,,,
2020-11-02T05:24:00-CME-001,M2M_CATALOG,2020-11-02T05:24Z,,,2020-11-02,2T05,,,,,,,,,,,,,
2020-11-07T13:24:00-CME-001,M2M_CATALOG,2020-11-07T13:24Z,N19W01,12780.0,2020-11-07,7T13,,,,,,,,,,,,,
2020-11-08T20:12:00-CME-001,M2M_CATALOG,2020-11-08T20:12Z,,,2020-11-08,8T20,,,,,,,,,,,,,
2020-11-11T19:36:00-CME-001,M2M_CATALOG,2020-11-11T19:36Z,S22E60,12782.0,2020-11-11,1T19,,,,,,,,,,,,,
2020-11-21T19:36:00-CME-001,M2M_CATALOG,2020-11-21T19:36Z,,,2020-11-21,1T19,,,,,,,,,,,,,
2020-12-11T19:09:00-CME-001,M2M_CATALOG,2020-12-11T19:09Z,,12791.0,2020-12-11,1T19,,,,,,,,,,,,,
2020-11-12T02:24:00-CME-001,M2M_CATALOG,2020-11-12T02:24Z,,,2020-11-12,2T02,,,,,,,,,,,,,
2020-11-13T12:24:00-CME-001,M2M_CATALOG,2020-11-13T12:24Z,,,2020-11-13,3T12,,,,,,,,,,,,,
2020-11-17T08:36:00-CME-001,M2M_CATALOG,2020-11-17T08:36Z,,,2020-11-17,7T08,,,,,,,,,,,,,
2020-11-17T19:00:00-CME-001,M2M_CATALOG,2020-11-17T19:00Z,,,2020-11-17,7T19,,,,,,,,,,,,,
2020-11-18T21:48:00-CME-001,M2M_CATALOG,2020-11-18T21:48Z,S20E138,,2020-11-18,8T21,,,,,,,,,,,,,
2020-11-19T02:54:00-CME-001,M2M_CATALOG,2020-11-19T02:54Z,,,2020-11-19,9T02,,,,,,,,,,,,,
2020-11-27T05:48:00-CME-001,M2M_CATALOG,2020-11-27T05:48Z,,,2020-11-27,7T05,,,,,,,,,,,,,
2020-11-29T13:24:00-CME-001,M2M_CATALOG,2020-11-29T13:24Z,S23E97,,2020-11-29,9T13,,,,,,,,,,,,,
2020-11-30T07:09:00-CME-001,M2M_CATALOG,2020-11-30T07:09Z,,,2020-11-30,0T07,,,,,,,,,,,,,
2020-12-01T05:48:00-CME-001,M2M_CATALOG,2020-12-01T05:48Z,S25E80,12790.0,2020-12-01,1T05,,,,,,,,,,,,,
2020-12-01T07:12:00-CME-001,M2M_CATALOG,2020-12-01T07:12Z,N35E30,12787.0,2020-12-01,1T07,,,,,,,,,,,,,
2020-12-03T11:12:00-CME-001,M2M_CATALOG,2020-12-03T11:12Z,S30E137,,2020-12-03,3T11,,,,,,,,,,,,,
2020-12-04T02:48:00-CME-001,M2M_CATALOG,2020-12-04T02:48Z,,,2020-12-04,4T02,,,,,,,,,,,,,
2020-12-06T22:00:00-CME-001,M2M_CATALOG,2020-12-06T22:00Z,,,2020-12-06,6T22,,,,,,,,,,,,,
2020-12-07T16:24:00-CME-001,M2M_CATALOG,2020-12-07T16:24Z,S23W11,12790.0,2020-12-07,7T16,,,,,,,,,,,,,
2020-12-07T18:36:00-CME-001,M2M_CATALOG,2020-12-07T18:36Z,S40W30,,2020-12-07,7T18,,,,,,,,,,,,,
2020-12-17T06:48:00-CME-001,M2M_CATALOG,2020-12-17T06:48Z,,,2020-12-17,7T06,,,,,,,,,,,,,
2020-12-27T00:48:00-CME-001,M2M_CATALOG,2020-12-27T00:48Z,,,2020-12-27,7T00,,,,,,,,,,,,,
2020-12-30T02:24:00-CME-001,M2M_CATALOG,2020-12-30T02:24Z,S20E08,12795.0,2020-12-30,0T02,,,,,,,,,,,,,
2020-10-23T04:39:00-CME-001,M2M_CATALOG,2020-10-23T04:39Z,,,2020-10-23,3T04,,,,,,,,,,,,,
2020-10-23T22:35:00-CME-001,M2M_CATALOG,2020-10-23T22:35Z,,,2020-10-23,3T22,,,,,,,,,,,,,
2020-10-10T04:24:00-CME-001,M2M_CATALOG,2020-10-10T04:24Z,,,2020-10-10,0T04,,,,,,,,,,,,,
2020-10-13T21:12:00-CME-001,M2M_CATALOG,2020-10-13T21:12Z,S23W37,12775.0,2020-10-13,3T21,,,,,,,,,,,,,
2020-10-14T03:24:00-CME-001,M2M_CATALOG,2020-10-14T03:24Z,,,2020-10-14,4T03,,,,,,,,,,,,,
2020-10-15T11:24:00-CME-001,M2M_CATALOG,2020-10-15T11:24Z,,,2020-10-15,5T11,,,,,,,,,,,,,
2020-10-15T16:36:00-CME-001,M2M_CATALOG,2020-10-15T16:36Z,,,2020-10-15,5T16,,,,,,,,,,,,,
2020-10-16T13:36:00-CME-001,M2M_CATALOG,2020-10-16T13:36Z,,12774.0,2020-10-16,6T13,,,,,,,,,,,,,
2020-10-16T16:03:00-CME-001,M2M_CATALOG,2020-10-16T16:03Z,S23W66,12775.0,2020-10-16,6T16,,,,,,,,,,,,,
2020-10-18T09:24:00-CME-001,M2M_CATALOG,2020-10-18T09:24Z,,,2020-10-18,8T09,,,,,,,,,,,,,
2020-10-22T13:09:00-CME-001,M2M_CATALOG,2020-10-22T13:09Z,,,2020-10-22,2T13,,,,,,,,,,,,,
2020-10-23T04:39:00-CME-001,M2M_CATALOG,2020-10-23T04:39Z,,,2020-10-23,3T04,,,,,,,,,,,,,
2020-10-23T22:35:00-CME-001,M2M_CATALOG,2020-10-23T22:35Z,,,2020-10-23,3T22,,,,,,,,,,,,,
2020-10-26T09:12:00-CME-001,M2M_CATALOG,2020-10-26T09:12Z,,,2020-10-26,6T09,,,,,,,,,,,,,
2020-10-26T18:09:00-CME-001,M2M_CATALOG,2020-10-26T18:09Z,,,2020-10-26,6T18,,,,,,,,,,,,,
2020-10-27T03:39:00-CME-001,M2M_CATALOG,2020-10-27T03:39Z,,,2020-10-27,7T03,,,,,,,,,,,,,
2020-10-28T13:42:00-CME-001,M2M_CATALOG,2020-10-28T13:42Z,,,2020-10-28,8T13,,,,,,,,,,,,,
2020-11-18T13:24:00-CME-001,M2M_CATALOG,2020-11-18T13:24Z,,,2020-11-18,8T13,,,,,,,,,,,,,
2020-11-18T13:36:00-CME-001,M2M_CATALOG,2020-11-18T13:36Z,,,2020-11-18,8T13,,,,,,,,,,,,,
2020-10-29T01:54:00-CME-001,M2M_CATALOG,2020-10-29T01:54Z,S19W28,12779.0,2020-10-29,9T01,,,,,,,,,,,,,
2020-10-31T00:12:00-CME-001,M2M_CATALOG,2020-10-31T00:12Z,,,2020-10-31,1T00,,,,,,,,,,,,,
2020-12-11T00:36:00-CME-001,M2M_CATALOG,2020-12-11T00:36Z,,,2020-12-11,1T00,,,,,,,,,,,,,
2020-11-01T20:00:00-CME-001,M2M_CATALOG,2020-11-01T20:00Z,,,2020-11-01,1T20,,,,,,,,,,,,,
2020-11-02T05:24:00-CME-001,M2M_CATALOG,2020-11-02T05:24Z,,,2020-11-02,2T05,,,,,,,,,,,,,
2020-11-07T13:24:00-CME-001,M2M_CATALOG,2020-11-07T13:24Z,N19W01,12780.0,2020-11-07,7T13,,,,,,,,,,,,,
2020-11-08T20:12:00-CME-001,M2M_CATALOG,2020-11-08T20:12Z,,,2020-11-08,8T20,,,,,,,,,,,,,
2020-11-11T19:36:00-CME-001,M2M_CATALOG,2020-11-11T19:36Z,S22E60,12782.0,2020-11-11,1T19,,,,,,,,,,,,,
2020-11-21T19:36:00-CME-001,M2M_CATALOG,2020-11-21T19:36Z,,,2020-11-21,1T19,,,,,,,,,,,,,
2020-12-11T19:09:00-CME-001,M2M_CATALOG,2020-12-11T19:09Z,,12791.0,2020-12-11,1T19,,,,,,,,,,,,,
2020-11-12T02:24:00-CME-001,M2M_CATALOG,2020-11-12T02:24Z,,,2020-11-12,2T02,,,,,,,,,,,,,
2020-11-13T12:24:00-CME-001,M2M_CATALOG,2020-11-13T12:24Z,,,2020-11-13,3T12,2482.0,a054f420-6dcf-4407-9a32-dab7cfab7233,Sierra Nevada,Delirium Tremens,German Wheat And Rye Beer,Columbus,3763 - Roeselare Ale Blend,Wheat mal,81 IBU,5.0%,13.9°Blg,Estados Unidos,1979.0
2020-11-17T08:36:00-CME-001,M2M_CATALOG,2020-11-17T08:36Z,,,2020-11-17,7T08,,,,,,,,,,,,,
2020-11-17T19:00:00-CME-001,M2M_CATALOG,2020-11-17T19:00Z,,,2020-11-17,7T19,,,,,,,,,,,,,
2020-10-28T13:42:00-CME-001,M2M_CATALOG,2020-10-28T13:42Z,,,2020-10-28,8T13,,,,,,,,,,,,,
2020-11-18T13:24:00-CME-001,M2M_CATALOG,2020-11-18T13:24Z,,,2020-11-18,8T13,,,,,,,,,,,,,
2020-11-18T13:36:00-CME-001,M2M_CATALOG,2020-11-18T13:36Z,,,2020-11-18,8T13,,,,,,,,,,,,,
2020-10-28T13:42:00-CME-001,M2M_CATALOG,2020-10-28T13:42Z,,,2020-10-28,8T13,,,,,,,,,,,,,
2020-11-18T13:24:00-CME-001,M2M_CATALOG,2020-11-18T13:24Z,,,2020-11-18,8T13,,,,,,,,,,,,,
2020-11-18T13:36:00-CME-001,M2M_CATALOG,2020-11-18T13:36Z,,,2020-11-18,8T13,,,,,,,,,,,,,
2020-11-18T21:48:00-CME-001,M2M_CATALOG,2020-11-18T21:48Z,S20E138,,2020-11-18,8T21,,,,,,,,,,,,,
2020-11-19T02:54:00-CME-001,M2M_CATALOG,2020-11-19T02:54Z,,,2020-11-19,9T02,2488.0,aadb4183-a26f-43b5-890b-04db41242bff,Carlsberg,Weihenstephaner Hefeweissbier,Scottish And Irish Ale,Amarillo,1968 - London ESB Ale,Special roast,86 IBU,4.7%,8.8°Blg,Dinamarca,1847.0
2020-11-19T03:12:00-CME-001,M2M_CATALOG,2020-11-19T03:12Z,N30E40,,2020-11-19,9T03,,,,,,,,,,,,,
2020-11-19T06:48:00-CME-001,M2M_CATALOG,2020-11-19T06:48Z,S23E49,,2020-11-19,9T06,,,,,,,,,,,,,
2020-11-19T15:12:00-CME-001,M2M_CATALOG,2020-11-19T15:12Z,,,2020-11-19,9T15,,,,,,,,,,,,,
2020-11-29T15:05:00-CME-001,M2M_CATALOG,2020-11-29T15:05Z,,12783.0,2020-11-29,9T15,,,,,,,,,,,,,
2020-11-20T19:51:00-CME-001,M2M_CATALOG,2020-11-20T19:51Z,,12783.0,2020-11-20,0T19,,,,,,,,,,,,,
2020-11-20T21:12:00-CME-001,M2M_CATALOG,2020-11-20T21:12Z,,,2020-11-20,0T21,,,,,,,,,,,,,
2020-11-11T19:36:00-CME-001,M2M_CATALOG,2020-11-11T19:36Z,S22E60,12782.0,2020-11-11,1T19,,,,,,,,,,,,,
2020-11-21T19:36:00-CME-001,M2M_CATALOG,2020-11-21T19:36Z,,,2020-11-21,1T19,,,,,,,,,,,,,
2020-12-11T19:09:00-CME-001,M2M_CATALOG,2020-12-11T19:09Z,,12791.0,2020-12-11,1T19,,,,,,,,,,,,,
2020-11-21T23:12:00-CME-001,M2M_CATALOG,2020-11-21T23:12Z,,,2020-11-21,1T23,,,,,,,,,,,,,
2020-11-22T01:36:00-CME-001,M2M_CATALOG,2020-11-22T01:36Z,,,2020-11-22,2T01,,,,,,,,,,,,,
2020-11-23T18:48:00-CME-001,M2M_CATALOG,2020-11-23T18:48Z,,,2020-11-23,3T18,,,,,,,,,,,,,
2020-11-24T04:36:00-CME-001,M2M_CATALOG,2020-11-24T04:36Z,S20E65,12785.0,2020-11-24,4T04,,,,,,,,,,,,,
2020-11-24T11:24:00-CME-001,M2M_CATALOG,2020-11-24T11:24Z,,,2020-11-24,4T11,,,,,,,,,,,,,
2020-12-04T11:09:00-CME-001,M2M_CATALOG,2020-12-04T11:09Z,,,2020-12-04,4T11,,,,,,,,,,,,,
2020-11-24T13:24:00-CME-001,M2M_CATALOG,2020-11-24T13:24Z,,,2020-11-24,4T13,,,,,,,,,,,,,
2020-11-26T08:24:00-CME-001,M2M_CATALOG,2020-11-26T08:24Z,,,2020-11-26,6T08,,,,,,,,,,,,,
2020-11-26T21:24:00-CME-001,M2M_CATALOG,2020-11-26T21:24Z,N32E90,12787.0,2020-11-26,6T21,,,,,,,,,,,,,
2020-11-27T05:48:00-CME-001,M2M_CATALOG,2020-11-27T05:48Z,,,2020-11-27,7T05,,,,,,,,,,,,,
2020-11-29T13:24:00-CME-001,M2M_CATALOG,2020-11-29T13:24Z,S23E97,,2020-11-29,9T13,,,,,,,,,,,,,
2020-11-19T15:12:00-CME-001,M2M_CATALOG,2020-11-19T15:12Z,,,2020-11-19,9T15,,,,,,,,,,,,,
2020-11-29T15:05:00-CME-001,M2M_CATALOG,2020-11-29T15:05Z,,12783.0,2020-11-29,9T15,,,,,,,,,,,,,
2020-11-30T07:09:00-CME-001,M2M_CATALOG,2020-11-30T07:09Z,,,2020-11-30,0T07,,,,,,,,,,,,,
2020-12-01T05:48:00-CME-001,M2M_CATALOG,2020-12-01T05:48Z,S25E80,12790.0,2020-12-01,1T05,,,,,,,,,,,,,
2020-12-01T07:12:00-CME-001,M2M_CATALOG,2020-12-01T07:12Z,N35E30,12787.0,2020-12-01,1T07,,,,,,,,,,,,,
2020-12-03T11:12:00-CME-001,M2M_CATALOG,2020-12-03T11:12Z,S30E137,,2020-12-03,3T11,,,,,,,,,,,,,
2020-12-04T02:48:00-CME-001,M2M_CATALOG,2020-12-04T02:48Z,,,2020-12-04,4T02,,,,,,,,,,,,,
2020-11-24T11:24:00-CME-001,M2M_CATALOG,2020-11-24T11:24Z,,,2020-11-24,4T11,,,,,,,,,,,,,
2020-12-04T11:09:00-CME-001,M2M_CATALOG,2020-12-04T11:09Z,,,2020-12-04,4T11,,,,,,,,,,,,,
2020-12-06T22:00:00-CME-001,M2M_CATALOG,2020-12-06T22:00Z,,,2020-12-06,6T22,,,,,,,,,,,,,
2020-12-07T16:24:00-CME-001,M2M_CATALOG,2020-12-07T16:24Z,S23W11,12790.0,2020-12-07,7T16,,,,,,,,,,,,,
2020-12-07T18:36:00-CME-001,M2M_CATALOG,2020-12-07T18:36Z,S40W30,,2020-12-07,7T18,,,,,,,,,,,,,
2020-10-31T00:12:00-CME-001,M2M_CATALOG,2020-10-31T00:12Z,,,2020-10-31,1T00,,,,,,,,,,,,,
2020-12-11T00:36:00-CME-001,M2M_CATALOG,2020-12-11T00:36Z,,,2020-12-11,1T00,,,,,,,,,,,,,
2020-11-11T19:36:00-CME-001,M2M_CATALOG,2020-11-11T19:36Z,S22E60,12782.0,2020-11-11,1T19,,,,,,,,,,,,,
2020-11-21T19:36:00-CME-001,M2M_CATALOG,2020-11-21T19:36Z,,,2020-11-21,1T19,,,,,,,,,,,,,
2020-12-11T19:09:00-CME-001,M2M_CATALOG,2020-12-11T19:09Z,,12791.0,2020-12-11,1T19,,,,,,,,,,,,,
2020-12-12T04:12:00-CME-001,M2M_CATALOG,2020-12-12T04:12Z,,,2020-12-12,2T04,,,,,,,,,,,,,
2020-12-13T09:24:00-CME-001,M2M_CATALOG,2020-12-13T09:24Z,,,2020-12-13,3T09,,,,,,,,,,,,,
2020-12-14T15:12:00-CME-001,M2M_CATALOG,2020-12-14T15:12Z,S22E44,12792.0,2020-12-14,4T15,,,,,,,,,,,,,
2020-12-14T21:12:00-CME-001,M2M_CATALOG,2020-12-14T21:12Z,N40E110,,2020-12-14,4T21,,,,,,,,,,,,,
2020-12-17T06:48:00-CME-001,M2M_CATALOG,2020-12-17T06:48Z,,,2020-12-17,7T06,,,,,,,,,,,,,
2020-12-27T00:48:00-CME-001,M2M_CATALOG,2020-12-27T00:48Z,,,2020-12-27,7T00,,,,,,,,,,,,,
2020-12-30T02:24:00-CME-001,M2M_CATALOG,2020-12-30T02:24Z,S20E08,12795.0,2020-12-30,0T02,,,,,,,,,,,,,
2020-10-10T04:24:00-CME-001,M2M_CATALOG,2020-10-10T04:24Z,,,2020-10-10,0T04,,,,,,,,,,,,,
2020-10-13T21:12:00-CME-001,M2M_CATALOG,2020-10-13T21:12Z,S23W37,12775.0,2020-10-13,3T21,,,,,,,,,,,,,
2020-10-14T03:24:00-CME-001,M2M_CATALOG,2020-10-14T03:24Z,,,2020-10-14,4T03,,,,,,,,,,,,,
2020-10-15T11:24:00-CME-001,M2M_CATALOG,2020-10-15T11:24Z,,,2020-10-15,5T11,,,,,,,,,,,,,
2020-10-15T16:36:00-CME-001,M2M_CATALOG,2020-10-15T16:36Z,,,2020-10-15,5T16,,,,,,,,,,,,,
2020-10-16T13:36:00-CME-001,M2M_CATALOG,2020-10-16T13:36Z,,12774.0,2020-10-16,6T13,,,,,,,,,,,,,
2020-10-16T16:03:00-CME-001,M2M_CATALOG,2020-10-16T16:03Z,S23W66,12775.0,2020-10-16,6T16,,,,,,,,,,,,,
2020-10-18T09:24:00-CME-001,M2M_CATALOG,2020-10-18T09:24Z,,,2020-10-18,8T09,,,,,,,,,,,,,
2020-10-22T13:09:00-CME-001,M2M_CATALOG,2020-10-22T13:09Z,,,2020-10-22,2T13,,,,,,,,,,,,,
2020-10-23T04:39:00-CME-001,M2M_CATALOG,2020-10-23T04:39Z,,,2020-10-23,3T04,,,,,,,,,,,,,
2020-10-23T22:35:00-CME-001,M2M_CATALOG,2020-10-23T22:35Z,,,2020-10-23,3T22,,,,,,,,,,,,,
2020-10-26T09:12:00-CME-001,M2M_CATALOG,2020-10-26T09:12Z,,,2020-10-26,6T09,,,,,,,,,,,,,
2020-10-26T18:09:00-CME-001,M2M_CATALOG,2020-10-26T18:09Z,,,2020-10-26,6T18,,,,,,,,,,,,,
2020-10-27T03:39:00-CME-001,M2M_CATALOG,2020-10-27T03:39Z,,,2020-10-27,7T03,,,,,,,,,,,,,
2020-10-28T13:42:00-CME-001,M2M_CATALOG,2020-10-28T13:42Z,,,2020-10-28,8T13,,,,,,,,,,,,,
2020-11-18T13:24:00-CME-001,M2M_CATALOG,2020-11-18T13:24Z,,,2020-11-18,8T13,,,,,,,,,,,,,
2020-11-18T13:36:00-CME-001,M2M_CATALOG,2020-11-18T13:36Z,,,2020-11-18,8T13,,,,,,,,,,,,,
2020-10-29T01:54:00-CME-001,M2M_CATALOG,2020-10-29T01:54Z,S19W28,12779.0,2020-10-29,9T01,,,,,,,,,,,,,
2020-10-31T00:12:00-CME-001,M2M_CATALOG,2020-10-31T00:12Z,,,2020-10-31,1T00,,,,,,,,,,,,,
2020-12-11T00:36:00-CME-001,M2M_CATALOG,2020-12-11T00:36Z,,,2020-12-11,1T00,,,,,,,,,,,,,
2020-11-01T20:00:00-CME-001,M2M_CATALOG,2020-11-01T20:00Z,,,2020-11-01,1T20,,,,,,,,,,,,,
2020-11-02T05:24:00-CME-001,M2M_CATALOG,2020-11-02T05:24Z,,,2020-11-02,2T05,,,,,,,,,,,,,
2020-11-07T13:24:00-CME-001,M2M_CATALOG,2020-11-07T13:24Z,N19W01,12780.0,2020-11-07,7T13,,,,,,,,,,,,,
2020-11-08T20:12:00-CME-001,M2M_CATALOG,2020-11-08T20:12Z,,,2020-11-08,8T20,,,,,,,,,,,,,
2020-11-11T19:36:00-CME-001,M2M_CATALOG,2020-11-11T19:36Z,S22E60,12782.0,2020-11-11,1T19,,,,,,,,,,,,,
2020-11-21T19:36:00-CME-001,M2M_CATALOG,2020-11-21T19:36Z,,,2020-11-21,1T19,,,,,,,,,,,,,
2020-12-11T19:09:00-CME-001,M2M_CATALOG,2020-12-11T19:09Z,,12791.0,2020-12-11,1T19,,,,,,,,,,,,,
2020-11-12T02:24:00-CME-001,M2M_CATALOG,2020-11-12T02:24Z,,,2020-11-12,2T02,,,,,,,,,,,,,
2020-11-13T12:24:00-CME-001,M2M_CATALOG,2020-11-13T12:24Z,,,2020-11-13,3T12,,,,,,,,,,,,,
2020-11-17T08:36:00-CME-001,M2M_CATALOG,2020-11-17T08:36Z,,,2020-11-17,7T08,,,,,,,,,,,,,
2020-11-17T19:00:00-CME-001,M2M_CATALOG,2020-11-17T19:00Z,,,2020-11-17,7T19,,,,,,,,,,,,,
2020-10-28T13:42:00-CME-001,M2M_CATALOG,2020-10-28T13:42Z,,,2020-10-28,8T13,,,,,,,,,,,,,
2020-11-18T13:24:00-CME-001,M2M_CATALOG,2020-11-18T13:24Z,,,2020-11-18,8T13,,,,,,,,,,,,,
2020-11-18T13:36:00-CME-001,M2M_CATALOG,2020-11-18T13:36Z,,,2020-11-18,8T13,,,,,,,,,,,,,
2020-10-28T13:42:00-CME-001,M2M_CATALOG,2020-10-28T13:42Z,,,2020-10-28,8T13,,,,,,,,,,,,,
2020-11-18T13:24:00-CME-001,M2M_CATALOG,2020-11-18T13:24Z,,,2020-11-18,8T13,,,,,,,,,,,,,
2020-11-18T13:36:00-CME-001,M2M_CATALOG,2020-11-18T13:36Z,,,2020-11-18,8T13,,,,,,,,,,,,,
2020-11-18T21:48:00-CME-001,M2M_CATALOG,2020-11-18T21:48Z,S20E138,,2020-11-18,8T21,,,,,,,,,,,,,
2020-11-19T02:54:00-CME-001,M2M_CATALOG,2020-11-19T02:54Z,,,2020-11-19,9T02,,,,,,,,,,,,,
2020-11-19T03:12:00-CME-001,M2M_CATALOG,2020-11-19T03:12Z,N30E40,,2020-11-19,9T03,,,,,,,,,,,,,
2020-11-19T06:48:00-CME-001,M2M_CATALOG,2020-11-19T06:48Z,S23E49,,2020-11-19,9T06,,,,,,,,,,,,,
2020-11-19T15:12:00-CME-001,M2M_CATALOG,2020-11-19T15:12Z,,,2020-11-19,9T15,2556.0,4a7c4210-1551-4de5-8636-79ba87c2a166,Delirium,Founders Kentucky Breakfast,Scottish And Irish Ale,Amarillo,3056 - Bavarian Wheat Blend,Munich,75 IBU,6.5%,10.7°Blg,Belgica,1989.0
2020-11-29T15:05:00-CME-001,M2M_CATALOG,2020-11-29T15:05Z,,12783.0,2020-11-29,9T15,2556.0,4a7c4210-1551-4de5-8636-79ba87c2a166,Delirium,Founders Kentucky Breakfast,Scottish And Irish Ale,Amarillo,3056 - Bavarian Wheat Blend,Munich,75 IBU,6.5%,10.7°Blg,Belgica,1989.0
2020-11-20T19:51:00-CME-001,M2M_CATALOG,2020-11-20T19:51Z,,12783.0,2020-11-20,0T19,,,,,,,,,,,,,
2020-10-10T04:24:00-CME-001,M2M_CATALOG,2020-10-10T04:24Z,,,2020-10-10,0T04,,,,,,,,,,,,,
2020-10-13T21:12:00-CME-001,M2M_CATALOG,2020-10-13T21:12Z,S23W37,12775.0,2020-10-13,3T21,,,,,,,,,,,,,
2020-10-14T03:24:00-CME-001,M2M_CATALOG,2020-10-14T03:24Z,,,2020-10-14,4T03,,,,,,,,,,,,,
2020-10-15T11:24:00-CME-001,M2M_CATALOG,2020-10-15T11:24Z,,,2020-10-15,5T11,,,,,,,,,,,,,
2020-10-15T16:36:00-CME-001,M2M_CATALOG,2020-10-15T16:36Z,,,2020-10-15,5T16,,,,,,,,,,,,,
2020-10-16T13:36:00-CME-001,M2M_CATALOG,2020-10-16T13:36Z,,12774.0,2020-10-16,6T13,,,,,,,,,,,,,
2020-10-16T16:03:00-CME-001,M2M_CATALOG,2020-10-16T16:03Z,S23W66,12775.0,2020-10-16,6T16,,,,,,,,,,,,,
2020-10-18T09:24:00-CME-001,M2M_CATALOG,2020-10-18T09:24Z,,,2020-10-18,8T09,,,,,,,,,,,,,
2020-10-22T13:09:00-CME-001,M2M_CATALOG,2020-10-22T13:09Z,,,2020-10-22,2T13,,,,,,,,,,,,,
2020-10-23T04:39:00-CME-001,M2M_CATALOG,2020-10-23T04:39Z,,,2020-10-23,3T04,,,,,,,,,,,,,
2020-10-23T22:35:00-CME-001,M2M_CATALOG,2020-10-23T22:35Z,,,2020-10-23,3T22,,,,,,,,,,,,,
2020-10-26T09:12:00-CME-001,M2M_CATALOG,2020-10-26T09:12Z,,,2020-10-26,6T09,,,,,,,,,,,,,
2020-10-26T18:09:00-CME-001,M2M_CATALOG,2020-10-26T18:09Z,,,2020-10-26,6T18,,,,,,,,,,,,,
2020-10-27T03:39:00-CME-001,M2M_CATALOG,2020-10-27T03:39Z,,,2020-10-27,7T03,,,,,,,,,,,,,
2020-10-28T13:42:00-CME-001,M2M_CATALOG,2020-10-28T13:42Z,,,2020-10-28,8T13,,,,,,,,,,,,,
2020-11-18T13:24:00-CME-001,M2M_CATALOG,2020-11-18T13:24Z,,,2020-11-18,8T13,,,,,,,,,,,,,
2020-11-18T13:36:00-CME-001,M2M_CATALOG,2020-11-18T13:36Z,,,2020-11-18,8T13,,,,,,,,,,,,,
2020-10-29T01:54:00-CME-001,M2M_CATALOG,2020-10-29T01:54Z,S19W28,12779.0,2020-10-29,9T01,,,,,,,,,,,,,
2020-10-31T00:12:00-CME-001,M2M_CATALOG,2020-10-31T00:12Z,,,2020-10-31,1T00,,,,,,,,,,,,,
2020-12-11T00:36:00-CME-001,M2M_CATALOG,2020-12-11T00:36Z,,,2020-12-11,1T00,,,,,,,,,,,,,
2020-11-01T20:00:00-CME-001,M2M_CATALOG,2020-11-01T20:00Z,,,2020-11-01,1T20,,,,,,,,,,,,,
2020-11-02T05:24:00-CME-001,M2M_CATALOG,2020-11-02T05:24Z,,,2020-11-02,2T05,,,,,,,,,,,,,
2020-11-07T13:24:00-CME-001,M2M_CATALOG,2020-11-07T13:24Z,N19W01,12780.0,2020-11-07,7T13,,,,,,,,,,,,,
2020-11-08T20:12:00-CME-001,M2M_CATALOG,2020-11-08T20:12Z,,,2020-11-08,8T20,,,,,,,,,,,,,
2020-11-11T19:36:00-CME-001,M2M_CATALOG,2020-11-11T19:36Z,S22E60,12782.0,2020-11-11,1T19,,,,,,,,,,,,,
2020-11-21T19:36:00-CME-001,M2M_CATALOG,2020-11-21T19:36Z,,,2020-11-21,1T19,,,,,,,,,,,,,
2020-12-11T19:09:00-CME-001,M2M_CATALOG,2020-12-11T19:09Z,,12791.0,2020-12-11,1T19,,,,,,,,,,,,,
2020-11-12T02:24:00-CME-001,M2M_CATALOG,2020-11-12T02:24Z,,,2020-11-12,2T02,,,,,,,,,,,,,
2020-11-13T12:24:00-CME-001,M2M_CATALOG,2020-11-13T12:24Z,,,2020-11-13,3T12,,,,,,,,,,,,,
2020-11-17T08:36:00-CME-001,M2M_CATALOG,2020-11-17T08:36Z,,,2020-11-17,7T08,,,,,,,,,,,,,
2020-11-17T19:00:00-CME-001,M2M_CATALOG,2020-11-17T19:00Z,,,2020-11-17,7T19,,,,,,,,,,,,,
2020-10-28T13:42:00-CME-001,M2M_CATALOG,2020-10-28T13:42Z,,,2020-10-28,8T13,,,,,,,,,,,,,
2020-11-18T13:24:00-CME-001,M2M_CATALOG,2020-11-18T13:24Z,,,2020-11-18,8T13,,,,,,,,,,,,,
2020-11-18T13:36:00-CME-001,M2M_CATALOG,2020-11-18T13:36Z,,,2020-11-18,8T13,,,,,,,,,,,,,
2020-10-28T13:42:00-CME-001,M2M_CATALOG,2020-10-28T13:42Z,,,2020-10-28,8T13,,,,,,,,,,,,,
2020-11-18T13:24:00-CME-001,M2M_CATALOG,2020-11-18T13:24Z,,,2020-11-18,8T13,,,,,,,,,,,,,
2020-11-18T13:36:00-CME-001,M2M_CATALOG,2020-11-18T13:36Z,,,2020-11-18,8T13,,,,,,,,,,,,,
2020-11-18T21:48:00-CME-001,M2M_CATALOG,2020-11-18T21:48Z,S20E138,,2020-11-18,8T21,,,,,,,,,,,,,
2020-11-19T02:54:00-CME-001,M2M_CATALOG,2020-11-19T02:54Z,,,2020-11-19,9T02,,,,,,,,,,,,,
2020-11-19T03:12:00-CME-001,M2M_CATALOG,2020-11-19T03:12Z,N30E40,,2020-11-19,9T03,,,,,,,,,,,,,
2020-11-19T06:48:00-CME-001,M2M_CATALOG,2020-11-19T06:48Z,S23E49,,2020-11-19,9T06,,,,,,,,,,,,,
2020-11-19T15:12:00-CME-001,M2M_CATALOG,2020-11-19T15:12Z,,,2020-11-19,9T15,,,,,,,,,,,,,
2020-11-29T15:05:00-CME-001,M2M_CATALOG,2020-11-29T15:05Z,,12783.0,2020-11-29,9T15,,,,,,,,,,,,,
2020-11-20T19:51:00-CME-001,M2M_CATALOG,2020-11-20T19:51Z,,12783.0,2020-11-20,0T19,,,,,,,,,,,,,
2020-11-20T21:12:00-CME-001,M2M_CATALOG,2020-11-20T21:12Z,,,2020-11-20,0T21,,,,,,,,,,,,,
2020-11-11T19:36:00-CME-001,M2M_CATALOG,2020-11-11T19:36Z,S22E60,12782.0,2020-11-11,1T19,,,,,,,,,,,,,
2020-11-21T19:36:00-CME-001,M2M_CATALOG,2020-11-21T19:36Z,,,2020-11-21,1T19,,,,,,,,,,,,,
2020-12-11T19:09:00-CME-001,M2M_CATALOG,2020-12-11T19:09Z,,12791.0,2020-12-11,1T19,,,,,,,,,,,,,
2020-11-21T23:12:00-CME-001,M2M_CATALOG,2020-11-21T23:12Z,,,2020-11-21,1T23,,,,,,,,,,,,,
2020-11-22T01:36:00-CME-001,M2M_CATALOG,2020-11-22T01:36Z,,,2020-11-22,2T01,,,,,,,,,,,,,
2020-11-23T18:48:00-CME-001,M2M_CATALOG,2020-11-23T18:48Z,,,2020-11-23,3T18,,,,,,,,,,,,,
2020-11-24T04:36:00-CME-001,M2M_CATALOG,2020-11-24T04:36Z,S20E65,12785.0,2020-11-24,4T04,,,,,,,,,,,,,
2020-11-24T11:24:00-CME-001,M2M_CATALOG,2020-11-24T11:24Z,,,2020-11-24,4T11,,,,,,,,,,,,,
2020-12-04T11:09:00-CME-001,M2M_CATALOG,2020-12-04T11:09Z,,,2020-12-04,4T11,,,,,,,,,,,,,
2020-11-24T13:24:00-CME-001,M2M_CATALOG,2020-11-24T13:24Z,,,2020-11-24,4T13,,,,,,,,,,,,,
2020-11-26T08:24:00-CME-001,M2M_CATALOG,2020-11-26T08:24Z,,,2020-11-26,6T08,,,,,,,,,,,,,
2020-11-26T21:24:00-CME-001,M2M_CATALOG,2020-11-26T21:24Z,N32E90,12787.0,2020-11-26,6T21,,,,,,,,,,,,,
2020-11-27T05:48:00-CME-001,M2M_CATALOG,2020-11-27T05:48Z,,,2020-11-27,7T05,,,,,,,,,,,,,
2020-11-29T13:24:00-CME-001,M2M_CATALOG,2020-11-29T13:24Z,S23E97,,2020-11-29,9T13,,,,,,,,,,,,,
2020-11-19T15:12:00-CME-001,M2M_CATALOG,2020-11-19T15:12Z,,,2020-11-19,9T15,,,,,,,,,,,,,
2020-11-29T15:05:00-CME-001,M2M_CATALOG,2020-11-29T15:05Z,,12783.0,2020-11-29,9T15,,,,,,,,,,,,,
2020-11-30T07:09:00-CME-001,M2M_CATALOG,2020-11-30T07:09Z,,,2020-11-30,0T07,,,,,,,,,,,,,
2020-12-01T05:48:00-CME-001,M2M_CATALOG,2020-12-01T05:48Z,S25E80,12790.0,2020-12-01,1T05,,,,,,,,,,,,,
2020-12-01T07:12:00-CME-001,M2M_CATALOG,2020-12-01T07:12Z,N35E30,12787.0,2020-12-01,1T07,,,,,,,,,,,,,
2020-12-03T11:12:00-CME-001,M2M_CATALOG,2020-12-03T11:12Z,S30E137,,2020-12-03,3T11,,,,,,,,,,,,,
2020-12-04T02:48:00-CME-001,M2M_CATALOG,2020-12-04T02:48Z,,,2020-12-04,4T02,,,,,,,,,,,,,
2020-11-24T11:24:00-CME-001,M2M_CATALOG,2020-11-24T11:24Z,,,2020-11-24,4T11,,,,,,,,,,,,,
2020-12-04T11:09:00-CME-001,M2M_CATALOG,2020-12-04T11:09Z,,,2020-12-04,4T11,,,,,,,,,,,,,
2020-12-06T22:00:00-CME-001,M2M_CATALOG,2020-12-06T22:00Z,,,2020-12-06,6T22,,,,,,,,,,,,,
2020-12-07T16:24:00-CME-001,M2M_CATALOG,2020-12-07T16:24Z,S23W11,12790.0,2020-12-07,7T16,,,,,,,,,,,,,
2020-12-07T18:36:00-CME-001,M2M_CATALOG,2020-12-07T18:36Z,S40W30,,2020-12-07,7T18,,,,,,,,,,,,,
2020-10-31T00:12:00-CME-001,M2M_CATALOG,2020-10-31T00:12Z,,,2020-10-31,1T00,,,,,,,,,,,,,
2020-12-11T00:36:00-CME-001,M2M_CATALOG,2020-12-11T00:36Z,,,2020-12-11,1T00,,,,,,,,,,,,,
2020-11-11T19:36:00-CME-001,M2M_CATALOG,2020-11-11T19:36Z,S22E60,12782.0,2020-11-11,1T19,,,,,,,,,,,,,
2020-11-21T19:36:00-CME-001,M2M_CATALOG,2020-11-21T19:36Z,,,2020-11-21,1T19,,,,,,,,,,,,,
2020-12-11T19:09:00-CME-001,M2M_CATALOG,2020-12-11T19:09Z,,12791.0,2020-12-11,1T19,,,,,,,,,,,,,
2020-12-12T04:12:00-CME-001,M2M_CATALOG,2020-12-12T04:12Z,,,2020-12-12,2T04,,,,,,,,,,,,,
2020-12-13T09:24:00-CME-001,M2M_CATALOG,2020-12-13T09:24Z,,,2020-12-13,3T09,,,,,,,,,,,,,
2020-12-14T15:12:00-CME-001,M2M_CATALOG,2020-12-14T15:12Z,S22E44,12792.0,2020-12-14,4T15,,,,,,,,,,,,,
2020-12-14T21:12:00-CME-001,M2M_CATALOG,2020-12-14T21:12Z,N40E110,,2020-12-14,4T21,,,,,,,,,,,,,
2020-12-17T06:48:00-CME-001,M2M_CATALOG,2020-12-17T06:48Z,,,2020-12-17,7T06,,,,,,,,,,,,,
2020-12-27T00:48:00-CME-001,M2M_CATALOG,2020-12-27T00:48Z,,,2020-12-27,7T00,,,,,,,,,,,,,
2020-12-30T02:24:00-CME-001,M2M_CATALOG,2020-12-30T02:24Z,S20E08,12795.0,2020-12-30,0T02,,,,,,,,,,,,,
2020-10-10T04:24:00-CME-001,M2M_CATALOG,2020-10-10T04:24Z,,,2020-10-10,0T04,,,,,,,,,,,,,
2020-10-13T21:12:00-CME-001,M2M_CATALOG,2020-10-13T21:12Z,S23W37,12775.0,2020-10-13,3T21,,,,,,,,,,,,,
2020-10-14T03:24:00-CME-001,M2M_CATALOG,2020-10-14T03:24Z,,,2020-10-14,4T03,,,,,,,,,,,,,
2020-10-15T11:24:00-CME-001,M2M_CATALOG,2020-10-15T11:24Z,,,2020-10-15,5T11,,,,,,,,,,,,,
2020-10-15T16:36:00-CME-001,M2M_CATALOG,2020-10-15T16:36Z,,,2020-10-15,5T16,,,,,,,,,,,,,
2020-10-16T13:36:00-CME-001,M2M_CATALOG,2020-10-16T13:36Z,,12774.0,2020-10-16,6T13,,,,,,,,,,,,,
2020-10-16T16:03:00-CME-001,M2M_CATALOG,2020-10-16T16:03Z,S23W66,12775.0,2020-10-16,6T16,,,,,,,,,,,,,
2020-10-18T09:24:00-CME-001,M2M_CATALOG,2020-10-18T09:24Z,,,2020-10-18,8T09,,,,,,,,,,,,,
2020-10-22T13:09:00-CME-001,M2M_CATALOG,2020-10-22T13:09Z,,,2020-10-22,2T13,,,,,,,,,,,,,
2020-10-23T04:39:00-CME-001,M2M_CATALOG,2020-10-23T04:39Z,,,2020-10-23,3T04,,,,,,,,,,,,,
2020-10-23T22:35:00-CME-001,M2M_CATALOG,2020-10-23T22:35Z,,,2020-10-23,3T22,,,,,,,,,,,,,
2020-10-26T09:12:00-CME-001,M2M_CATALOG,2020-10-26T09:12Z,,,2020-10-26,6T09,,,,,,,,,,,,,
2020-10-26T18:09:00-CME-001,M2M_CATALOG,2020-10-26T18:09Z,,,2020-10-26,6T18,,,,,,,,,,,,,
2020-10-27T03:39:00-CME-001,M2M_CATALOG,2020-10-27T03:39Z,,,2020-10-27,7T03,,,,,,,,,,,,,
2020-10-28T13:42:00-CME-001,M2M_CATALOG,2020-10-28T13:42Z,,,2020-10-28,8T13,,,,,,,,,,,,,
2020-11-18T13:24:00-CME-001,M2M_CATALOG,2020-11-18T13:24Z,,,2020-11-18,8T13,,,,,,,,,,,,,
2020-11-18T13:36:00-CME-001,M2M_CATALOG,2020-11-18T13:36Z,,,2020-11-18,8T13,,,,,,,,,,,,,
2020-10-29T01:54:00-CME-001,M2M_CATALOG,2020-10-29T01:54Z,S19W28,12779.0,2020-10-29,9T01,,,,,,,,,,,,,
2020-10-31T00:12:00-CME-001,M2M_CATALOG,2020-10-31T00:12Z,,,2020-10-31,1T00,,,,,,,,,,,,,
2020-12-11T00:36:00-CME-001,M2M_CATALOG,2020-12-11T00:36Z,,,2020-12-11,1T00,,,,,,,,,,,,,
2020-11-01T20:00:00-CME-001,M2M_CATALOG,2020-11-01T20:00Z,,,2020-11-01,1T20,,,,,,,,,,,,,
2020-11-02T05:24:00-CME-001,M2M_CATALOG,2020-11-02T05:24Z,,,2020-11-02,2T05,,,,,,,,,,,,,
2020-11-07T13:24:00-CME-001,M2M_CATALOG,2020-11-07T13:24Z,N19W01,12780.0,2020-11-07,7T13,,,,,,,,,,,,,
2020-11-08T20:12:00-CME-001,M2M_CATALOG,2020-11-08T20:12Z,,,2020-11-08,8T20,,,,,,,,,,,,,
2020-11-11T19:36:00-CME-001,M2M_CATALOG,2020-11-11T19:36Z,S22E60,12782.0,2020-11-11,1T19,,,,,,,,,,,,,
2020-11-21T19:36:00-CME-001,M2M_CATALOG,2020-11-21T19:36Z,,,2020-11-21,1T19,,,,,,,,,,,,,
2020-12-11T19:09:00-CME-001,M2M_CATALOG,2020-12-11T19:09Z,,12791.0,2020-12-11,1T19,,,,,,,,,,,,,
2020-11-12T02:24:00-CME-001,M2M_CATALOG,2020-11-12T02:24Z,,,2020-11-12,2T02,,,,,,,,,,,,,
2020-11-13T12:24:00-CME-001,M2M_CATALOG,2020-11-13T12:24Z,,,2020-11-13,3T12,,,,,,,,,,,,,
2020-11-17T08:36:00-CME-001,M2M_CATALOG,2020-11-17T08:36Z,,,2020-11-17,7T08,,,,,,,,,,,,,
2020-11-17T19:00:00-CME-001,M2M_CATALOG,2020-11-17T19:00Z,,,2020-11-17,7T19,,,,,,,,,,,,,
2020-10-28T13:42:00-CME-001,M2M_CATALOG,2020-10-28T13:42Z,,,2020-10-28,8T13,,,,,,,,,,,,,
2020-11-18T13:24:00-CME-001,M2M_CATALOG,2020-11-18T13:24Z,,,2020-11-18,8T13,,,,,,,,,,,,,
2020-11-18T13:36:00-CME-001,M2M_CATALOG,2020-11-18T13:36Z,,,2020-11-18,8T13,,,,,,,,,,,,,
2020-10-28T13:42:00-CME-001,M2M_CATALOG,2020-10-28T13:42Z,,,2020-10-28,8T13,,,,,,,,,,,,,
2020-11-18T13:24:00-CME-001,M2M_CATALOG,2020-11-18T13:24Z,,,2020-11-18,8T13,,,,,,,,,,,,,
2020-11-18T13:36:00-CME-001,M2M_CATALOG,2020-11-18T13:36Z,,,2020-11-18,8T13,,,,,,,,,,,,,
2020-11-18T21:48:00-CME-001,M2M_CATALOG,2020-11-18T21:48Z,S20E138,,2020-11-18,8T21,,,,,,,,,,,,,
2020-11-19T02:54:00-CME-001,M2M_CATALOG,2020-11-19T02:54Z,,,2020-11-19,9T02,,,,,,,,,,,,,
2020-11-19T03:12:00-CME-001,M2M_CATALOG,2020-11-19T03:12Z,N30E40,,2020-11-19,9T03,,,,,,,,,,,,,
2020-11-19T06:48:00-CME-001,M2M_CATALOG,2020-11-19T06:48Z,S23E49,,2020-11-19,9T06,,,,,,,,,,,,,
2020-11-19T15:12:00-CME-001,M2M_CATALOG,2020-11-19T15:12Z,,,2020-11-19,9T15,,,,,,,,,,,,,
2020-11-29T15:05:00-CME-001,M2M_CATALOG,2020-11-29T15:05Z,,12783.0,2020-11-29,9T15,,,,,,,,,,,,,
2020-10-10T04:24:00-CME-001,M2M_CATALOG,2020-10-10T04:24Z,,,2020-10-10,0T04,,,,,,,,,,,,,
2020-10-13T21:12:00-CME-001,M2M_CATALOG,2020-10-13T21:12Z,S23W37,12775.0,2020-10-13,3T21,,,,,,,,,,,,,
2020-10-14T03:24:00-CME-001,M2M_CATALOG,2020-10-14T03:24Z,,,2020-10-14,4T03,,,,,,,,,,,,,
2020-10-15T11:24:00-CME-001,M2M_CATALOG,2020-10-15T11:24Z,,,2020-10-15,5T11,,,,,,,,,,,,,
2020-10-15T16:36:00-CME-001,M2M_CATALOG,2020-10-15T16:36Z,,,2020-10-15,5T16,,,,,,,,,,,,,
2020-10-16T13:36:00-CME-001,M2M_CATALOG,2020-10-16T13:36Z,,12774.0,2020-10-16,6T13,,,,,,,,,,,,,
2020-10-16T16:03:00-CME-001,M2M_CATALOG,2020-10-16T16:03Z,S23W66,12775.0,2020-10-16,6T16,,,,,,,,,,,,,
2020-10-18T09:24:00-CME-001,M2M_CATALOG,2020-10-18T09:24Z,,,2020-10-18,8T09,,,,,,,,,,,,,
2020-10-22T13:09:00-CME-001,M2M_CATALOG,2020-10-22T13:09Z,,,2020-10-22,2T13,,,,,,,,,,,,,
2020-11-02T05:24:00-CME-001,M2M_CATALOG,2020-11-02T05:24Z,,,2020-11-02,2T05,,,,,,,,,,,,,
2020-11-07T13:24:00-CME-001,M2M_CATALOG,2020-11-07T13:24Z,N19W01,12780.0,2020-11-07,7T13,,,,,,,,,,,,,
2020-11-08T20:12:00-CME-001,M2M_CATALOG,2020-11-08T20:12Z,,,2020-11-08,8T20,,,,,,,,,,,,,
2020-11-11T19:36:00-CME-001,M2M_CATALOG,2020-11-11T19:36Z,S22E60,12782.0,2020-11-11,1T19,,,,,,,,,,,,,
2020-11-21T19:36:00-CME-001,M2M_CATALOG,2020-11-21T19:36Z,,,2020-11-21,1T19,,,,,,,,,,,,,
2020-12-11T19:09:00-CME-001,M2M_CATALOG,2020-12-11T19:09Z,,12791.0,2020-12-11,1T19,,,,,,,,,,,,,
2020-11-12T02:24:00-CME-001,M2M_CATALOG,2020-11-12T02:24Z,,,2020-11-12,2T02,,,,,,,,,,,,,
2020-11-13T12:24:00-CME-001,M2M_CATALOG,2020-11-13T12:24Z,,,2020-11-13,3T12,,,,,,,,,,,,,
2020-11-17T08:36:00-CME-001,M2M_CATALOG,2020-11-17T08:36Z,,,2020-11-17,7T08,,,,,,,,,,,,,
2020-11-17T19:00:00-CME-001,M2M_CATALOG,2020-11-17T19:00Z,,,2020-11-17,7T19,,,,,,,,,,,,,
2020-11-18T21:48:00-CME-001,M2M_CATALOG,2020-11-18T21:48Z,S20E138,,2020-11-18,8T21,,,,,,,,,,,,,
2020-11-19T02:54:00-CME-001,M2M_CATALOG,2020-11-19T02:54Z,,,2020-11-19,9T02,,,,,,,,,,,,,
2020-11-27T05:48:00-CME-001,M2M_CATALOG,2020-11-27T05:48Z,,,2020-11-27,7T05,,,,,,,,,,,,,
2020-11-29T13:24:00-CME-001,M2M_CATALOG,2020-11-29T13:24Z,S23E97,,2020-11-29,9T13,,,,,,,,,,,,,
2020-11-30T07:09:00-CME-001,M2M_CATALOG,2020-11-30T07:09Z,,,2020-11-30,0T07,,,,,,,,,,,,,
2020-12-01T05:48:00-CME-001,M2M_CATALOG,2020-12-01T05:48Z,S25E80,12790.0,2020-12-01,1T05,,,,,,,,,,,,,
2020-12-01T07:12:00-CME-001,M2M_CATALOG,2020-12-01T07:12Z,N35E30,12787.0,2020-12-01,1T07,,,,,,,,,,,,,
2020-12-03T11:12:00-CME-001,M2M_CATALOG,2020-12-03T11:12Z,S30E137,,2020-12-03,3T11,,,,,,,,,,,,,
2020-12-04T02:48:00-CME-001,M2M_CATALOG,2020-12-04T02:48Z,,,2020-12-04,4T02,,,,,,,,,,,,,
2020-12-06T22:00:00-CME-001,M2M_CATALOG,2020-12-06T22:00Z,,,2020-12-06,6T22,,,,,,,,,,,,,
2020-12-07T16:24:00-CME-001,M2M_CATALOG,2020-12-07T16:24Z,S23W11,12790.0,2020-12-07,7T16,,,,,,,,,,,,,
2020-12-07T18:36:00-CME-001,M2M_CATALOG,2020-12-07T18:36Z,S40W30,,2020-12-07,7T18,,,,,,,,,,,,,
2020-12-17T06:48:00-CME-001,M2M_CATALOG,2020-12-17T06:48Z,,,2020-12-17,7T06,,,,,,,,,,,,,
2020-12-27T00:48:00-CME-001,M2M_CATALOG,2020-12-27T00:48Z,,,2020-12-27,7T00,,,,,,,,,,,,,
2020-12-30T02:24:00-CME-001,M2M_CATALOG,2020-12-30T02:24Z,S20E08,12795.0,2020-12-30,0T02,,,,,,,,,,,,,
2020-10-10T04:24:00-CME-001,M2M_CATALOG,2020-10-10T04:24Z,,,2020-10-10,0T04,,,,,,,,,,,,,
2020-10-13T21:12:00-CME-001,M2M_CATALOG,2020-10-13T21:12Z,S23W37,12775.0,2020-10-13,3T21,,,,,,,,,,,,,
2020-10-14T03:24:00-CME-001,M2M_CATALOG,2020-10-14T03:24Z,,,2020-10-14,4T03,,,,,,,,,,,,,
2020-10-15T11:24:00-CME-001,M2M_CATALOG,2020-10-15T11:24Z,,,2020-10-15,5T11,,,,,,,,,,,,,
2020-10-15T16:36:00-CME-001,M2M_CATALOG,2020-10-15T16:36Z,,,2020-10-15,5T16,,,,,,,,,,,,,
2020-10-16T13:36:00-CME-001,M2M_CATALOG,2020-10-16T13:36Z,,12774.0,2020-10-16,6T13,,,,,,,,,,,,,
2020-10-16T16:03:00-CME-001,M2M_CATALOG,2020-10-16T16:03Z,S23W66,12775.0,2020-10-16,6T16,,,,,,,,,,,,,
2020-10-18T09:24:00-CME-001,M2M_CATALOG,2020-10-18T09:24Z,,,2020-10-18,8T09,,,,,,,,,,,,,
2020-10-22T13:09:00-CME-001,M2M_CATALOG,2020-10-22T13:09Z,,,2020-10-22,2T13,,,,,,,,,,,,,
2020-11-02T05:24:00-CME-001,M2M_CATALOG,2020-11-02T05:24Z,,,2020-11-02,2T05,,,,,,,,,,,,,
2020-11-07T13:24:00-CME-001,M2M_CATALOG,2020-11-07T13:24Z,N19W01,12780.0,2020-11-07,7T13,,,,,,,,,,,,,
2020-11-08T20:12:00-CME-001,M2M_CATALOG,2020-11-08T20:12Z,,,2020-11-08,8T20,,,,,,,,,,,,,
2020-11-11T19:36:00-CME-001,M2M_CATALOG,2020-11-11T19:36Z,S22E60,12782.0,2020-11-11,1T19,,,,,,,,,,,,,
2020-11-21T19:36:00-CME-001,M2M_CATALOG,2020-11-21T19:36Z,,,2020-11-21,1T19,,,,,,,,,,,,,
2020-12-11T19:09:00-CME-001,M2M_CATALOG,2020-12-11T19:09Z,,12791.0,2020-12-11,1T19,,,,,,,,,,,,,
2020-11-12T02:24:00-CME-001,M2M_CATALOG,2020-11-12T02:24Z,,,2020-11-12,2T02,,,,,,,,,,,,,
2020-11-13T12:24:00-CME-001,M2M_CATALOG,2020-11-13T12:24Z,,,2020-11-13,3T12,,,,,,,,,,,,,
2020-11-17T08:36:00-CME-001,M2M_CATALOG,2020-11-17T08:36Z,,,2020-11-17,7T08,,,,,,,,,,,,,
2020-11-17T19:00:00-CME-001,M2M_CATALOG,2020-11-17T19:00Z,,,2020-11-17,7T19,,,,,,,,,,,,,
2020-11-18T21:48:00-CME-001,M2M_CATALOG,2020-11-18T21:48Z,S20E138,,2020-11-18,8T21,,,,,,,,,,,,,
2020-11-19T02:54:00-CME-001,M2M_CATALOG,2020-11-19T02:54Z,,,2020-11-19,9T02,,,,,,,,,,,,,
2020-11-27T05:48:00-CME-001,M2M_CATALOG,2020-11-27T05:48Z,,,2020-11-27,7T05,,,,,,,,,,,,,
2020-11-29T13:24:00-CME-001,M2M_CATALOG,2020-11-29T13:24Z,S23E97,,2020-11-29,9T13,,,,,,,,,,,,,
2020-11-30T07:09:00-CME-001,M2M_CATALOG,2020-11-30T07:09Z,,,2020-11-30,0T07,,,,,,,,,,,,,
2020-12-01T05:48:00-CME-001,M2M_CATALOG,2020-12-01T05:48Z,S25E80,12790.0,2020-12-01,1T05,,,,,,,,,,,,,
2020-12-01T07:12:00-CME-001,M2M_CATALOG,2020-12-01T07:12Z,N35E30,12787.0,2020-12-01,1T07,,,,,,,,,,,,,
2020-12-03T11:12:00-CME-001,M2M_CATALOG,2020-12-03T11:12Z,S30E137,,2020-12-03,3T11,,,,,,,,,,,,,
2020-12-04T02:48:00-CME-001,M2M_CATALOG,2020-12-04T02:48Z,,,2020-12-04,4T02,,,,,,,,,,,,,
2020-12-06T22:00:00-CME-001,M2M_CATALOG,2020-12-06T22:00Z,,,2020-12-06,6T22,,,,,,,,,,,,,
2020-12-07T16:24:00-CME-001,M2M_CATALOG,2020-12-07T16:24Z,S23W11,12790.0,2020-12-07,7T16,,,,,,,,,,,,,
2020-12-07T18:36:00-CME-001,M2M_CATALOG,2020-12-07T18:36Z,S40W30,,2020-12-07,7T18,,,,,,,,,,,,,
2020-12-17T06:48:00-CME-001,M2M_CATALOG,2020-12-17T06:48Z,,,2020-12-17,7T06,,,,,,,,,,,,,
2020-12-27T00:48:00-CME-001,M2M_CATALOG,2020-12-27T00:48Z,,,2020-12-27,7T00,,,,,,,,,,,,,
2020-12-30T02:24:00-CME-001,M2M_CATALOG,2020-12-30T02:24Z,S20E08,12795.0,2020-12-30,0T02,,,,,,,,,,,,,
2020-10-10T04:24:00-CME-001,M2M_CATALOG,2020-10-10T04:24Z,,,2020-10-10,0T04,,,,,,,,,,,,,
2020-10-13T21:12:00-CME-001,M2M_CATALOG,2020-10-13T21:12Z,S23W37,12775.0,2020-10-13,3T21,,,,,,,,,,,,,
2020-10-14T03:24:00-CME-001,M2M_CATALOG,2020-10-14T03:24Z,,,2020-10-14,4T03,,,,,,,,,,,,,
2020-10-15T11:24:00-CME-001,M2M_CATALOG,2020-10-15T11:24Z,,,2020-10-15,5T11,,,,,,,,,,,,,
2020-10-15T16:36:00-CME-001,M2M_CATALOG,2020-10-15T16:36Z,,,2020-10-15,5T16,,,,,,,,,,,,,
2020-10-16T13:36:00-CME-001,M2M_CATALOG,2020-10-16T13:36Z,,12774.0,2020-10-16,6T13,,,,,,,,,,,,,
2020-10-16T16:03:00-CME-001,M2M_CATALOG,2020-10-16T16:03Z,S23W66,12775.0,2020-10-16,6T16,,,,,,,,,,,,,
2020-10-18T09:24:00-CME-001,M2M_CATALOG,2020-10-18T09:24Z,,,2020-10-18,8T09,,,,,,,,,,,,,
2020-10-22T13:09:00-CME-001,M2M_CATALOG,2020-10-22T13:09Z,,,2020-10-22,2T13,,,,,,,,,,,,,
2020-11-02T05:24:00-CME-001,M2M_CATALOG,2020-11-02T05:24Z,,,2020-11-02,2T05,,,,,,,,,,,,,
2020-11-07T13:24:00-CME-001,M2M_CATALOG,2020-11-07T13:24Z,N19W01,12780.0,2020-11-07,7T13,,,,,,,,,,,,,
2020-11-08T20:12:00-CME-001,M2M_CATALOG,2020-11-08T20:12Z,,,2020-11-08,8T20,,,,,,,,,,,,,
2020-11-11T19:36:00-CME-001,M2M_CATALOG,2020-11-11T19:36Z,S22E60,12782.0,2020-11-11,1T19,,,,,,,,,,,,,
2020-11-21T19:36:00-CME-001,M2M_CATALOG,2020-11-21T19:36Z,,,2020-11-21,1T19,,,,,,,,,,,,,
2020-12-11T19:09:00-CME-001,M2M_CATALOG,2020-12-11T19:09Z,,12791.0,2020-12-11,1T19,,,,,,,,,,,,,
2020-11-12T02:24:00-CME-001,M2M_CATALOG,2020-11-12T02:24Z,,,2020-11-12,2T02,,,,,,,,,,,,,
2020-11-13T12:24:00-CME-001,M2M_CATALOG,2020-11-13T12:24Z,,,2020-11-13,3T12,,,,,,,,,,,,,
2020-11-17T08:36:00-CME-001,M2M_CATALOG,2020-11-17T08:36Z,,,2020-11-17,7T08,,,,,,,,,,,,,
2020-11-17T19:00:00-CME-001,M2M_CATALOG,2020-11-17T19:00Z,,,2020-11-17,7T19,,,,,,,,,,,,,
2020-11-18T21:48:00-CME-001,M2M_CATALOG,2020-11-18T21:48Z,S20E138,,2020-11-18,8T21,,,,,,,,,,,,,
2020-11-19T02:54:00-CME-001,M2M_CATALOG,2020-11-19T02:54Z,,,2020-11-19,9T02,,,,,,,,,,,,,
2020-11-27T05:48:00-CME-001,M2M_CATALOG,2020-11-27T05:48Z,,,2020-11-27,7T05,,,,,,,,,,,,,
2020-11-29T13:24:00-CME-001,M2M_CATALOG,2020-11-29T13:24Z,S23E97,,2020-11-29,9T13,,,,,,,,,,,,,
2020-11-30T07:09:00-CME-001,M2M_CATALOG,2020-11-30T07:09Z,,,2020-11-30,0T07,,,,,,,,,,,,,
2020-12-01T05:48:00-CME-001,M2M_CATALOG,2020-12-01T05:48Z,S25E80,12790.0,2020-12-01,1T05,,,,,,,,,,,,,
2020-12-01T07:12:00-CME-001,M2M_CATALOG,2020-12-01T07:12Z,N35E30,12787.0,2020-12-01,1T07,,,,,,,,,,,,,
2020-12-03T11:12:00-CME-001,M2M_CATALOG,2020-12-03T11:12Z,S30E137,,2020-12-03,3T11,,,,,,,,,,,,,
2020-12-04T02:48:00-CME-001,M2M_CATALOG,2020-12-04T02:48Z,,,2020-12-04,4T02,,,,,,,,,,,,,
2020-12-06T22:00:00-CME-001,M2M_CATALOG,2020-12-06T22:00Z,,,2020-12-06,6T22,,,,,,,,,,,,,
2020-12-07T16:24:00-CME-001,M2M_CATALOG,2020-12-07T16:24Z,S23W11,12790.0,2020-12-07,7T16,,,,,,,,,,,,,
2020-12-07T18:36:00-CME-001,M2M_CATALOG,2020-12-07T18:36Z,S40W30,,2020-12-07,7T18,,,,,,,,,,,,,
2020-12-17T06:48:00-CME-001,M2M_CATALOG,2020-12-17T06:48Z,,,2020-12-17,7T06,,,,,,,,,,,,,
2020-12-27T00:48:00-CME-001,M2M_CATALOG,2020-12-27T00:48Z,,,2020-12-27,7T00,,,,,,,,,,,,,
2020-12-30T02:24:00-CME-001,M2M_CATALOG,2020-12-30T02:24Z,S20E08,12795.0,2020-12-30,0T02,,,,,,,,,,,,,
2020-10-23T04:39:00-CME-001,M2M_CATALOG,2020-10-23T04:39Z,,,2020-10-23,3T04,,,,,,,,,,,,,
2020-10-23T22:35:00-CME-001,M2M_CATALOG,2020-10-23T22:35Z,,,2020-10-23,3T22,,,,,,,,,,,,,
2020-10-10T04:24:00-CME-001,M2M_CATALOG,2020-10-10T04:24Z,,,2020-10-10,0T04,,,,,,,,,,,,,
2020-10-13T21:12:00-CME-001,M2M_CATALOG,2020-10-13T21:12Z,S23W37,12775.0,2020-10-13,3T21,,,,,,,,,,,,,
2020-10-14T03:24:00-CME-001,M2M_CATALOG,2020-10-14T03:24Z,,,2020-10-14,4T03,,,,,,,,,,,,,
2020-10-15T11:24:00-CME-001,M2M_CATALOG,2020-10-15T11:24Z,,,2020-10-15,5T11,,,,,,,,,,,,,
2020-10-15T16:36:00-CME-001,M2M_CATALOG,2020-10-15T16:36Z,,,2020-10-15,5T16,,,,,,,,,,,,,
2020-10-16T13:36:00-CME-001,M2M_CATALOG,2020-10-16T13:36Z,,12774.0,2020-10-16,6T13,,,,,,,,,,,,,
2020-10-16T16:03:00-CME-001,M2M_CATALOG,2020-10-16T16:03Z,S23W66,12775.0,2020-10-16,6T16,,,,,,,,,,,,,
2020-10-18T09:24:00-CME-001,M2M_CATALOG,2020-10-18T09:24Z,,,2020-10-18,8T09,,,,,,,,,,,,,
2020-10-22T13:09:00-CME-001,M2M_CATALOG,2020-10-22T13:09Z,,,2020-10-22,2T13,,,,,,,,,,,,,
2020-10-23T04:39:00-CME-001,M2M_CATALOG,2020-10-23T04:39Z,,,2020-10-23,3T04,,,,,,,,,,,,,
2020-10-23T22:35:00-CME-001,M2M_CATALOG,2020-10-23T22:35Z,,,2020-10-23,3T22,,,,,,,,,,,,,
2020-10-26T09:12:00-CME-001,M2M_CATALOG,2020-10-26T09:12Z,,,2020-10-26,6T09,,,,,,,,,,,,,
2020-10-26T18:09:00-CME-001,M2M_CATALOG,2020-10-26T18:09Z,,,2020-10-26,6T18,,,,,,,,,,,,,
2020-10-27T03:39:00-CME-001,M2M_CATALOG,2020-10-27T03:39Z,,,2020-10-27,7T03,,,,,,,,,,,,,
2020-10-28T13:42:00-CME-001,M2M_CATALOG,2020-10-28T13:42Z,,,2020-10-28,8T13,,,,,,,,,,,,,
2020-11-18T13:24:00-CME-001,M2M_CATALOG,2020-11-18T13:24Z,,,2020-11-18,8T13,,,,,,,,,,,,,
2020-11-18T13:36:00-CME-001,M2M_CATALOG,2020-11-18T13:36Z,,,2020-11-18,8T13,,,,,,,,,,,,,
2020-10-29T01:54:00-CME-001,M2M_CATALOG,2020-10-29T01:54Z,S19W28,12779.0,2020-10-29,9T01,,,,,,,,,,,,,
2020-10-31T00:12:00-CME-001,M2M_CATALOG,2020-10-31T00:12Z,,,2020-10-31,1T00,,,,,,,,,,,,,
2020-12-11T00:36:00-CME-001,M2M_CATALOG,2020-12-11T00:36Z,,,2020-12-11,1T00,,,,,,,,,,,,,
2020-11-01T20:00:00-CME-001,M2M_CATALOG,2020-11-01T20:00Z,,,2020-11-01,1T20,,,,,,,,,,,,,
2020-11-02T05:24:00-CME-001,M2M_CATALOG,2020-11-02T05:24Z,,,2020-11-02,2T05,,,,,,,,,,,,,
2020-11-07T13:24:00-CME-001,M2M_CATALOG,2020-11-07T13:24Z,N19W01,12780.0,2020-11-07,7T13,,,,,,,,,,,,,
2020-11-08T20:12:00-CME-001,M2M_CATALOG,2020-11-08T20:12Z,,,2020-11-08,8T20,,,,,,,,,,,,,
2020-11-11T19:36:00-CME-001,M2M_CATALOG,2020-11-11T19:36Z,S22E60,12782.0,2020-11-11,1T19,,,,,,,,,,,,,
2020-11-21T19:36:00-CME-001,M2M_CATALOG,2020-11-21T19:36Z,,,2020-11-21,1T19,,,,,,,,,,,,,
2020-12-11T19:09:00-CME-001,M2M_CATALOG,2020-12-11T19:09Z,,12791.0,2020-12-11,1T19,,,,,,,,,,,,,
2020-11-12T02:24:00-CME-001,M2M_CATALOG,2020-11-12T02:24Z,,,2020-11-12,2T02,,,,,,,,,,,,,
2020-11-13T12:24:00-CME-001,M2M_CATALOG,2020-11-13T12:24Z,,,2020-11-13,3T12,,,,,,,,,,,,,
2020-11-17T08:36:00-CME-001,M2M_CATALOG,2020-11-17T08:36Z,,,2020-11-17,7T08,,,,,,,,,,,,,
2020-11-17T19:00:00-CME-001,M2M_CATALOG,2020-11-17T19:00Z,,,2020-11-17,7T19,,,,,,,,,,,,,
2020-10-28T13:42:00-CME-001,M2M_CATALOG,2020-10-28T13:42Z,,,2020-10-28,8T13,,,,,,,,,,,,,
2020-11-18T13:24:00-CME-001,M2M_CATALOG,2020-11-18T13:24Z,,,2020-11-18,8T13,,,,,,,,,,,,,
2020-11-18T13:36:00-CME-001,M2M_CATALOG,2020-11-18T13:36Z,,,2020-11-18,8T13,,,,,,,,,,,,,
2020-10-28T13:42:00-CME-001,M2M_CATALOG,2020-10-28T13:42Z,,,2020-10-28,8T13,,,,,,,,,,,,,
2020-11-18T13:24:00-CME-001,M2M_CATALOG,2020-11-18T13:24Z,,,2020-11-18,8T13,,,,,,,,,,,,,
2020-11-18T13:36:00-CME-001,M2M_CATALOG,2020-11-18T13:36Z,,,2020-11-18,8T13,,,,,,,,,,,,,
2020-11-18T21:48:00-CME-001,M2M_CATALOG,2020-11-18T21:48Z,S20E138,,2020-11-18,8T21,,,,,,,,,,,,,
2020-11-19T02:54:00-CME-001,M2M_CATALOG,2020-11-19T02:54Z,,,2020-11-19,9T02,,,,,,,,,,,,,
2020-11-19T03:12:00-CME-001,M2M_CATALOG,2020-11-19T03:12Z,N30E40,,2020-11-19,9T03,,,,,,,,,,,,,
2020-11-19T06:48:00-CME-001,M2M_CATALOG,2020-11-19T06:48Z,S23E49,,2020-11-19,9T06,,,,,,,,,,,,,
2020-11-19T15:12:00-CME-001,M2M_CATALOG,2020-11-19T15:12Z,,,2020-11-19,9T15,,,,,,,,,,,,,
2020-11-29T15:05:00-CME-001,M2M_CATALOG,2020-11-29T15:05Z,,12783.0,2020-11-29,9T15,,,,,,,,,,,,,
2020-11-20T19:51:00-CME-001,M2M_CATALOG,2020-11-20T19:51Z,,12783.0,2020-11-20,0T19,,,,,,,,,,,,,
2020-11-20T21:12:00-CME-001,M2M_CATALOG,2020-11-20T21:12Z,,,2020-11-20,0T21,,,,,,,,,,,,,
2020-11-11T19:36:00-CME-001,M2M_CATALOG,2020-11-11T19:36Z,S22E60,12782.0,2020-11-11,1T19,,,,,,,,,,,,,
2020-11-21T19:36:00-CME-001,M2M_CATALOG,2020-11-21T19:36Z,,,2020-11-21,1T19,,,,,,,,,,,,,
2020-12-11T19:09:00-CME-001,M2M_CATALOG,2020-12-11T19:09Z,,12791.0,2020-12-11,1T19,,,,,,,,,,,,,
2020-11-21T23:12:00-CME-001,M2M_CATALOG,2020-11-21T23:12Z,,,2020-11-21,1T23,,,,,,,,,,,,,
2020-11-22T01:36:00-CME-001,M2M_CATALOG,2020-11-22T01:36Z,,,2020-11-22,2T01,,,,,,,,,,,,,
2020-11-23T18:48:00-CME-001,M2M_CATALOG,2020-11-23T18:48Z,,,2020-11-23,3T18,,,,,,,,,,,,,
2020-11-24T04:36:00-CME-001,M2M_CATALOG,2020-11-24T04:36Z,S20E65,12785.0,2020-11-24,4T04,,,,,,,,,,,,,
2020-11-24T11:24:00-CME-001,M2M_CATALOG,2020-11-24T11:24Z,,,2020-11-24,4T11,,,,,,,,,,,,,
2020-12-04T11:09:00-CME-001,M2M_CATALOG,2020-12-04T11:09Z,,,2020-12-04,4T11,,,,,,,,,,,,,
2020-11-24T13:24:00-CME-001,M2M_CATALOG,2020-11-24T13:24Z,,,2020-11-24,4T13,,,,,,,,,,,,,
2020-11-26T08:24:00-CME-001,M2M_CATALOG,2020-11-26T08:24Z,,,2020-11-26,6T08,,,,,,,,,,,,,
2020-11-26T21:24:00-CME-001,M2M_CATALOG,2020-11-26T21:24Z,N32E90,12787.0,2020-11-26,6T21,,,,,,,,,,,,,
2020-11-27T05:48:00-CME-001,M2M_CATALOG,2020-11-27T05:48Z,,,2020-11-27,7T05,,,,,,,,,,,,,
2020-11-29T13:24:00-CME-001,M2M_CATALOG,2020-11-29T13:24Z,S23E97,,2020-11-29,9T13,,,,,,,,,,,,,
2020-11-19T15:12:00-CME-001,M2M_CATALOG,2020-11-19T15:12Z,,,2020-11-19,9T15,,,,,,,,,,,,,
2020-11-29T15:05:00-CME-001,M2M_CATALOG,2020-11-29T15:05Z,,12783.0,2020-11-29,9T15,,,,,,,,,,,,,
2020-11-30T07:09:00-CME-001,M2M_CATALOG,2020-11-30T07:09Z,,,2020-11-30,0T07,,,,,,,,,,,,,
2020-12-01T05:48:00-CME-001,M2M_CATALOG,2020-12-01T05:48Z,S25E80,12790.0,2020-12-01,1T05,,,,,,,,,,,,,
2020-12-01T07:12:00-CME-001,M2M_CATALOG,2020-12-01T07:12Z,N35E30,12787.0,2020-12-01,1T07,,,,,,,,,,,,,
2020-12-03T11:12:00-CME-001,M2M_CATALOG,2020-12-03T11:12Z,S30E137,,2020-12-03,3T11,,,,,,,,,,,,,
2020-12-04T02:48:00-CME-001,M2M_CATALOG,2020-12-04T02:48Z,,,2020-12-04,4T02,,,,,,,,,,,,,
2020-11-24T11:24:00-CME-001,M2M_CATALOG,2020-11-24T11:24Z,,,2020-11-24,4T11,,,,,,,,,,,,,
2020-12-04T11:09:00-CME-001,M2M_CATALOG,2020-12-04T11:09Z,,,2020-12-04,4T11,,,,,,,,,,,,,
2020-12-06T22:00:00-CME-001,M2M_CATALOG,2020-12-06T22:00Z,,,2020-12-06,6T22,,,,,,,,,,,,,
2020-12-07T16:24:00-CME-001,M2M_CATALOG,2020-12-07T16:24Z,S23W11,12790.0,2020-12-07,7T16,,,,,,,,,,,,,
2020-12-07T18:36:00-CME-001,M2M_CATALOG,2020-12-07T18:36Z,S40W30,,2020-12-07,7T18,,,,,,,,,,,,,
2020-10-31T00:12:00-CME-001,M2M_CATALOG,2020-10-31T00:12Z,,,2020-10-31,1T00,,,,,,,,,,,,,
2020-12-11T00:36:00-CME-001,M2M_CATALOG,2020-12-11T00:36Z,,,2020-12-11,1T00,,,,,,,,,,,,,
2020-11-11T19:36:00-CME-001,M2M_CATALOG,2020-11-11T19:36Z,S22E60,12782.0,2020-11-11,1T19,,,,,,,,,,,,,
2020-11-21T19:36:00-CME-001,M2M_CATALOG,2020-11-21T19:36Z,,,2020-11-21,1T19,,,,,,,,,,,,,
2020-12-11T19:09:00-CME-001,M2M_CATALOG,2020-12-11T19:09Z,,12791.0,2020-12-11,1T19,,,,,,,,,,,,,
2020-12-12T04:12:00-CME-001,M2M_CATALOG,2020-12-12T04:12Z,,,2020-12-12,2T04,,,,,,,,,,,,,
2020-12-13T09:24:00-CME-001,M2M_CATALOG,2020-12-13T09:24Z,,,2020-12-13,3T09,,,,,,,,,,,,,
2020-12-14T15:12:00-CME-001,M2M_CATALOG,2020-12-14T15:12Z,S22E44,12792.0,2020-12-14,4T15,,,,,,,,,,,,,
2020-12-14T21:12:00-CME-001,M2M_CATALOG,2020-12-14T21:12Z,N40E110,,2020-12-14,4T21,,,,,,,,,,,,,
2020-12-17T06:48:00-CME-001,M2M_CATALOG,2020-12-17T06:48Z,,,2020-12-17,7T06,,,,,,,,,,,,,
2020-12-27T00:48:00-CME-001,M2M_CATALOG,2020-12-27T00:48Z,,,2020-12-27,7T00,,,,,,,,,,,,,
2020-12-30T02:24:00-CME-001,M2M_CATALOG,2020-12-30T02:24Z,S20E08,12795.0,2020-12-30,0T02,,,,,,,,,,,,,
2020-10-10T04:24:00-CME-001,M2M_CATALOG,2020-10-10T04:24Z,,,2020-10-10,0T04,,,,,,,,,,,,,
2020-10-13T21:12:00-CME-001,M2M_CATALOG,2020-10-13T21:12Z,S23W37,12775.0,2020-10-13,3T21,,,,,,,,,,,,,
2020-10-14T03:24:00-CME-001,M2M_CATALOG,2020-10-14T03:24Z,,,2020-10-14,4T03,,,,,,,,,,,,,
2020-10-15T11:24:00-CME-001,M2M_CATALOG,2020-10-15T11:24Z,,,2020-10-15,5T11,,,,,,,,,,,,,
2020-10-15T16:36:00-CME-001,M2M_CATALOG,2020-10-15T16:36Z,,,2020-10-15,5T16,,,,,,,,,,,,,
2020-10-16T13:36:00-CME-001,M2M_CATALOG,2020-10-16T13:36Z,,12774.0,2020-10-16,6T13,,,,,,,,,,,,,
2020-10-16T16:03:00-CME-001,M2M_CATALOG,2020-10-16T16:03Z,S23W66,12775.0,2020-10-16,6T16,,,,,,,,,,,,,
2020-10-18T09:24:00-CME-001,M2M_CATALOG,2020-10-18T09:24Z,,,2020-10-18,8T09,,,,,,,,,,,,,
2020-10-22T13:09:00-CME-001,M2M_CATALOG,2020-10-22T13:09Z,,,2020-10-22,2T13,,,,,,,,,,,,,
2020-10-23T04:39:00-CME-001,M2M_CATALOG,2020-10-23T04:39Z,,,2020-10-23,3T04,,,,,,,,,,,,,
2020-10-23T22:35:00-CME-001,M2M_CATALOG,2020-10-23T22:35Z,,,2020-10-23,3T22,,,,,,,,,,,,,
2020-10-26T09:12:00-CME-001,M2M_CATALOG,2020-10-26T09:12Z,,,2020-10-26,6T09,,,,,,,,,,,,,
2020-10-26T18:09:00-CME-001,M2M_CATALOG,2020-10-26T18:09Z,,,2020-10-26,6T18,,,,,,,,,,,,,
2020-10-27T03:39:00-CME-001,M2M_CATALOG,2020-10-27T03:39Z,,,2020-10-27,7T03,,,,,,,,,,,,,
2020-10-28T13:42:00-CME-001,M2M_CATALOG,2020-10-28T13:42Z,,,2020-10-28,8T13,,,,,,,,,,,,,
2020-11-18T13:24:00-CME-001,M2M_CATALOG,2020-11-18T13:24Z,,,2020-11-18,8T13,,,,,,,,,,,,,
2020-11-18T13:36:00-CME-001,M2M_CATALOG,2020-11-18T13:36Z,,,2020-11-18,8T13,,,,,,,,,,,,,
2020-10-29T01:54:00-CME-001,M2M_CATALOG,2020-10-29T01:54Z,S19W28,12779.0,2020-10-29,9T01,,,,,,,,,,,,,
2020-10-31T00:12:00-CME-001,M2M_CATALOG,2020-10-31T00:12Z,,,2020-10-31,1T00,,,,,,,,,,,,,
2020-12-11T00:36:00-CME-001,M2M_CATALOG,2020-12-11T00:36Z,,,2020-12-11,1T00,,,,,,,,,,,,,
2020-11-01T20:00:00-CME-001,M2M_CATALOG,2020-11-01T20:00Z,,,2020-11-01,1T20,,,,,,,,,,,,,
2020-11-02T05:24:00-CME-001,M2M_CATALOG,2020-11-02T05:24Z,,,2020-11-02,2T05,,,,,,,,,,,,,
2020-11-07T13:24:00-CME-001,M2M_CATALOG,2020-11-07T13:24Z,N19W01,12780.0,2020-11-07,7T13,,,,,,,,,,,,,
2020-11-08T20:12:00-CME-001,M2M_CATALOG,2020-11-08T20:12Z,,,2020-11-08,8T20,,,,,,,,,,,,,
2020-11-11T19:36:00-CME-001,M2M_CATALOG,2020-11-11T19:36Z,S22E60,12782.0,2020-11-11,1T19,,,,,,,,,,,,,
2020-11-21T19:36:00-CME-001,M2M_CATALOG,2020-11-21T19:36Z,,,2020-11-21,1T19,,,,,,,,,,,,,
2020-12-11T19:09:00-CME-001,M2M_CATALOG,2020-12-11T19:09Z,,12791.0,2020-12-11,1T19,,,,,,,,,,,,,
2020-11-12T02:24:00-CME-001,M2M_CATALOG,2020-11-12T02:24Z,,,2020-11-12,2T02,,,,,,,,,,,,,
2020-11-13T12:24:00-CME-001,M2M_CATALOG,2020-11-13T12:24Z,,,2020-11-13,3T12,,,,,,,,,,,,,
2020-11-17T08:36:00-CME-001,M2M_CATALOG,2020-11-17T08:36Z,,,2020-11-17,7T08,,,,,,,,,,,,,
2020-11-17T19:00:00-CME-001,M2M_CATALOG,2020-11-17T19:00Z,,,2020-11-17,7T19,,,,,,,,,,,,,
2020-10-28T13:42:00-CME-001,M2M_CATALOG,2020-10-28T13:42Z,,,2020-10-28,8T13,,,,,,,,,,,,,
2020-11-18T13:24:00-CME-001,M2M_CATALOG,2020-11-18T13:24Z,,,2020-11-18,8T13,,,,,,,,,,,,,
2020-11-18T13:36:00-CME-001,M2M_CATALOG,2020-11-18T13:36Z,,,2020-11-18,8T13,,,,,,,,,,,,,
2020-10-28T13:42:00-CME-001,M2M_CATALOG,2020-10-28T13:42Z,,,2020-10-28,8T13,,,,,,,,,,,,,
2020-11-18T13:24:00-CME-001,M2M_CATALOG,2020-11-18T13:24Z,,,2020-11-18,8T13,,,,,,,,,,,,,
2020-11-18T13:36:00-CME-001,M2M_CATALOG,2020-11-18T13:36Z,,,2020-11-18,8T13,,,,,,,,,,,,,
2020-11-18T21:48:00-CME-001,M2M_CATALOG,2020-11-18T21:48Z,S20E138,,2020-11-18,8T21,,,,,,,,,,,,,
2020-11-19T02:54:00-CME-001,M2M_CATALOG,2020-11-19T02:54Z,,,2020-11-19,9T02,,,,,,,,,,,,,
2020-11-19T03:12:00-CME-001,M2M_CATALOG,2020-11-19T03:12Z,N30E40,,2020-11-19,9T03,,,,,,,,,,,,,
2020-11-19T06:48:00-CME-001,M2M_CATALOG,2020-11-19T06:48Z,S23E49,,2020-11-19,9T06,,,,,,,,,,,,,
2020-11-19T15:12:00-CME-001,M2M_CATALOG,2020-11-19T15:12Z,,,2020-11-19,9T15,,,,,,,,,,,,,
2020-11-29T15:05:00-CME-001,M2M_CATALOG,2020-11-29T15:05Z,,12783.0,2020-11-29,9T15,,,,,,,,,,,,,
2020-11-20T19:51:00-CME-001,M2M_CATALOG,2020-11-20T19:51Z,,12783.0,2020-11-20,0T19,,,,,,,,,,,,,
2020-10-10T04:24:00-CME-001,M2M_CATALOG,2020-10-10T04:24Z,,,2020-10-10,0T04,,,,,,,,,,,,,
2020-10-13T21:12:00-CME-001,M2M_CATALOG,2020-10-13T21:12Z,S23W37,12775.0,2020-10-13,3T21,,,,,,,,,,,,,
2020-10-14T03:24:00-CME-001,M2M_CATALOG,2020-10-14T03:24Z,,,2020-10-14,4T03,,,,,,,,,,,,,
2020-10-15T11:24:00-CME-001,M2M_CATALOG,2020-10-15T11:24Z,,,2020-10-15,5T11,,,,,,,,,,,,,
2020-10-15T16:36:00-CME-001,M2M_CATALOG,2020-10-15T16:36Z,,,2020-10-15,5T16,,,,,,,,,,,,,
2020-10-16T13:36:00-CME-001,M2M_CATALOG,2020-10-16T13:36Z,,12774.0,2020-10-16,6T13,,,,,,,,,,,,,
2020-10-16T16:03:00-CME-001,M2M_CATALOG,2020-10-16T16:03Z,S23W66,12775.0,2020-10-16,6T16,,,,,,,,,,,,,
2020-10-18T09:24:00-CME-001,M2M_CATALOG,2020-10-18T09:24Z,,,2020-10-18,8T09,,,,,,,,,,,,,
2020-10-22T13:09:00-CME-001,M2M_CATALOG,2020-10-22T13:09Z,,,2020-10-22,2T13,,,,,,,,,,,,,
2020-10-23T04:39:00-CME-001,M2M_CATALOG,2020-10-23T04:39Z,,,2020-10-23,3T04,,,,,,,,,,,,,
2020-10-23T22:35:00-CME-001,M2M_CATALOG,2020-10-23T22:35Z,,,2020-10-23,3T22,,,,,,,,,,,,,
2020-10-26T09:12:00-CME-001,M2M_CATALOG,2020-10-26T09:12Z,,,2020-10-26,6T09,,,,,,,,,,,,,
2020-10-26T18:09:00-CME-001,M2M_CATALOG,2020-10-26T18:09Z,,,2020-10-26,6T18,,,,,,,,,,,,,
2020-10-27T03:39:00-CME-001,M2M_CATALOG,2020-10-27T03:39Z,,,2020-10-27,7T03,,,,,,,,,,,,,
2020-10-28T13:42:00-CME-001,M2M_CATALOG,2020-10-28T13:42Z,,,2020-10-28,8T13,,,,,,,,,,,,,
2020-11-18T13:24:00-CME-001,M2M_CATALOG,2020-11-18T13:24Z,,,2020-11-18,8T13,,,,,,,,,,,,,
2020-11-18T13:36:00-CME-001,M2M_CATALOG,2020-11-18T13:36Z,,,2020-11-18,8T13,,,,,,,,,,,,,
2020-10-29T01:54:00-CME-001,M2M_CATALOG,2020-10-29T01:54Z,S19W28,12779.0,2020-10-29,9T01,,,,,,,,,,,,,
2020-10-31T00:12:00-CME-001,M2M_CATALOG,2020-10-31T00:12Z,,,2020-10-31,1T00,,,,,,,,,,,,,
2020-12-11T00:36:00-CME-001,M2M_CATALOG,2020-12-11T00:36Z,,,2020-12-11,1T00,,,,,,,,,,,,,
2020-11-01T20:00:00-CME-001,M2M_CATALOG,2020-11-01T20:00Z,,,2020-11-01,1T20,,,,,,,,,,,,,
2020-11-02T05:24:00-CME-001,M2M_CATALOG,2020-11-02T05:24Z,,,2020-11-02,2T05,,,,,,,,,,,,,
2020-11-07T13:24:00-CME-001,M2M_CATALOG,2020-11-07T13:24Z,N19W01,12780.0,2020-11-07,7T13,,,,,,,,,,,,,
2020-11-08T20:12:00-CME-001,M2M_CATALOG,2020-11-08T20:12Z,,,2020-11-08,8T20,,,,,,,,,,,,,
2020-11-11T19:36:00-CME-001,M2M_CATALOG,2020-11-11T19:36Z,S22E60,12782.0,2020-11-11,1T19,,,,,,,,,,,,,
2020-11-21T19:36:00-CME-001,M2M_CATALOG,2020-11-21T19:36Z,,,2020-11-21,1T19,,,,,,,,,,,,,
2020-12-11T19:09:00-CME-001,M2M_CATALOG,2020-12-11T19:09Z,,12791.0,2020-12-11,1T19,,,,,,,,,,,,,
2020-11-12T02:24:00-CME-001,M2M_CATALOG,2020-11-12T02:24Z,,,2020-11-12,2T02,,,,,,,,,,,,,
2020-11-13T12:24:00-CME-001,M2M_CATALOG,2020-11-13T12:24Z,,,2020-11-13,3T12,,,,,,,,,,,,,
2020-11-17T08:36:00-CME-001,M2M_CATALOG,2020-11-17T08:36Z,,,2020-11-17,7T08,,,,,,,,,,,,,
2020-11-17T19:00:00-CME-001,M2M_CATALOG,2020-11-17T19:00Z,,,2020-11-17,7T19,,,,,,,,,,,,,
2020-10-28T13:42:00-CME-001,M2M_CATALOG,2020-10-28T13:42Z,,,2020-10-28,8T13,,,,,,,,,,,,,
2020-11-18T13:24:00-CME-001,M2M_CATALOG,2020-11-18T13:24Z,,,2020-11-18,8T13,,,,,,,,,,,,,
2020-11-18T13:36:00-CME-001,M2M_CATALOG,2020-11-18T13:36Z,,,2020-11-18,8T13,,,,,,,,,,,,,
2020-10-28T13:42:00-CME-001,M2M_CATALOG,2020-10-28T13:42Z,,,2020-10-28,8T13,,,,,,,,,,,,,
2020-11-18T13:24:00-CME-001,M2M_CATALOG,2020-11-18T13:24Z,,,2020-11-18,8T13,,,,,,,,,,,,,
2020-11-18T13:36:00-CME-001,M2M_CATALOG,2020-11-18T13:36Z,,,2020-11-18,8T13,,,,,,,,,,,,,
2020-11-18T21:48:00-CME-001,M2M_CATALOG,2020-11-18T21:48Z,S20E138,,2020-11-18,8T21,,,,,,,,,,,,,
2020-11-19T02:54:00-CME-001,M2M_CATALOG,2020-11-19T02:54Z,,,2020-11-19,9T02,,,,,,,,,,,,,
2020-11-19T03:12:00-CME-001,M2M_CATALOG,2020-11-19T03:12Z,N30E40,,2020-11-19,9T03,,,,,,,,,,,,,
2020-11-19T06:48:00-CME-001,M2M_CATALOG,2020-11-19T06:48Z,S23E49,,2020-11-19,9T06,,,,,,,,,,,,,
2020-11-19T15:12:00-CME-001,M2M_CATALOG,2020-11-19T15:12Z,,,2020-11-19,9T15,,,,,,,,,,,,,
2020-11-29T15:05:00-CME-001,M2M_CATALOG,2020-11-29T15:05Z,,12783.0,2020-11-29,9T15,,,,,,,,,,,,,
2020-11-20T19:51:00-CME-001,M2M_CATALOG,2020-11-20T19:51Z,,12783.0,2020-11-20,0T19,,,,,,,,,,,,,
2020-11-20T21:12:00-CME-001,M2M_CATALOG,2020-11-20T21:12Z,,,2020-11-20,0T21,,,,,,,,,,,,,
2020-11-11T19:36:00-CME-001,M2M_CATALOG,2020-11-11T19:36Z,S22E60,12782.0,2020-11-11,1T19,,,,,,,,,,,,,
2020-11-21T19:36:00-CME-001,M2M_CATALOG,2020-11-21T19:36Z,,,2020-11-21,1T19,,,,,,,,,,,,,
2020-12-11T19:09:00-CME-001,M2M_CATALOG,2020-12-11T19:09Z,,12791.0,2020-12-11,1T19,,,,,,,,,,,,,
2020-11-21T23:12:00-CME-001,M2M_CATALOG,2020-11-21T23:12Z,,,2020-11-21,1T23,,,,,,,,,,,,,
2020-11-22T01:36:00-CME-001,M2M_CATALOG,2020-11-22T01:36Z,,,2020-11-22,2T01,,,,,,,,,,,,,
2020-11-23T18:48:00-CME-001,M2M_CATALOG,2020-11-23T18:48Z,,,2020-11-23,3T18,,,,,,,,,,,,,
2020-11-24T04:36:00-CME-001,M2M_CATALOG,2020-11-24T04:36Z,S20E65,12785.0,2020-11-24,4T04,,,,,,,,,,,,,
2020-11-24T11:24:00-CME-001,M2M_CATALOG,2020-11-24T11:24Z,,,2020-11-24,4T11,,,,,,,,,,,,,
2020-12-04T11:09:00-CME-001,M2M_CATALOG,2020-12-04T11:09Z,,,2020-12-04,4T11,,,,,,,,,,,,,
2020-11-24T13:24:00-CME-001,M2M_CATALOG,2020-11-24T13:24Z,,,2020-11-24,4T13,,,,,,,,,,,,,
2020-11-26T08:24:00-CME-001,M2M_CATALOG,2020-11-26T08:24Z,,,2020-11-26,6T08,,,,,,,,,,,,,
2020-11-26T21:24:00-CME-001,M2M_CATALOG,2020-11-26T21:24Z,N32E90,12787.0,2020-11-26,6T21,,,,,,,,,,,,,
2020-11-27T05:48:00-CME-001,M2M_CATALOG,2020-11-27T05:48Z,,,2020-11-27,7T05,,,,,,,,,,,,,
2020-11-29T13:24:00-CME-001,M2M_CATALOG,2020-11-29T13:24Z,S23E97,,2020-11-29,9T13,,,,,,,,,,,,,
2020-11-19T15:12:00-CME-001,M2M_CATALOG,2020-11-19T15:12Z,,,2020-11-19,9T15,,,,,,,,,,,,,
2020-11-29T15:05:00-CME-001,M2M_CATALOG,2020-11-29T15:05Z,,12783.0,2020-11-29,9T15,,,,,,,,,,,,,
2020-11-30T07:09:00-CME-001,M2M_CATALOG,2020-11-30T07:09Z,,,2020-11-30,0T07,,,,,,,,,,,,,
2020-12-01T05:48:00-CME-001,M2M_CATALOG,2020-12-01T05:48Z,S25E80,12790.0,2020-12-01,1T05,,,,,,,,,,,,,
2020-12-01T07:12:00-CME-001,M2M_CATALOG,2020-12-01T07:12Z,N35E30,12787.0,2020-12-01,1T07,,,,,,,,,,,,,
2020-12-03T11:12:00-CME-001,M2M_CATALOG,2020-12-03T11:12Z,S30E137,,2020-12-03,3T11,,,,,,,,,,,,,
2020-12-04T02:48:00-CME-001,M2M_CATALOG,2020-12-04T02:48Z,,,2020-12-04,4T02,,,,,,,,,,,,,
2020-11-24T11:24:00-CME-001,M2M_CATALOG,2020-11-24T11:24Z,,,2020-11-24,4T11,,,,,,,,,,,,,
2020-12-04T11:09:00-CME-001,M2M_CATALOG,2020-12-04T11:09Z,,,2020-12-04,4T11,,,,,,,,,,,,,
2020-12-06T22:00:00-CME-001,M2M_CATALOG,2020-12-06T22:00Z,,,2020-12-06,6T22,,,,,,,,,,,,,
2020-12-07T16:24:00-CME-001,M2M_CATALOG,2020-12-07T16:24Z,S23W11,12790.0,2020-12-07,7T16,,,,,,,,,,,,,
2020-12-07T18:36:00-CME-001,M2M_CATALOG,2020-12-07T18:36Z,S40W30,,2020-12-07,7T18,,,,,,,,,,,,,
2020-10-31T00:12:00-CME-001,M2M_CATALOG,2020-10-31T00:12Z,,,2020-10-31,1T00,,,,,,,,,,,,,
2020-12-11T00:36:00-CME-001,M2M_CATALOG,2020-12-11T00:36Z,,,2020-12-11,1T00,,,,,,,,,,,,,
2020-11-11T19:36:00-CME-001,M2M_CATALOG,2020-11-11T19:36Z,S22E60,12782.0,2020-11-11,1T19,,,,,,,,,,,,,
2020-11-21T19:36:00-CME-001,M2M_CATALOG,2020-11-21T19:36Z,,,2020-11-21,1T19,,,,,,,,,,,,,
2020-12-11T19:09:00-CME-001,M2M_CATALOG,2020-12-11T19:09Z,,12791.0,2020-12-11,1T19,,,,,,,,,,,,,
2020-12-12T04:12:00-CME-001,M2M_CATALOG,2020-12-12T04:12Z,,,2020-12-12,2T04,,,,,,,,,,,,,
2020-12-13T09:24:00-CME-001,M2M_CATALOG,2020-12-13T09:24Z,,,2020-12-13,3T09,,,,,,,,,,,,,
2020-12-14T15:12:00-CME-001,M2M_CATALOG,2020-12-14T15:12Z,S22E44,12792.0,2020-12-14,4T15,,,,,,,,,,,,,
2020-12-14T21:12:00-CME-001,M2M_CATALOG,2020-12-14T21:12Z,N40E110,,2020-12-14,4T21,,,,,,,,,,,,,
2020-12-17T06:48:00-CME-001,M2M_CATALOG,2020-12-17T06:48Z,,,2020-12-17,7T06,,,,,,,,,,,,,
2020-12-27T00:48:00-CME-001,M2M_CATALOG,2020-12-27T00:48Z,,,2020-12-27,7T00,,,,,,,,,,,,,
2020-12-30T02:24:00-CME-001,M2M_CATALOG,2020-12-30T02:24Z,S20E08,12795.0,2020-12-30,0T02,,,,,,,,,,,,,
2020-10-10T04:24:00-CME-001,M2M_CATALOG,2020-10-10T04:24Z,,,2020-10-10,0T04,,,,,,,,,,,,,
2020-10-13T21:12:00-CME-001,M2M_CATALOG,2020-10-13T21:12Z,S23W37,12775.0,2020-10-13,3T21,,,,,,,,,,,,,
2020-10-14T03:24:00-CME-001,M2M_CATALOG,2020-10-14T03:24Z,,,2020-10-14,4T03,,,,,,,,,,,,,
2020-10-15T11:24:00-CME-001,M2M_CATALOG,2020-10-15T11:24Z,,,2020-10-15,5T11,,,,,,,,,,,,,
2020-10-15T16:36:00-CME-001,M2M_CATALOG,2020-10-15T16:36Z,,,2020-10-15,5T16,,,,,,,,,,,,,
2020-10-16T13:36:00-CME-001,M2M_CATALOG,2020-10-16T13:36Z,,12774.0,2020-10-16,6T13,,,,,,,,,,,,,
2020-10-16T16:03:00-CME-001,M2M_CATALOG,2020-10-16T16:03Z,S23W66,12775.0,2020-10-16,6T16,,,,,,,,,,,,,
2020-10-18T09:24:00-CME-001,M2M_CATALOG,2020-10-18T09:24Z,,,2020-10-18,8T09,,,,,,,,,,,,,
2020-10-22T13:09:00-CME-001,M2M_CATALOG,2020-10-22T13:09Z,,,2020-10-22,2T13,,,,,,,,,,,,,
2020-10-23T04:39:00-CME-001,M2M_CATALOG,2020-10-23T04:39Z,,,2020-10-23,3T04,,,,,,,,,,,,,
2020-10-23T22:35:00-CME-001,M2M_CATALOG,2020-10-23T22:35Z,,,2020-10-23,3T22,,,,,,,,,,,,,
2020-10-26T09:12:00-CME-001,M2M_CATALOG,2020-10-26T09:12Z,,,2020-10-26,6T09,,,,,,,,,,,,,
2020-10-26T18:09:00-CME-001,M2M_CATALOG,2020-10-26T18:09Z,,,2020-10-26,6T18,,,,,,,,,,,,,
2020-10-27T03:39:00-CME-001,M2M_CATALOG,2020-10-27T03:39Z,,,2020-10-27,7T03,,,,,,,,,,,,,
2020-10-28T13:42:00-CME-001,M2M_CATALOG,2020-10-28T13:42Z,,,2020-10-28,8T13,,,,,,,,,,,,,
2020-11-18T13:24:00-CME-001,M2M_CATALOG,2020-11-18T13:24Z,,,2020-11-18,8T13,,,,,,,,,,,,,
2020-11-18T13:36:00-CME-001,M2M_CATALOG,2020-11-18T13:36Z,,,2020-11-18,8T13,,,,,,,,,,,,,
2020-10-29T01:54:00-CME-001,M2M_CATALOG,2020-10-29T01:54Z,S19W28,12779.0,2020-10-29,9T01,,,,,,,,,,,,,
2020-10-31T00:12:00-CME-001,M2M_CATALOG,2020-10-31T00:12Z,,,2020-10-31,1T00,,,,,,,,,,,,,
2020-12-11T00:36:00-CME-001,M2M_CATALOG,2020-12-11T00:36Z,,,2020-12-11,1T00,,,,,,,,,,,,,
2020-11-01T20:00:00-CME-001,M2M_CATALOG,2020-11-01T20:00Z,,,2020-11-01,1T20,,,,,,,,,,,,,
2020-11-02T05:24:00-CME-001,M2M_CATALOG,2020-11-02T05:24Z,,,2020-11-02,2T05,,,,,,,,,,,,,
2020-11-07T13:24:00-CME-001,M2M_CATALOG,2020-11-07T13:24Z,N19W01,12780.0,2020-11-07,7T13,,,,,,,,,,,,,
2020-11-08T20:12:00-CME-001,M2M_CATALOG,2020-11-08T20:12Z,,,2020-11-08,8T20,,,,,,,,,,,,,
2020-11-11T19:36:00-CME-001,M2M_CATALOG,2020-11-11T19:36Z,S22E60,12782.0,2020-11-11,1T19,,,,,,,,,,,,,
2020-11-21T19:36:00-CME-001,M2M_CATALOG,2020-11-21T19:36Z,,,2020-11-21,1T19,,,,,,,,,,,,,
2020-12-11T19:09:00-CME-001,M2M_CATALOG,2020-12-11T19:09Z,,12791.0,2020-12-11,1T19,,,,,,,,,,,,,
2020-11-12T02:24:00-CME-001,M2M_CATALOG,2020-11-12T02:24Z,,,2020-11-12,2T02,,,,,,,,,,,,,
2020-11-13T12:24:00-CME-001,M2M_CATALOG,2020-11-13T12:24Z,,,2020-11-13,3T12,,,,,,,,,,,,,
2020-11-17T08:36:00-CME-001,M2M_CATALOG,2020-11-17T08:36Z,,,2020-11-17,7T08,,,,,,,,,,,,,
2020-11-17T19:00:00-CME-001,M2M_CATALOG,2020-11-17T19:00Z,,,2020-11-17,7T19,,,,,,,,,,,,,
2020-10-28T13:42:00-CME-001,M2M_CATALOG,2020-10-28T13:42Z,,,2020-10-28,8T13,,,,,,,,,,,,,
2020-11-18T13:24:00-CME-001,M2M_CATALOG,2020-11-18T13:24Z,,,2020-11-18,8T13,,,,,,,,,,,,,
2020-11-18T13:36:00-CME-001,M2M_CATALOG,2020-11-18T13:36Z,,,2020-11-18,8T13,,,,,,,,,,,,,
2020-10-28T13:42:00-CME-001,M2M_CATALOG,2020-10-28T13:42Z,,,2020-10-28,8T13,,,,,,,,,,,,,
2020-11-18T13:24:00-CME-001,M2M_CATALOG,2020-11-18T13:24Z,,,2020-11-18,8T13,,,,,,,,,,,,,
2020-11-18T13:36:00-CME-001,M2M_CATALOG,2020-11-18T13:36Z,,,2020-11-18,8T13,,,,,,,,,,,,,
2020-11-18T21:48:00-CME-001,M2M_CATALOG,2020-11-18T21:48Z,S20E138,,2020-11-18,8T21,,,,,,,,,,,,,
2020-11-19T02:54:00-CME-001,M2M_CATALOG,2020-11-19T02:54Z,,,2020-11-19,9T02,,,,,,,,,,,,,
2020-11-19T03:12:00-CME-001,M2M_CATALOG,2020-11-19T03:12Z,N30E40,,2020-11-19,9T03,,,,,,,,,,,,,
2020-11-19T06:48:00-CME-001,M2M_CATALOG,2020-11-19T06:48Z,S23E49,,2020-11-19,9T06,,,,,,,,,,,,,
2020-11-19T15:12:00-CME-001,M2M_CATALOG,2020-11-19T15:12Z,,,2020-11-19,9T15,,,,,,,,,,,,,
2020-11-29T15:05:00-CME-001,M2M_CATALOG,2020-11-29T15:05Z,,12783.0,2020-11-29,9T15,,,,,,,,,,,,,
2020-10-10T04:24:00-CME-001,M2M_CATALOG,2020-10-10T04:24Z,,,2020-10-10,0T04,,,,,,,,,,,,,
2020-10-13T21:12:00-CME-001,M2M_CATALOG,2020-10-13T21:12Z,S23W37,12775.0,2020-10-13,3T21,,,,,,,,,,,,,
2020-10-14T03:24:00-CME-001,M2M_CATALOG,2020-10-14T03:24Z,,,2020-10-14,4T03,,,,,,,,,,,,,
2020-10-15T11:24:00-CME-001,M2M_CATALOG,2020-10-15T11:24Z,,,2020-10-15,5T11,,,,,,,,,,,,,
2020-10-15T16:36:00-CME-001,M2M_CATALOG,2020-10-15T16:36Z,,,2020-10-15,5T16,,,,,,,,,,,,,
2020-10-16T13:36:00-CME-001,M2M_CATALOG,2020-10-16T13:36Z,,12774.0,2020-10-16,6T13,,,,,,,,,,,,,
2020-10-16T16:03:00-CME-001,M2M_CATALOG,2020-10-16T16:03Z,S23W66,12775.0,2020-10-16,6T16,,,,,,,,,,,,,
2020-10-18T09:24:00-CME-001,M2M_CATALOG,2020-10-18T09:24Z,,,2020-10-18,8T09,,,,,,,,,,,,,
2020-10-22T13:09:00-CME-001,M2M_CATALOG,2020-10-22T13:09Z,,,2020-10-22,2T13,,,,,,,,,,,,,
2020-11-02T05:24:00-CME-001,M2M_CATALOG,2020-11-02T05:24Z,,,2020-11-02,2T05,,,,,,,,,,,,,
2020-11-07T13:24:00-CME-001,M2M_CATALOG,2020-11-07T13:24Z,N19W01,12780.0,2020-11-07,7T13,,,,,,,,,,,,,
2020-11-08T20:12:00-CME-001,M2M_CATALOG,2020-11-08T20:12Z,,,2020-11-08,8T20,,,,,,,,,,,,,
2020-11-11T19:36:00-CME-001,M2M_CATALOG,2020-11-11T19:36Z,S22E60,12782.0,2020-11-11,1T19,,,,,,,,,,,,,
2020-11-21T19:36:00-CME-001,M2M_CATALOG,2020-11-21T19:36Z,,,2020-11-21,1T19,,,,,,,,,,,,,
2020-12-11T19:09:00-CME-001,M2M_CATALOG,2020-12-11T19:09Z,,12791.0,2020-12-11,1T19,,,,,,,,,,,,,
2020-11-12T02:24:00-CME-001,M2M_CATALOG,2020-11-12T02:24Z,,,2020-11-12,2T02,,,,,,,,,,,,,
2020-11-13T12:24:00-CME-001,M2M_CATALOG,2020-11-13T12:24Z,,,2020-11-13,3T12,,,,,,,,,,,,,
2020-11-17T08:36:00-CME-001,M2M_CATALOG,2020-11-17T08:36Z,,,2020-11-17,7T08,,,,,,,,,,,,,
2020-11-17T19:00:00-CME-001,M2M_CATALOG,2020-11-17T19:00Z,,,2020-11-17,7T19,,,,,,,,,,,,,
2020-11-18T21:48:00-CME-001,M2M_CATALOG,2020-11-18T21:48Z,S20E138,,2020-11-18,8T21,,,,,,,,,,,,,
2020-11-19T02:54:00-CME-001,M2M_CATALOG,2020-11-19T02:54Z,,,2020-11-19,9T02,,,,,,,,,,,,,
2020-11-27T05:48:00-CME-001,M2M_CATALOG,2020-11-27T05:48Z,,,2020-11-27,7T05,,,,,,,,,,,,,
2020-11-29T13:24:00-CME-001,M2M_CATALOG,2020-11-29T13:24Z,S23E97,,2020-11-29,9T13,,,,,,,,,,,,,
2020-11-30T07:09:00-CME-001,M2M_CATALOG,2020-11-30T07:09Z,,,2020-11-30,0T07,,,,,,,,,,,,,
2020-12-01T05:48:00-CME-001,M2M_CATALOG,2020-12-01T05:48Z,S25E80,12790.0,2020-12-01,1T05,,,,,,,,,,,,,
2020-12-01T07:12:00-CME-001,M2M_CATALOG,2020-12-01T07:12Z,N35E30,12787.0,2020-12-01,1T07,,,,,,,,,,,,,
2020-12-03T11:12:00-CME-001,M2M_CATALOG,2020-12-03T11:12Z,S30E137,,2020-12-03,3T11,,,,,,,,,,,,,
2020-12-04T02:48:00-CME-001,M2M_CATALOG,2020-12-04T02:48Z,,,2020-12-04,4T02,,,,,,,,,,,,,
2020-12-06T22:00:00-CME-001,M2M_CATALOG,2020-12-06T22:00Z,,,2020-12-06,6T22,,,,,,,,,,,,,
2020-12-07T16:24:00-CME-001,M2M_CATALOG,2020-12-07T16:24Z,S23W11,12790.0,2020-12-07,7T16,,,,,,,,,,,,,
2020-12-07T18:36:00-CME-001,M2M_CATALOG,2020-12-07T18:36Z,S40W30,,2020-12-07,7T18,,,,,,,,,,,,,
2020-12-17T06:48:00-CME-001,M2M_CATALOG,2020-12-17T06:48Z,,,2020-12-17,7T06,,,,,,,,,,,,,
2020-12-27T00:48:00-CME-001,M2M_CATALOG,2020-12-27T00:48Z,,,2020-12-27,7T00,,,,,,,,,,,,,
2020-12-30T02:24:00-CME-001,M2M_CATALOG,2020-12-30T02:24Z,S20E08,12795.0,2020-12-30,0T02,,,,,,,,,,,,,
2020-10-10T04:24:00-CME-001,M2M_CATALOG,2020-10-10T04:24Z,,,2020-10-10,0T04,,,,,,,,,,,,,
2020-10-13T21:12:00-CME-001,M2M_CATALOG,2020-10-13T21:12Z,S23W37,12775.0,2020-10-13,3T21,,,,,,,,,,,,,
2020-10-14T03:24:00-CME-001,M2M_CATALOG,2020-10-14T03:24Z,,,2020-10-14,4T03,,,,,,,,,,,,,
2020-10-15T11:24:00-CME-001,M2M_CATALOG,2020-10-15T11:24Z,,,2020-10-15,5T11,2986.0,6c1c5f1d-4306-40e6-8fa4-c4bf5b2bea18,Sierra Nevada,Maharaj,Fruit Beer,Fuggle,3638 - Bavarian Wheat,Victory,92 IBU,5.7%,16.9°Blg,Estados Unidos,1979.0
2020-10-15T16:36:00-CME-001,M2M_CATALOG,2020-10-15T16:36Z,,,2020-10-15,5T16,,,,,,,,,,,,,
2020-10-16T13:36:00-CME-001,M2M_CATALOG,2020-10-16T13:36Z,,12774.0,2020-10-16,6T13,,,,,,,,,,,,,
2020-10-16T16:03:00-CME-001,M2M_CATALOG,2020-10-16T16:03Z,S23W66,12775.0,2020-10-16,6T16,,,,,,,,,,,,,
2020-10-18T09:24:00-CME-001,M2M_CATALOG,2020-10-18T09:24Z,,,2020-10-18,8T09,,,,,,,,,,,,,
2020-10-22T13:09:00-CME-001,M2M_CATALOG,2020-10-22T13:09Z,,,2020-10-22,2T13,,,,,,,,,,,,,
2020-11-02T05:24:00-CME-001,M2M_CATALOG,2020-11-02T05:24Z,,,2020-11-02,2T05,,,,,,,,,,,,,
2020-11-07T13:24:00-CME-001,M2M_CATALOG,2020-11-07T13:24Z,N19W01,12780.0,2020-11-07,7T13,,,,,,,,,,,,,
2020-11-08T20:12:00-CME-001,M2M_CATALOG,2020-11-08T20:12Z,,,2020-11-08,8T20,,,,,,,,,,,,,
2020-11-11T19:36:00-CME-001,M2M_CATALOG,2020-11-11T19:36Z,S22E60,12782.0,2020-11-11,1T19,,,,,,,,,,,,,
2020-11-21T19:36:00-CME-001,M2M_CATALOG,2020-11-21T19:36Z,,,2020-11-21,1T19,,,,,,,,,,,,,
2020-12-11T19:09:00-CME-001,M2M_CATALOG,2020-12-11T19:09Z,,12791.0,2020-12-11,1T19,,,,,,,,,,,,,
2020-11-12T02:24:00-CME-001,M2M_CATALOG,2020-11-12T02:24Z,,,2020-11-12,2T02,,,,,,,,,,,,,
2020-11-13T12:24:00-CME-001,M2M_CATALOG,2020-11-13T12:24Z,,,2020-11-13,3T12,,,,,,,,,,,,,
2020-11-17T08:36:00-CME-001,M2M_CATALOG,2020-11-17T08:36Z,,,2020-11-17,7T08,,,,,,,,,,,,,
2020-11-17T19:00:00-CME-001,M2M_CATALOG,2020-11-17T19:00Z,,,2020-11-17,7T19,,,,,,,,,,,,,
2020-11-18T21:48:00-CME-001,M2M_CATALOG,2020-11-18T21:48Z,S20E138,,2020-11-18,8T21,,,,,,,,,,,,,
2020-11-19T02:54:00-CME-001,M2M_CATALOG,2020-11-19T02:54Z,,,2020-11-19,9T02,,,,,,,,,,,,,
2020-11-27T05:48:00-CME-001,M2M_CATALOG,2020-11-27T05:48Z,,,2020-11-27,7T05,,,,,,,,,,,,,
2020-11-29T13:24:00-CME-001,M2M_CATALOG,2020-11-29T13:24Z,S23E97,,2020-11-29,9T13,,,,,,,,,,,,,
2020-11-30T07:09:00-CME-001,M2M_CATALOG,2020-11-30T07:09Z,,,2020-11-30,0T07,,,,,,,,,,,,,
2020-12-01T05:48:00-CME-001,M2M_CATALOG,2020-12-01T05:48Z,S25E80,12790.0,2020-12-01,1T05,,,,,,,,,,,,,
2020-12-01T07:12:00-CME-001,M2M_CATALOG,2020-12-01T07:12Z,N35E30,12787.0,2020-12-01,1T07,,,,,,,,,,,,,
2020-12-03T11:12:00-CME-001,M2M_CATALOG,2020-12-03T11:12Z,S30E137,,2020-12-03,3T11,,,,,,,,,,,,,
2020-12-04T02:48:00-CME-001,M2M_CATALOG,2020-12-04T02:48Z,,,2020-12-04,4T02,,,,,,,,,,,,,
2020-12-06T22:00:00-CME-001,M2M_CATALOG,2020-12-06T22:00Z,,,2020-12-06,6T22,,,,,,,,,,,,,
2020-12-07T16:24:00-CME-001,M2M_CATALOG,2020-12-07T16:24Z,S23W11,12790.0,2020-12-07,7T16,,,,,,,,,,,,,
2020-12-07T18:36:00-CME-001,M2M_CATALOG,2020-12-07T18:36Z,S40W30,,2020-12-07,7T18,,,,,,,,,,,,,
2020-12-17T06:48:00-CME-001,M2M_CATALOG,2020-12-17T06:48Z,,,2020-12-17,7T06,,,,,,,,,,,,,
2020-12-27T00:48:00-CME-001,M2M_CATALOG,2020-12-27T00:48Z,,,2020-12-27,7T00,,,,,,,,,,,,,
2020-12-30T02:24:00-CME-001,M2M_CATALOG,2020-12-30T02:24Z,S20E08,12795.0,2020-12-30,0T02,,,,,,,,,,,,,
2020-10-10T04:24:00-CME-001,M2M_CATALOG,2020-10-10T04:24Z,,,2020-10-10,0T04,,,,,,,,,,,,,
2020-10-13T21:12:00-CME-001,M2M_CATALOG,2020-10-13T21:12Z,S23W37,12775.0,2020-10-13,3T21,,,,,,,,,,,,,
2020-10-14T03:24:00-CME-001,M2M_CATALOG,2020-10-14T03:24Z,,,2020-10-14,4T03,,,,,,,,,,,,,
2020-10-15T11:24:00-CME-001,M2M_CATALOG,2020-10-15T11:24Z,,,2020-10-15,5T11,,,,,,,,,,,,,
2020-10-15T16:36:00-CME-001,M2M_CATALOG,2020-10-15T16:36Z,,,2020-10-15,5T16,,,,,,,,,,,,,
2020-10-16T13:36:00-CME-001,M2M_CATALOG,2020-10-16T13:36Z,,12774.0,2020-10-16,6T13,,,,,,,,,,,,,
2020-10-16T16:03:00-CME-001,M2M_CATALOG,2020-10-16T16:03Z,S23W66,12775.0,2020-10-16,6T16,,,,,,,,,,,,,
2020-10-18T09:24:00-CME-001,M2M_CATALOG,2020-10-18T09:24Z,,,2020-10-18,8T09,3022.0,647f5e33-a7fa-40c9-bcf4-81c5cd26760c,Sapporo,Trappistes Rochefort 8,European Amber Lager,Santiam,3942 - Belgian Wheat,Special roast,74 IBU,5.6%,19.5°Blg,Japon,1876.0
2020-10-22T13:09:00-CME-001,M2M_CATALOG,2020-10-22T13:09Z,,,2020-10-22,2T13,,,,,,,,,,,,,
2020-11-02T05:24:00-CME-001,M2M_CATALOG,2020-11-02T05:24Z,,,2020-11-02,2T05,,,,,,,,,,,,,
2020-11-07T13:24:00-CME-001,M2M_CATALOG,2020-11-07T13:24Z,N19W01,12780.0,2020-11-07,7T13,,,,,,,,,,,,,
2020-11-08T20:12:00-CME-001,M2M_CATALOG,2020-11-08T20:12Z,,,2020-11-08,8T20,,,,,,,,,,,,,
2020-11-11T19:36:00-CME-001,M2M_CATALOG,2020-11-11T19:36Z,S22E60,12782.0,2020-11-11,1T19,,,,,,,,,,,,,
2020-11-21T19:36:00-CME-001,M2M_CATALOG,2020-11-21T19:36Z,,,2020-11-21,1T19,,,,,,,,,,,,,
2020-12-11T19:09:00-CME-001,M2M_CATALOG,2020-12-11T19:09Z,,12791.0,2020-12-11,1T19,,,,,,,,,,,,,
2020-11-12T02:24:00-CME-001,M2M_CATALOG,2020-11-12T02:24Z,,,2020-11-12,2T02,,,,,,,,,,,,,
2020-11-13T12:24:00-CME-001,M2M_CATALOG,2020-11-13T12:24Z,,,2020-11-13,3T12,,,,,,,,,,,,,
2020-11-17T08:36:00-CME-001,M2M_CATALOG,2020-11-17T08:36Z,,,2020-11-17,7T08,,,,,,,,,,,,,
2020-11-17T19:00:00-CME-001,M2M_CATALOG,2020-11-17T19:00Z,,,2020-11-17,7T19,,,,,,,,,,,,,
2020-11-18T21:48:00-CME-001,M2M_CATALOG,2020-11-18T21:48Z,S20E138,,2020-11-18,8T21,,,,,,,,,,,,,
2020-11-19T02:54:00-CME-001,M2M_CATALOG,2020-11-19T02:54Z,,,2020-11-19,9T02,,,,,,,,,,,,,
2020-11-27T05:48:00-CME-001,M2M_CATALOG,2020-11-27T05:48Z,,,2020-11-27,7T05,,,,,,,,,,,,,
2020-11-29T13:24:00-CME-001,M2M_CATALOG,2020-11-29T13:24Z,S23E97,,2020-11-29,9T13,,,,,,,,,,,,,
2020-11-30T07:09:00-CME-001,M2M_CATALOG,2020-11-30T07:09Z,,,2020-11-30,0T07,,,,,,,,,,,,,
2020-12-01T05:48:00-CME-001,M2M_CATALOG,2020-12-01T05:48Z,S25E80,12790.0,2020-12-01,1T05,,,,,,,,,,,,,
2020-12-01T07:12:00-CME-001,M2M_CATALOG,2020-12-01T07:12Z,N35E30,12787.0,2020-12-01,1T07,,,,,,,,,,,,,
2020-12-03T11:12:00-CME-001,M2M_CATALOG,2020-12-03T11:12Z,S30E137,,2020-12-03,3T11,,,,,,,,,,,,,
2020-12-04T02:48:00-CME-001,M2M_CATALOG,2020-12-04T02:48Z,,,2020-12-04,4T02,,,,,,,,,,,,,
2020-12-06T22:00:00-CME-001,M2M_CATALOG,2020-12-06T22:00Z,,,2020-12-06,6T22,,,,,,,,,,,,,
2020-12-07T16:24:00-CME-001,M2M_CATALOG,2020-12-07T16:24Z,S23W11,12790.0,2020-12-07,7T16,,,,,,,,,,,,,
2020-12-07T18:36:00-CME-001,M2M_CATALOG,2020-12-07T18:36Z,S40W30,,2020-12-07,7T18,,,,,,,,,,,,,
2020-12-17T06:48:00-CME-001,M2M_CATALOG,2020-12-17T06:48Z,,,2020-12-17,7T06,,,,,,,,,,,,,
2020-12-27T00:48:00-CME-001,M2M_CATALOG,2020-12-27T00:48Z,,,2020-12-27,7T00,,,,,,,,,,,,,
2020-12-30T02:24:00-CME-001,M2M_CATALOG,2020-12-30T02:24Z,S20E08,12795.0,2020-12-30,0T02,,,,,,,,,,,,,
2020-10-23T04:39:00-CME-001,M2M_CATALOG,2020-10-23T04:39Z,,,2020-10-23,3T04,,,,,,,,,,,,,
2020-10-23T22:35:00-CME-001,M2M_CATALOG,2020-10-23T22:35Z,,,2020-10-23,3T22,,,,,,,,,,,,,
2020-10-10T04:24:00-CME-001,M2M_CATALOG,2020-10-10T04:24Z,,,2020-10-10,0T04,,,,,,,,,,,,,
2020-10-13T21:12:00-CME-001,M2M_CATALOG,2020-10-13T21:12Z,S23W37,12775.0,2020-10-13,3T21,,,,,,,,,,,,,
2020-10-14T03:24:00-CME-001,M2M_CATALOG,2020-10-14T03:24Z,,,2020-10-14,4T03,3051.0,5cd17cb5-0a71-4040-ae7c-7f40e2aade79,BudLight,Pliny The Elder,Scottish And Irish Ale,Millennium,1469 - West Yorkshire Ale,Special roast,43 IBU,9.5%,15.7°Blg,Estados Unidos,1982.0
2020-10-15T11:24:00-CME-001,M2M_CATALOG,2020-10-15T11:24Z,,,2020-10-15,5T11,,,,,,,,,,,,,
2020-10-15T16:36:00-CME-001,M2M_CATALOG,2020-10-15T16:36Z,,,2020-10-15,5T16,,,,,,,,,,,,,
2020-10-16T13:36:00-CME-001,M2M_CATALOG,2020-10-16T13:36Z,,12774.0,2020-10-16,6T13,,,,,,,,,,,,,
2020-10-16T16:03:00-CME-001,M2M_CATALOG,2020-10-16T16:03Z,S23W66,12775.0,2020-10-16,6T16,,,,,,,,,,,,,
2020-10-18T09:24:00-CME-001,M2M_CATALOG,2020-10-18T09:24Z,,,2020-10-18,8T09,,,,,,,,,,,,,
2020-10-22T13:09:00-CME-001,M2M_CATALOG,2020-10-22T13:09Z,,,2020-10-22,2T13,,,,,,,,,,,,,
2020-10-23T04:39:00-CME-001,M2M_CATALOG,2020-10-23T04:39Z,,,2020-10-23,3T04,,,,,,,,,,,,,
2020-10-23T22:35:00-CME-001,M2M_CATALOG,2020-10-23T22:35Z,,,2020-10-23,3T22,,,,,,,,,,,,,
2020-10-26T09:12:00-CME-001,M2M_CATALOG,2020-10-26T09:12Z,,,2020-10-26,6T09,,,,,,,,,,,,,
2020-10-26T18:09:00-CME-001,M2M_CATALOG,2020-10-26T18:09Z,,,2020-10-26,6T18,,,,,,,,,,,,,
2020-10-27T03:39:00-CME-001,M2M_CATALOG,2020-10-27T03:39Z,,,2020-10-27,7T03,,,,,,,,,,,,,
2020-10-28T13:42:00-CME-001,M2M_CATALOG,2020-10-28T13:42Z,,,2020-10-28,8T13,,,,,,,,,,,,,
2020-11-18T13:24:00-CME-001,M2M_CATALOG,2020-11-18T13:24Z,,,2020-11-18,8T13,,,,,,,,,,,,,
2020-11-18T13:36:00-CME-001,M2M_CATALOG,2020-11-18T13:36Z,,,2020-11-18,8T13,,,,,,,,,,,,,
2020-10-29T01:54:00-CME-001,M2M_CATALOG,2020-10-29T01:54Z,S19W28,12779.0,2020-10-29,9T01,,,,,,,,,,,,,
2020-10-31T00:12:00-CME-001,M2M_CATALOG,2020-10-31T00:12Z,,,2020-10-31,1T00,,,,,,,,,,,,,
2020-12-11T00:36:00-CME-001,M2M_CATALOG,2020-12-11T00:36Z,,,2020-12-11,1T00,,,,,,,,,,,,,
2020-11-01T20:00:00-CME-001,M2M_CATALOG,2020-11-01T20:00Z,,,2020-11-01,1T20,,,,,,,,,,,,,
2020-11-02T05:24:00-CME-001,M2M_CATALOG,2020-11-02T05:24Z,,,2020-11-02,2T05,,,,,,,,,,,,,
2020-11-07T13:24:00-CME-001,M2M_CATALOG,2020-11-07T13:24Z,N19W01,12780.0,2020-11-07,7T13,,,,,,,,,,,,,
2020-11-08T20:12:00-CME-001,M2M_CATALOG,2020-11-08T20:12Z,,,2020-11-08,8T20,,,,,,,,,,,,,
2020-11-11T19:36:00-CME-001,M2M_CATALOG,2020-11-11T19:36Z,S22E60,12782.0,2020-11-11,1T19,,,,,,,,,,,,,
2020-11-21T19:36:00-CME-001,M2M_CATALOG,2020-11-21T19:36Z,,,2020-11-21,1T19,,,,,,,,,,,,,
2020-12-11T19:09:00-CME-001,M2M_CATALOG,2020-12-11T19:09Z,,12791.0,2020-12-11,1T19,,,,,,,,,,,,,
2020-11-12T02:24:00-CME-001,M2M_CATALOG,2020-11-12T02:24Z,,,2020-11-12,2T02,,,,,,,,,,,,,
2020-11-13T12:24:00-CME-001,M2M_CATALOG,2020-11-13T12:24Z,,,2020-11-13,3T12,,,,,,,,,,,,,
2020-11-17T08:36:00-CME-001,M2M_CATALOG,2020-11-17T08:36Z,,,2020-11-17,7T08,,,,,,,,,,,,,
2020-11-17T19:00:00-CME-001,M2M_CATALOG,2020-11-17T19:00Z,,,2020-11-17,7T19,,,,,,,,,,,,,
2020-10-28T13:42:00-CME-001,M2M_CATALOG,2020-10-28T13:42Z,,,2020-10-28,8T13,,,,,,,,,,,,,
2020-11-18T13:24:00-CME-001,M2M_CATALOG,2020-11-18T13:24Z,,,2020-11-18,8T13,,,,,,,,,,,,,
2020-11-18T13:36:00-CME-001,M2M_CATALOG,2020-11-18T13:36Z,,,2020-11-18,8T13,,,,,,,,,,,,,
2020-10-28T13:42:00-CME-001,M2M_CATALOG,2020-10-28T13:42Z,,,2020-10-28,8T13,,,,,,,,,,,,,
2020-11-18T13:24:00-CME-001,M2M_CATALOG,2020-11-18T13:24Z,,,2020-11-18,8T13,,,,,,,,,,,,,
2020-11-18T13:36:00-CME-001,M2M_CATALOG,2020-11-18T13:36Z,,,2020-11-18,8T13,,,,,,,,,,,,,
2020-11-18T21:48:00-CME-001,M2M_CATALOG,2020-11-18T21:48Z,S20E138,,2020-11-18,8T21,,,,,,,,,,,,,
2020-11-19T02:54:00-CME-001,M2M_CATALOG,2020-11-19T02:54Z,,,2020-11-19,9T02,,,,,,,,,,,,,
2020-11-19T03:12:00-CME-001,M2M_CATALOG,2020-11-19T03:12Z,N30E40,,2020-11-19,9T03,,,,,,,,,,,,,
2020-11-19T06:48:00-CME-001,M2M_CATALOG,2020-11-19T06:48Z,S23E49,,2020-11-19,9T06,,,,,,,,,,,,,
2020-11-19T15:12:00-CME-001,M2M_CATALOG,2020-11-19T15:12Z,,,2020-11-19,9T15,,,,,,,,,,,,,
2020-11-29T15:05:00-CME-001,M2M_CATALOG,2020-11-29T15:05Z,,12783.0,2020-11-29,9T15,,,,,,,,,,,,,
2020-11-20T19:51:00-CME-001,M2M_CATALOG,2020-11-20T19:51Z,,12783.0,2020-11-20,0T19,,,,,,,,,,,,,
2020-11-20T21:12:00-CME-001,M2M_CATALOG,2020-11-20T21:12Z,,,2020-11-20,0T21,,,,,,,,,,,,,
2020-11-11T19:36:00-CME-001,M2M_CATALOG,2020-11-11T19:36Z,S22E60,12782.0,2020-11-11,1T19,,,,,,,,,,,,,
2020-11-21T19:36:00-CME-001,M2M_CATALOG,2020-11-21T19:36Z,,,2020-11-21,1T19,,,,,,,,,,,,,
2020-12-11T19:09:00-CME-001,M2M_CATALOG,2020-12-11T19:09Z,,12791.0,2020-12-11,1T19,,,,,,,,,,,,,
2020-11-21T23:12:00-CME-001,M2M_CATALOG,2020-11-21T23:12Z,,,2020-11-21,1T23,,,,,,,,,,,,,
2020-11-22T01:36:00-CME-001,M2M_CATALOG,2020-11-22T01:36Z,,,2020-11-22,2T01,,,,,,,,,,,,,
2020-11-23T18:48:00-CME-001,M2M_CATALOG,2020-11-23T18:48Z,,,2020-11-23,3T18,,,,,,,,,,,,,
2020-11-24T04:36:00-CME-001,M2M_CATALOG,2020-11-24T04:36Z,S20E65,12785.0,2020-11-24,4T04,,,,,,,,,,,,,
2020-11-24T11:24:00-CME-001,M2M_CATALOG,2020-11-24T11:24Z,,,2020-11-24,4T11,,,,,,,,,,,,,
2020-12-04T11:09:00-CME-001,M2M_CATALOG,2020-12-04T11:09Z,,,2020-12-04,4T11,,,,,,,,,,,,,
2020-11-24T13:24:00-CME-001,M2M_CATALOG,2020-11-24T13:24Z,,,2020-11-24,4T13,,,,,,,,,,,,,
2020-11-26T08:24:00-CME-001,M2M_CATALOG,2020-11-26T08:24Z,,,2020-11-26,6T08,,,,,,,,,,,,,
2020-11-26T21:24:00-CME-001,M2M_CATALOG,2020-11-26T21:24Z,N32E90,12787.0,2020-11-26,6T21,3092.0,96404ae0-0e01-4e14-815a-ccdf019d3252,Leffe,Samuel Smith’s Imperial IPA,Sour Ale,Glacier,2000 - Budvar Lager,Black malt,65 IBU,3.5%,14.8°Blg,Belgica,1240.0
2020-11-27T05:48:00-CME-001,M2M_CATALOG,2020-11-27T05:48Z,,,2020-11-27,7T05,,,,,,,,,,,,,
2020-11-29T13:24:00-CME-001,M2M_CATALOG,2020-11-29T13:24Z,S23E97,,2020-11-29,9T13,,,,,,,,,,,,,
2020-11-19T15:12:00-CME-001,M2M_CATALOG,2020-11-19T15:12Z,,,2020-11-19,9T15,,,,,,,,,,,,,
2020-11-29T15:05:00-CME-001,M2M_CATALOG,2020-11-29T15:05Z,,12783.0,2020-11-29,9T15,,,,,,,,,,,,,
2020-11-30T07:09:00-CME-001,M2M_CATALOG,2020-11-30T07:09Z,,,2020-11-30,0T07,,,,,,,,,,,,,
2020-12-01T05:48:00-CME-001,M2M_CATALOG,2020-12-01T05:48Z,S25E80,12790.0,2020-12-01,1T05,,,,,,,,,,,,,
2020-12-01T07:12:00-CME-001,M2M_CATALOG,2020-12-01T07:12Z,N35E30,12787.0,2020-12-01,1T07,,,,,,,,,,,,,
2020-12-03T11:12:00-CME-001,M2M_CATALOG,2020-12-03T11:12Z,S30E137,,2020-12-03,3T11,,,,,,,,,,,,,
2020-12-04T02:48:00-CME-001,M2M_CATALOG,2020-12-04T02:48Z,,,2020-12-04,4T02,,,,,,,,,,,,,
2020-11-24T11:24:00-CME-001,M2M_CATALOG,2020-11-24T11:24Z,,,2020-11-24,4T11,,,,,,,,,,,,,
2020-12-04T11:09:00-CME-001,M2M_CATALOG,2020-12-04T11:09Z,,,2020-12-04,4T11,,,,,,,,,,,,,
2020-12-06T22:00:00-CME-001,M2M_CATALOG,2020-12-06T22:00Z,,,2020-12-06,6T22,,,,,,,,,,,,,
2020-12-07T16:24:00-CME-001,M2M_CATALOG,2020-12-07T16:24Z,S23W11,12790.0,2020-12-07,7T16,,,,,,,,,,,,,
2020-12-07T18:36:00-CME-001,M2M_CATALOG,2020-12-07T18:36Z,S40W30,,2020-12-07,7T18,,,,,,,,,,,,,
2020-10-31T00:12:00-CME-001,M2M_CATALOG,2020-10-31T00:12Z,,,2020-10-31,1T00,,,,,,,,,,,,,
2020-12-11T00:36:00-CME-001,M2M_CATALOG,2020-12-11T00:36Z,,,2020-12-11,1T00,,,,,,,,,,,,,
2020-11-11T19:36:00-CME-001,M2M_CATALOG,2020-11-11T19:36Z,S22E60,12782.0,2020-11-11,1T19,,,,,,,,,,,,,
2020-11-21T19:36:00-CME-001,M2M_CATALOG,2020-11-21T19:36Z,,,2020-11-21,1T19,,,,,,,,,,,,,
2020-12-11T19:09:00-CME-001,M2M_CATALOG,2020-12-11T19:09Z,,12791.0,2020-12-11,1T19,,,,,,,,,,,,,
2020-12-12T04:12:00-CME-001,M2M_CATALOG,2020-12-12T04:12Z,,,2020-12-12,2T04,,,,,,,,,,,,,
2020-12-13T09:24:00-CME-001,M2M_CATALOG,2020-12-13T09:24Z,,,2020-12-13,3T09,,,,,,,,,,,,,
2020-12-14T15:12:00-CME-001,M2M_CATALOG,2020-12-14T15:12Z,S22E44,12792.0,2020-12-14,4T15,,,,,,,,,,,,,
2020-12-14T21:12:00-CME-001,M2M_CATALOG,2020-12-14T21:12Z,N40E110,,2020-12-14,4T21,,,,,,,,,,,,,
2020-12-17T06:48:00-CME-001,M2M_CATALOG,2020-12-17T06:48Z,,,2020-12-17,7T06,,,,,,,,,,,,,
2020-12-27T00:48:00-CME-001,M2M_CATALOG,2020-12-27T00:48Z,,,2020-12-27,7T00,,,,,,,,,,,,,
2020-12-30T02:24:00-CME-001,M2M_CATALOG,2020-12-30T02:24Z,S20E08,12795.0,2020-12-30,0T02,,,,,,,,,,,,,
2020-10-10T04:24:00-CME-001,M2M_CATALOG,2020-10-10T04:24Z,,,2020-10-10,0T04,,,,,,,,,,,,,
2020-10-13T21:12:00-CME-001,M2M_CATALOG,2020-10-13T21:12Z,S23W37,12775.0,2020-10-13,3T21,,,,,,,,,,,,,
2020-10-14T03:24:00-CME-001,M2M_CATALOG,2020-10-14T03:24Z,,,2020-10-14,4T03,,,,,,,,,,,,,
2020-10-15T11:24:00-CME-001,M2M_CATALOG,2020-10-15T11:24Z,,,2020-10-15,5T11,,,,,,,,,,,,,
2020-10-15T16:36:00-CME-001,M2M_CATALOG,2020-10-15T16:36Z,,,2020-10-15,5T16,,,,,,,,,,,,,
2020-10-16T13:36:00-CME-001,M2M_CATALOG,2020-10-16T13:36Z,,12774.0,2020-10-16,6T13,,,,,,,,,,,,,
2020-10-16T16:03:00-CME-001,M2M_CATALOG,2020-10-16T16:03Z,S23W66,12775.0,2020-10-16,6T16,,,,,,,,,,,,,
2020-10-18T09:24:00-CME-001,M2M_CATALOG,2020-10-18T09:24Z,,,2020-10-18,8T09,,,,,,,,,,,,,
2020-10-22T13:09:00-CME-001,M2M_CATALOG,2020-10-22T13:09Z,,,2020-10-22,2T13,,,,,,,,,,,,,
2020-10-23T04:39:00-CME-001,M2M_CATALOG,2020-10-23T04:39Z,,,2020-10-23,3T04,,,,,,,,,,,,,
2020-10-23T22:35:00-CME-001,M2M_CATALOG,2020-10-23T22:35Z,,,2020-10-23,3T22,,,,,,,,,,,,,
2020-10-26T09:12:00-CME-001,M2M_CATALOG,2020-10-26T09:12Z,,,2020-10-26,6T09,,,,,,,,,,,,,
2020-10-26T18:09:00-CME-001,M2M_CATALOG,2020-10-26T18:09Z,,,2020-10-26,6T18,,,,,,,,,,,,,
2020-10-27T03:39:00-CME-001,M2M_CATALOG,2020-10-27T03:39Z,,,2020-10-27,7T03,,,,,,,,,,,,,
2020-10-28T13:42:00-CME-001,M2M_CATALOG,2020-10-28T13:42Z,,,2020-10-28,8T13,,,,,,,,,,,,,
2020-11-18T13:24:00-CME-001,M2M_CATALOG,2020-11-18T13:24Z,,,2020-11-18,8T13,,,,,,,,,,,,,
2020-11-18T13:36:00-CME-001,M2M_CATALOG,2020-11-18T13:36Z,,,2020-11-18,8T13,,,,,,,,,,,,,
2020-10-29T01:54:00-CME-001,M2M_CATALOG,2020-10-29T01:54Z,S19W28,12779.0,2020-10-29,9T01,,,,,,,,,,,,,
2020-10-31T00:12:00-CME-001,M2M_CATALOG,2020-10-31T00:12Z,,,2020-10-31,1T00,,,,,,,,,,,,,
2020-12-11T00:36:00-CME-001,M2M_CATALOG,2020-12-11T00:36Z,,,2020-12-11,1T00,,,,,,,,,,,,,
2020-11-01T20:00:00-CME-001,M2M_CATALOG,2020-11-01T20:00Z,,,2020-11-01,1T20,,,,,,,,,,,,,
2020-11-02T05:24:00-CME-001,M2M_CATALOG,2020-11-02T05:24Z,,,2020-11-02,2T05,,,,,,,,,,,,,
2020-11-07T13:24:00-CME-001,M2M_CATALOG,2020-11-07T13:24Z,N19W01,12780.0,2020-11-07,7T13,,,,,,,,,,,,,
2020-11-08T20:12:00-CME-001,M2M_CATALOG,2020-11-08T20:12Z,,,2020-11-08,8T20,,,,,,,,,,,,,
2020-11-11T19:36:00-CME-001,M2M_CATALOG,2020-11-11T19:36Z,S22E60,12782.0,2020-11-11,1T19,,,,,,,,,,,,,
2020-11-21T19:36:00-CME-001,M2M_CATALOG,2020-11-21T19:36Z,,,2020-11-21,1T19,,,,,,,,,,,,,
2020-12-11T19:09:00-CME-001,M2M_CATALOG,2020-12-11T19:09Z,,12791.0,2020-12-11,1T19,,,,,,,,,,,,,
2020-11-12T02:24:00-CME-001,M2M_CATALOG,2020-11-12T02:24Z,,,2020-11-12,2T02,,,,,,,,,,,,,
2020-11-13T12:24:00-CME-001,M2M_CATALOG,2020-11-13T12:24Z,,,2020-11-13,3T12,,,,,,,,,,,,,
2020-11-17T08:36:00-CME-001,M2M_CATALOG,2020-11-17T08:36Z,,,2020-11-17,7T08,,,,,,,,,,,,,
2020-11-17T19:00:00-CME-001,M2M_CATALOG,2020-11-17T19:00Z,,,2020-11-17,7T19,,,,,,,,,,,,,
2020-10-28T13:42:00-CME-001,M2M_CATALOG,2020-10-28T13:42Z,,,2020-10-28,8T13,,,,,,,,,,,,,
2020-11-18T13:24:00-CME-001,M2M_CATALOG,2020-11-18T13:24Z,,,2020-11-18,8T13,,,,,,,,,,,,,
2020-11-18T13:36:00-CME-001,M2M_CATALOG,2020-11-18T13:36Z,,,2020-11-18,8T13,,,,,,,,,,,,,
2020-10-28T13:42:00-CME-001,M2M_CATALOG,2020-10-28T13:42Z,,,2020-10-28,8T13,,,,,,,,,,,,,
2020-11-18T13:24:00-CME-001,M2M_CATALOG,2020-11-18T13:24Z,,,2020-11-18,8T13,,,,,,,,,,,,,
2020-11-18T13:36:00-CME-001,M2M_CATALOG,2020-11-18T13:36Z,,,2020-11-18,8T13,,,,,,,,,,,,,
2020-11-18T21:48:00-CME-001,M2M_CATALOG,2020-11-18T21:48Z,S20E138,,2020-11-18,8T21,,,,,,,,,,,,,
2020-11-19T02:54:00-CME-001,M2M_CATALOG,2020-11-19T02:54Z,,,2020-11-19,9T02,,,,,,,,,,,,,
2020-11-19T03:12:00-CME-001,M2M_CATALOG,2020-11-19T03:12Z,N30E40,,2020-11-19,9T03,,,,,,,,,,,,,
2020-11-19T06:48:00-CME-001,M2M_CATALOG,2020-11-19T06:48Z,S23E49,,2020-11-19,9T06,,,,,,,,,,,,,
2020-11-19T15:12:00-CME-001,M2M_CATALOG,2020-11-19T15:12Z,,,2020-11-19,9T15,,,,,,,,,,,,,
2020-11-29T15:05:00-CME-001,M2M_CATALOG,2020-11-29T15:05Z,,12783.0,2020-11-29,9T15,,,,,,,,,,,,,
2020-11-20T19:51:00-CME-001,M2M_CATALOG,2020-11-20T19:51Z,,12783.0,2020-11-20,0T19,,,,,,,,,,,,,
2020-10-10T04:24:00-CME-001,M2M_CATALOG,2020-10-10T04:24Z,,,2020-10-10,0T04,,,,,,,,,,,,,
2020-10-13T21:12:00-CME-001,M2M_CATALOG,2020-10-13T21:12Z,S23W37,12775.0,2020-10-13,3T21,,,,,,,,,,,,,
2020-10-14T03:24:00-CME-001,M2M_CATALOG,2020-10-14T03:24Z,,,2020-10-14,4T03,,,,,,,,,,,,,
2020-10-15T11:24:00-CME-001,M2M_CATALOG,2020-10-15T11:24Z,,,2020-10-15,5T11,,,,,,,,,,,,,
2020-10-15T16:36:00-CME-001,M2M_CATALOG,2020-10-15T16:36Z,,,2020-10-15,5T16,,,,,,,,,,,,,
2020-10-16T13:36:00-CME-001,M2M_CATALOG,2020-10-16T13:36Z,,12774.0,2020-10-16,6T13,,,,,,,,,,,,,
2020-10-16T16:03:00-CME-001,M2M_CATALOG,2020-10-16T16:03Z,S23W66,12775.0,2020-10-16,6T16,,,,,,,,,,,,,
2020-10-18T09:24:00-CME-001,M2M_CATALOG,2020-10-18T09:24Z,,,2020-10-18,8T09,,,,,,,,,,,,,
2020-10-22T13:09:00-CME-001,M2M_CATALOG,2020-10-22T13:09Z,,,2020-10-22,2T13,,,,,,,,,,,,,
2020-10-23T04:39:00-CME-001,M2M_CATALOG,2020-10-23T04:39Z,,,2020-10-23,3T04,,,,,,,,,,,,,
2020-10-23T22:35:00-CME-001,M2M_CATALOG,2020-10-23T22:35Z,,,2020-10-23,3T22,,,,,,,,,,,,,
2020-10-26T09:12:00-CME-001,M2M_CATALOG,2020-10-26T09:12Z,,,2020-10-26,6T09,,,,,,,,,,,,,
2020-10-26T18:09:00-CME-001,M2M_CATALOG,2020-10-26T18:09Z,,,2020-10-26,6T18,,,,,,,,,,,,,
2020-10-27T03:39:00-CME-001,M2M_CATALOG,2020-10-27T03:39Z,,,2020-10-27,7T03,,,,,,,,,,,,,
2020-10-28T13:42:00-CME-001,M2M_CATALOG,2020-10-28T13:42Z,,,2020-10-28,8T13,,,,,,,,,,,,,
2020-11-18T13:24:00-CME-001,M2M_CATALOG,2020-11-18T13:24Z,,,2020-11-18,8T13,,,,,,,,,,,,,
2020-11-18T13:36:00-CME-001,M2M_CATALOG,2020-11-18T13:36Z,,,2020-11-18,8T13,,,,,,,,,,,,,
2020-10-29T01:54:00-CME-001,M2M_CATALOG,2020-10-29T01:54Z,S19W28,12779.0,2020-10-29,9T01,,,,,,,,,,,,,
2020-10-31T00:12:00-CME-001,M2M_CATALOG,2020-10-31T00:12Z,,,2020-10-31,1T00,,,,,,,,,,,,,
2020-12-11T00:36:00-CME-001,M2M_CATALOG,2020-12-11T00:36Z,,,2020-12-11,1T00,,,,,,,,,,,,,
2020-11-01T20:00:00-CME-001,M2M_CATALOG,2020-11-01T20:00Z,,,2020-11-01,1T20,,,,,,,,,,,,,
2020-11-02T05:24:00-CME-001,M2M_CATALOG,2020-11-02T05:24Z,,,2020-11-02,2T05,,,,,,,,,,,,,
2020-11-07T13:24:00-CME-001,M2M_CATALOG,2020-11-07T13:24Z,N19W01,12780.0,2020-11-07,7T13,,,,,,,,,,,,,
2020-11-08T20:12:00-CME-001,M2M_CATALOG,2020-11-08T20:12Z,,,2020-11-08,8T20,,,,,,,,,,,,,
2020-11-11T19:36:00-CME-001,M2M_CATALOG,2020-11-11T19:36Z,S22E60,12782.0,2020-11-11,1T19,,,,,,,,,,,,,
2020-11-21T19:36:00-CME-001,M2M_CATALOG,2020-11-21T19:36Z,,,2020-11-21,1T19,,,,,,,,,,,,,
2020-12-11T19:09:00-CME-001,M2M_CATALOG,2020-12-11T19:09Z,,12791.0,2020-12-11,1T19,,,,,,,,,,,,,
2020-11-12T02:24:00-CME-001,M2M_CATALOG,2020-11-12T02:24Z,,,2020-11-12,2T02,,,,,,,,,,,,,
2020-11-13T12:24:00-CME-001,M2M_CATALOG,2020-11-13T12:24Z,,,2020-11-13,3T12,,,,,,,,,,,,,
2020-11-17T08:36:00-CME-001,M2M_CATALOG,2020-11-17T08:36Z,,,2020-11-17,7T08,,,,,,,,,,,,,
2020-11-17T19:00:00-CME-001,M2M_CATALOG,2020-11-17T19:00Z,,,2020-11-17,7T19,,,,,,,,,,,,,
2020-10-28T13:42:00-CME-001,M2M_CATALOG,2020-10-28T13:42Z,,,2020-10-28,8T13,,,,,,,,,,,,,
2020-11-18T13:24:00-CME-001,M2M_CATALOG,2020-11-18T13:24Z,,,2020-11-18,8T13,,,,,,,,,,,,,
2020-11-18T13:36:00-CME-001,M2M_CATALOG,2020-11-18T13:36Z,,,2020-11-18,8T13,,,,,,,,,,,,,
2020-10-28T13:42:00-CME-001,M2M_CATALOG,2020-10-28T13:42Z,,,2020-10-28,8T13,,,,,,,,,,,,,
2020-11-18T13:24:00-CME-001,M2M_CATALOG,2020-11-18T13:24Z,,,2020-11-18,8T13,,,,,,,,,,,,,
2020-11-18T13:36:00-CME-001,M2M_CATALOG,2020-11-18T13:36Z,,,2020-11-18,8T13,,,,,,,,,,,,,
2020-11-18T21:48:00-CME-001,M2M_CATALOG,2020-11-18T21:48Z,S20E138,,2020-11-18,8T21,,,,,,,,,,,,,
2020-11-19T02:54:00-CME-001,M2M_CATALOG,2020-11-19T02:54Z,,,2020-11-19,9T02,,,,,,,,,,,,,
2020-11-19T03:12:00-CME-001,M2M_CATALOG,2020-11-19T03:12Z,N30E40,,2020-11-19,9T03,,,,,,,,,,,,,
2020-11-19T06:48:00-CME-001,M2M_CATALOG,2020-11-19T06:48Z,S23E49,,2020-11-19,9T06,,,,,,,,,,,,,
2020-11-19T15:12:00-CME-001,M2M_CATALOG,2020-11-19T15:12Z,,,2020-11-19,9T15,,,,,,,,,,,,,
2020-11-29T15:05:00-CME-001,M2M_CATALOG,2020-11-29T15:05Z,,12783.0,2020-11-29,9T15,,,,,,,,,,,,,
2020-11-20T19:51:00-CME-001,M2M_CATALOG,2020-11-20T19:51Z,,12783.0,2020-11-20,0T19,,,,,,,,,,,,,
2020-11-20T21:12:00-CME-001,M2M_CATALOG,2020-11-20T21:12Z,,,2020-11-20,0T21,,,,,,,,,,,,,
2020-11-11T19:36:00-CME-001,M2M_CATALOG,2020-11-11T19:36Z,S22E60,12782.0,2020-11-11,1T19,,,,,,,,,,,,,
2020-11-21T19:36:00-CME-001,M2M_CATALOG,2020-11-21T19:36Z,,,2020-11-21,1T19,,,,,,,,,,,,,
2020-12-11T19:09:00-CME-001,M2M_CATALOG,2020-12-11T19:09Z,,12791.0,2020-12-11,1T19,,,,,,,,,,,,,
2020-11-21T23:12:00-CME-001,M2M_CATALOG,2020-11-21T23:12Z,,,2020-11-21,1T23,,,,,,,,,,,,,
2020-11-22T01:36:00-CME-001,M2M_CATALOG,2020-11-22T01:36Z,,,2020-11-22,2T01,,,,,,,,,,,,,
2020-11-23T18:48:00-CME-001,M2M_CATALOG,2020-11-23T18:48Z,,,2020-11-23,3T18,,,,,,,,,,,,,
2020-11-24T04:36:00-CME-001,M2M_CATALOG,2020-11-24T04:36Z,S20E65,12785.0,2020-11-24,4T04,,,,,,,,,,,,,
2020-11-24T11:24:00-CME-001,M2M_CATALOG,2020-11-24T11:24Z,,,2020-11-24,4T11,,,,,,,,,,,,,
2020-12-04T11:09:00-CME-001,M2M_CATALOG,2020-12-04T11:09Z,,,2020-12-04,4T11,,,,,,,,,,,,,
2020-11-24T13:24:00-CME-001,M2M_CATALOG,2020-11-24T13:24Z,,,2020-11-24,4T13,,,,,,,,,,,,,
2020-11-26T08:24:00-CME-001,M2M_CATALOG,2020-11-26T08:24Z,,,2020-11-26,6T08,,,,,,,,,,,,,
2020-11-26T21:24:00-CME-001,M2M_CATALOG,2020-11-26T21:24Z,N32E90,12787.0,2020-11-26,6T21,,,,,,,,,,,,,
2020-11-27T05:48:00-CME-001,M2M_CATALOG,2020-11-27T05:48Z,,,2020-11-27,7T05,,,,,,,,,,,,,
2020-11-29T13:24:00-CME-001,M2M_CATALOG,2020-11-29T13:24Z,S23E97,,2020-11-29,9T13,,,,,,,,,,,,,
2020-11-19T15:12:00-CME-001,M2M_CATALOG,2020-11-19T15:12Z,,,2020-11-19,9T15,,,,,,,,,,,,,
2020-11-29T15:05:00-CME-001,M2M_CATALOG,2020-11-29T15:05Z,,12783.0,2020-11-29,9T15,,,,,,,,,,,,,
2020-11-30T07:09:00-CME-001,M2M_CATALOG,2020-11-30T07:09Z,,,2020-11-30,0T07,,,,,,,,,,,,,
2020-12-01T05:48:00-CME-001,M2M_CATALOG,2020-12-01T05:48Z,S25E80,12790.0,2020-12-01,1T05,,,,,,,,,,,,,
2020-12-01T07:12:00-CME-001,M2M_CATALOG,2020-12-01T07:12Z,N35E30,12787.0,2020-12-01,1T07,,,,,,,,,,,,,
2020-12-03T11:12:00-CME-001,M2M_CATALOG,2020-12-03T11:12Z,S30E137,,2020-12-03,3T11,,,,,,,,,,,,,
2020-12-04T02:48:00-CME-001,M2M_CATALOG,2020-12-04T02:48Z,,,2020-12-04,4T02,,,,,,,,,,,,,
2020-11-24T11:24:00-CME-001,M2M_CATALOG,2020-11-24T11:24Z,,,2020-11-24,4T11,,,,,,,,,,,,,
2020-12-04T11:09:00-CME-001,M2M_CATALOG,2020-12-04T11:09Z,,,2020-12-04,4T11,,,,,,,,,,,,,
2020-12-06T22:00:00-CME-001,M2M_CATALOG,2020-12-06T22:00Z,,,2020-12-06,6T22,,,,,,,,,,,,,
2020-12-07T16:24:00-CME-001,M2M_CATALOG,2020-12-07T16:24Z,S23W11,12790.0,2020-12-07,7T16,,,,,,,,,,,,,
2020-12-07T18:36:00-CME-001,M2M_CATALOG,2020-12-07T18:36Z,S40W30,,2020-12-07,7T18,,,,,,,,,,,,,
2020-10-31T00:12:00-CME-001,M2M_CATALOG,2020-10-31T00:12Z,,,2020-10-31,1T00,,,,,,,,,,,,,
2020-12-11T00:36:00-CME-001,M2M_CATALOG,2020-12-11T00:36Z,,,2020-12-11,1T00,,,,,,,,,,,,,
2020-11-11T19:36:00-CME-001,M2M_CATALOG,2020-11-11T19:36Z,S22E60,12782.0,2020-11-11,1T19,,,,,,,,,,,,,
2020-11-21T19:36:00-CME-001,M2M_CATALOG,2020-11-21T19:36Z,,,2020-11-21,1T19,,,,,,,,,,,,,
2020-12-11T19:09:00-CME-001,M2M_CATALOG,2020-12-11T19:09Z,,12791.0,2020-12-11,1T19,,,,,,,,,,,,,
2020-12-12T04:12:00-CME-001,M2M_CATALOG,2020-12-12T04:12Z,,,2020-12-12,2T04,,,,,,,,,,,,,
2020-12-13T09:24:00-CME-001,M2M_CATALOG,2020-12-13T09:24Z,,,2020-12-13,3T09,,,,,,,,,,,,,
2020-12-14T15:12:00-CME-001,M2M_CATALOG,2020-12-14T15:12Z,S22E44,12792.0,2020-12-14,4T15,,,,,,,,,,,,,
2020-12-14T21:12:00-CME-001,M2M_CATALOG,2020-12-14T21:12Z,N40E110,,2020-12-14,4T21,,,,,,,,,,,,,
2020-12-17T06:48:00-CME-001,M2M_CATALOG,2020-12-17T06:48Z,,,2020-12-17,7T06,,,,,,,,,,,,,
2020-12-27T00:48:00-CME-001,M2M_CATALOG,2020-12-27T00:48Z,,,2020-12-27,7T00,,,,,,,,,,,,,
2020-12-30T02:24:00-CME-001,M2M_CATALOG,2020-12-30T02:24Z,S20E08,12795.0,2020-12-30,0T02,,,,,,,,,,,,,
2020-10-10T04:24:00-CME-001,M2M_CATALOG,2020-10-10T04:24Z,,,2020-10-10,0T04,,,,,,,,,,,,,
2020-10-13T21:12:00-CME-001,M2M_CATALOG,2020-10-13T21:12Z,S23W37,12775.0,2020-10-13,3T21,,,,,,,,,,,,,
2020-10-14T03:24:00-CME-001,M2M_CATALOG,2020-10-14T03:24Z,,,2020-10-14,4T03,,,,,,,,,,,,,
2020-10-15T11:24:00-CME-001,M2M_CATALOG,2020-10-15T11:24Z,,,2020-10-15,5T11,,,,,,,,,,,,,
2020-10-15T16:36:00-CME-001,M2M_CATALOG,2020-10-15T16:36Z,,,2020-10-15,5T16,,,,,,,,,,,,,
2020-10-16T13:36:00-CME-001,M2M_CATALOG,2020-10-16T13:36Z,,12774.0,2020-10-16,6T13,,,,,,,,,,,,,
2020-10-16T16:03:00-CME-001,M2M_CATALOG,2020-10-16T16:03Z,S23W66,12775.0,2020-10-16,6T16,,,,,,,,,,,,,
2020-10-18T09:24:00-CME-001,M2M_CATALOG,2020-10-18T09:24Z,,,2020-10-18,8T09,,,,,,,,,,,,,
2020-10-22T13:09:00-CME-001,M2M_CATALOG,2020-10-22T13:09Z,,,2020-10-22,2T13,,,,,,,,,,,,,
2020-10-23T04:39:00-CME-001,M2M_CATALOG,2020-10-23T04:39Z,,,2020-10-23,3T04,,,,,,,,,,,,,
2020-10-23T22:35:00-CME-001,M2M_CATALOG,2020-10-23T22:35Z,,,2020-10-23,3T22,,,,,,,,,,,,,
2020-10-26T09:12:00-CME-001,M2M_CATALOG,2020-10-26T09:12Z,,,2020-10-26,6T09,,,,,,,,,,,,,
2020-10-26T18:09:00-CME-001,M2M_CATALOG,2020-10-26T18:09Z,,,2020-10-26,6T18,,,,,,,,,,,,,
2020-10-27T03:39:00-CME-001,M2M_CATALOG,2020-10-27T03:39Z,,,2020-10-27,7T03,,,,,,,,,,,,,
2020-10-28T13:42:00-CME-001,M2M_CATALOG,2020-10-28T13:42Z,,,2020-10-28,8T13,,,,,,,,,,,,,
2020-11-18T13:24:00-CME-001,M2M_CATALOG,2020-11-18T13:24Z,,,2020-11-18,8T13,,,,,,,,,,,,,
2020-11-18T13:36:00-CME-001,M2M_CATALOG,2020-11-18T13:36Z,,,2020-11-18,8T13,,,,,,,,,,,,,
2020-10-29T01:54:00-CME-001,M2M_CATALOG,2020-10-29T01:54Z,S19W28,12779.0,2020-10-29,9T01,,,,,,,,,,,,,
2020-10-31T00:12:00-CME-001,M2M_CATALOG,2020-10-31T00:12Z,,,2020-10-31,1T00,,,,,,,,,,,,,
2020-12-11T00:36:00-CME-001,M2M_CATALOG,2020-12-11T00:36Z,,,2020-12-11,1T00,,,,,,,,,,,,,
2020-11-01T20:00:00-CME-001,M2M_CATALOG,2020-11-01T20:00Z,,,2020-11-01,1T20,,,,,,,,,,,,,
2020-11-02T05:24:00-CME-001,M2M_CATALOG,2020-11-02T05:24Z,,,2020-11-02,2T05,,,,,,,,,,,,,
2020-11-07T13:24:00-CME-001,M2M_CATALOG,2020-11-07T13:24Z,N19W01,12780.0,2020-11-07,7T13,,,,,,,,,,,,,
2020-11-08T20:12:00-CME-001,M2M_CATALOG,2020-11-08T20:12Z,,,2020-11-08,8T20,,,,,,,,,,,,,
2020-11-11T19:36:00-CME-001,M2M_CATALOG,2020-11-11T19:36Z,S22E60,12782.0,2020-11-11,1T19,,,,,,,,,,,,,
2020-11-21T19:36:00-CME-001,M2M_CATALOG,2020-11-21T19:36Z,,,2020-11-21,1T19,,,,,,,,,,,,,
2020-12-11T19:09:00-CME-001,M2M_CATALOG,2020-12-11T19:09Z,,12791.0,2020-12-11,1T19,,,,,,,,,,,,,
2020-11-12T02:24:00-CME-001,M2M_CATALOG,2020-11-12T02:24Z,,,2020-11-12,2T02,,,,,,,,,,,,,
2020-11-13T12:24:00-CME-001,M2M_CATALOG,2020-11-13T12:24Z,,,2020-11-13,3T12,,,,,,,,,,,,,
2020-11-17T08:36:00-CME-001,M2M_CATALOG,2020-11-17T08:36Z,,,2020-11-17,7T08,,,,,,,,,,,,,
2020-11-17T19:00:00-CME-001,M2M_CATALOG,2020-11-17T19:00Z,,,2020-11-17,7T19,,,,,,,,,,,,,
2020-10-28T13:42:00-CME-001,M2M_CATALOG,2020-10-28T13:42Z,,,2020-10-28,8T13,,,,,,,,,,,,,
2020-11-18T13:24:00-CME-001,M2M_CATALOG,2020-11-18T13:24Z,,,2020-11-18,8T13,,,,,,,,,,,,,
2020-11-18T13:36:00-CME-001,M2M_CATALOG,2020-11-18T13:36Z,,,2020-11-18,8T13,,,,,,,,,,,,,
2020-10-28T13:42:00-CME-001,M2M_CATALOG,2020-10-28T13:42Z,,,2020-10-28,8T13,,,,,,,,,,,,,
2020-11-18T13:24:00-CME-001,M2M_CATALOG,2020-11-18T13:24Z,,,2020-11-18,8T13,,,,,,,,,,,,,
2020-11-18T13:36:00-CME-001,M2M_CATALOG,2020-11-18T13:36Z,,,2020-11-18,8T13,,,,,,,,,,,,,
2020-11-18T21:48:00-CME-001,M2M_CATALOG,2020-11-18T21:48Z,S20E138,,2020-11-18,8T21,,,,,,,,,,,,,
2020-11-19T02:54:00-CME-001,M2M_CATALOG,2020-11-19T02:54Z,,,2020-11-19,9T02,,,,,,,,,,,,,
2020-11-19T03:12:00-CME-001,M2M_CATALOG,2020-11-19T03:12Z,N30E40,,2020-11-19,9T03,,,,,,,,,,,,,
2020-11-19T06:48:00-CME-001,M2M_CATALOG,2020-11-19T06:48Z,S23E49,,2020-11-19,9T06,,,,,,,,,,,,,
2020-11-19T15:12:00-CME-001,M2M_CATALOG,2020-11-19T15:12Z,,,2020-11-19,9T15,,,,,,,,,,,,,
2020-11-29T15:05:00-CME-001,M2M_CATALOG,2020-11-29T15:05Z,,12783.0,2020-11-29,9T15,,,,,,,,,,,,,
2020-10-10T04:24:00-CME-001,M2M_CATALOG,2020-10-10T04:24Z,,,2020-10-10,0T04,,,,,,,,,,,,,
2020-10-13T21:12:00-CME-001,M2M_CATALOG,2020-10-13T21:12Z,S23W37,12775.0,2020-10-13,3T21,,,,,,,,,,,,,
2020-10-14T03:24:00-CME-001,M2M_CATALOG,2020-10-14T03:24Z,,,2020-10-14,4T03,,,,,,,,,,,,,
2020-10-15T11:24:00-CME-001,M2M_CATALOG,2020-10-15T11:24Z,,,2020-10-15,5T11,,,,,,,,,,,,,
2020-10-15T16:36:00-CME-001,M2M_CATALOG,2020-10-15T16:36Z,,,2020-10-15,5T16,,,,,,,,,,,,,
2020-10-16T13:36:00-CME-001,M2M_CATALOG,2020-10-16T13:36Z,,12774.0,2020-10-16,6T13,,,,,,,,,,,,,
2020-10-16T16:03:00-CME-001,M2M_CATALOG,2020-10-16T16:03Z,S23W66,12775.0,2020-10-16,6T16,,,,,,,,,,,,,
2020-10-18T09:24:00-CME-001,M2M_CATALOG,2020-10-18T09:24Z,,,2020-10-18,8T09,,,,,,,,,,,,,
2020-10-22T13:09:00-CME-001,M2M_CATALOG,2020-10-22T13:09Z,,,2020-10-22,2T13,,,,,,,,,,,,,
2020-11-02T05:24:00-CME-001,M2M_CATALOG,2020-11-02T05:24Z,,,2020-11-02,2T05,,,,,,,,,,,,,
2020-11-07T13:24:00-CME-001,M2M_CATALOG,2020-11-07T13:24Z,N19W01,12780.0,2020-11-07,7T13,,,,,,,,,,,,,
2020-11-08T20:12:00-CME-001,M2M_CATALOG,2020-11-08T20:12Z,,,2020-11-08,8T20,,,,,,,,,,,,,
2020-11-11T19:36:00-CME-001,M2M_CATALOG,2020-11-11T19:36Z,S22E60,12782.0,2020-11-11,1T19,,,,,,,,,,,,,
2020-11-21T19:36:00-CME-001,M2M_CATALOG,2020-11-21T19:36Z,,,2020-11-21,1T19,,,,,,,,,,,,,
2020-12-11T19:09:00-CME-001,M2M_CATALOG,2020-12-11T19:09Z,,12791.0,2020-12-11,1T19,,,,,,,,,,,,,
2020-11-12T02:24:00-CME-001,M2M_CATALOG,2020-11-12T02:24Z,,,2020-11-12,2T02,,,,,,,,,,,,,
2020-11-13T12:24:00-CME-001,M2M_CATALOG,2020-11-13T12:24Z,,,2020-11-13,3T12,,,,,,,,,,,,,
2020-11-17T08:36:00-CME-001,M2M_CATALOG,2020-11-17T08:36Z,,,2020-11-17,7T08,,,,,,,,,,,,,
2020-11-17T19:00:00-CME-001,M2M_CATALOG,2020-11-17T19:00Z,,,2020-11-17,7T19,,,,,,,,,,,,,
2020-11-18T21:48:00-CME-001,M2M_CATALOG,2020-11-18T21:48Z,S20E138,,2020-11-18,8T21,,,,,,,,,,,,,
2020-11-19T02:54:00-CME-001,M2M_CATALOG,2020-11-19T02:54Z,,,2020-11-19,9T02,,,,,,,,,,,,,
2020-11-27T05:48:00-CME-001,M2M_CATALOG,2020-11-27T05:48Z,,,2020-11-27,7T05,,,,,,,,,,,,,
2020-11-29T13:24:00-CME-001,M2M_CATALOG,2020-11-29T13:24Z,S23E97,,2020-11-29,9T13,,,,,,,,,,,,,
2020-11-30T07:09:00-CME-001,M2M_CATALOG,2020-11-30T07:09Z,,,2020-11-30,0T07,,,,,,,,,,,,,
2020-12-01T05:48:00-CME-001,M2M_CATALOG,2020-12-01T05:48Z,S25E80,12790.0,2020-12-01,1T05,,,,,,,,,,,,,
2020-12-01T07:12:00-CME-001,M2M_CATALOG,2020-12-01T07:12Z,N35E30,12787.0,2020-12-01,1T07,,,,,,,,,,,,,
2020-12-03T11:12:00-CME-001,M2M_CATALOG,2020-12-03T11:12Z,S30E137,,2020-12-03,3T11,,,,,,,,,,,,,
2020-12-04T02:48:00-CME-001,M2M_CATALOG,2020-12-04T02:48Z,,,2020-12-04,4T02,,,,,,,,,,,,,
2020-12-06T22:00:00-CME-001,M2M_CATALOG,2020-12-06T22:00Z,,,2020-12-06,6T22,,,,,,,,,,,,,
2020-12-07T16:24:00-CME-001,M2M_CATALOG,2020-12-07T16:24Z,S23W11,12790.0,2020-12-07,7T16,,,,,,,,,,,,,
2020-12-07T18:36:00-CME-001,M2M_CATALOG,2020-12-07T18:36Z,S40W30,,2020-12-07,7T18,,,,,,,,,,,,,
2020-12-17T06:48:00-CME-001,M2M_CATALOG,2020-12-17T06:48Z,,,2020-12-17,7T06,,,,,,,,,,,,,
2020-12-27T00:48:00-CME-001,M2M_CATALOG,2020-12-27T00:48Z,,,2020-12-27,7T00,,,,,,,,,,,,,
2020-12-30T02:24:00-CME-001,M2M_CATALOG,2020-12-30T02:24Z,S20E08,12795.0,2020-12-30,0T02,,,,,,,,,,,,,
2020-10-10T04:24:00-CME-001,M2M_CATALOG,2020-10-10T04:24Z,,,2020-10-10,0T04,,,,,,,,,,,,,
2020-10-13T21:12:00-CME-001,M2M_CATALOG,2020-10-13T21:12Z,S23W37,12775.0,2020-10-13,3T21,,,,,,,,,,,,,
2020-10-14T03:24:00-CME-001,M2M_CATALOG,2020-10-14T03:24Z,,,2020-10-14,4T03,,,,,,,,,,,,,
2020-10-15T11:24:00-CME-001,M2M_CATALOG,2020-10-15T11:24Z,,,2020-10-15,5T11,,,,,,,,,,,,,
2020-10-15T16:36:00-CME-001,M2M_CATALOG,2020-10-15T16:36Z,,,2020-10-15,5T16,,,,,,,,,,,,,
2020-10-16T13:36:00-CME-001,M2M_CATALOG,2020-10-16T13:36Z,,12774.0,2020-10-16,6T13,,,,,,,,,,,,,
2020-10-16T16:03:00-CME-001,M2M_CATALOG,2020-10-16T16:03Z,S23W66,12775.0,2020-10-16,6T16,,,,,,,,,,,,,
2020-10-18T09:24:00-CME-001,M2M_CATALOG,2020-10-18T09:24Z,,,2020-10-18,8T09,,,,,,,,,,,,,
2020-10-22T13:09:00-CME-001,M2M_CATALOG,2020-10-22T13:09Z,,,2020-10-22,2T13,,,,,,,,,,,,,
2020-11-02T05:24:00-CME-001,M2M_CATALOG,2020-11-02T05:24Z,,,2020-11-02,2T05,,,,,,,,,,,,,
2020-11-07T13:24:00-CME-001,M2M_CATALOG,2020-11-07T13:24Z,N19W01,12780.0,2020-11-07,7T13,,,,,,,,,,,,,
2020-11-08T20:12:00-CME-001,M2M_CATALOG,2020-11-08T20:12Z,,,2020-11-08,8T20,,,,,,,,,,,,,
2020-11-11T19:36:00-CME-001,M2M_CATALOG,2020-11-11T19:36Z,S22E60,12782.0,2020-11-11,1T19,3290.0,12c0e8d0-2f08-4b27-a42d-31494375a73f,Pacifico,Delirium Tremens,Smoke-flavored,Bullion,1214 - Belgian Abbey,Caramel,42 IBU,7.2%,11.8°Blg,,
2020-11-21T19:36:00-CME-001,M2M_CATALOG,2020-11-21T19:36Z,,,2020-11-21,1T19,3290.0,12c0e8d0-2f08-4b27-a42d-31494375a73f,Pacifico,Delirium Tremens,Smoke-flavored,Bullion,1214 - Belgian Abbey,Caramel,42 IBU,7.2%,11.8°Blg,,
2020-12-11T19:09:00-CME-001,M2M_CATALOG,2020-12-11T19:09Z,,12791.0,2020-12-11,1T19,3290.0,12c0e8d0-2f08-4b27-a42d-31494375a73f,Pacifico,Delirium Tremens,Smoke-flavored,Bullion,1214 - Belgian Abbey,Caramel,42 IBU,7.2%,11.8°Blg,,
2020-11-12T02:24:00-CME-001,M2M_CATALOG,2020-11-12T02:24Z,,,2020-11-12,2T02,,,,,,,,,,,,,
2020-11-13T12:24:00-CME-001,M2M_CATALOG,2020-11-13T12:24Z,,,2020-11-13,3T12,,,,,,,,,,,,,
2020-11-17T08:36:00-CME-001,M2M_CATALOG,2020-11-17T08:36Z,,,2020-11-17,7T08,,,,,,,,,,,,,
2020-11-17T19:00:00-CME-001,M2M_CATALOG,2020-11-17T19:00Z,,,2020-11-17,7T19,,,,,,,,,,,,,
2020-11-18T21:48:00-CME-001,M2M_CATALOG,2020-11-18T21:48Z,S20E138,,2020-11-18,8T21,,,,,,,,,,,,,
2020-11-19T02:54:00-CME-001,M2M_CATALOG,2020-11-19T02:54Z,,,2020-11-19,9T02,,,,,,,,,,,,,
2020-11-27T05:48:00-CME-001,M2M_CATALOG,2020-11-27T05:48Z,,,2020-11-27,7T05,,,,,,,,,,,,,
2020-11-29T13:24:00-CME-001,M2M_CATALOG,2020-11-29T13:24Z,S23E97,,2020-11-29,9T13,,,,,,,,,,,,,
2020-11-30T07:09:00-CME-001,M2M_CATALOG,2020-11-30T07:09Z,,,2020-11-30,0T07,,,,,,,,,,,,,
2020-12-01T05:48:00-CME-001,M2M_CATALOG,2020-12-01T05:48Z,S25E80,12790.0,2020-12-01,1T05,,,,,,,,,,,,,
2020-12-01T07:12:00-CME-001,M2M_CATALOG,2020-12-01T07:12Z,N35E30,12787.0,2020-12-01,1T07,,,,,,,,,,,,,
2020-12-03T11:12:00-CME-001,M2M_CATALOG,2020-12-03T11:12Z,S30E137,,2020-12-03,3T11,,,,,,,,,,,,,
2020-12-04T02:48:00-CME-001,M2M_CATALOG,2020-12-04T02:48Z,,,2020-12-04,4T02,,,,,,,,,,,,,
2020-12-06T22:00:00-CME-001,M2M_CATALOG,2020-12-06T22:00Z,,,2020-12-06,6T22,,,,,,,,,,,,,
2020-12-07T16:24:00-CME-001,M2M_CATALOG,2020-12-07T16:24Z,S23W11,12790.0,2020-12-07,7T16,,,,,,,,,,,,,
2020-12-07T18:36:00-CME-001,M2M_CATALOG,2020-12-07T18:36Z,S40W30,,2020-12-07,7T18,,,,,,,,,,,,,
2020-12-17T06:48:00-CME-001,M2M_CATALOG,2020-12-17T06:48Z,,,2020-12-17,7T06,,,,,,,,,,,,,
2020-12-27T00:48:00-CME-001,M2M_CATALOG,2020-12-27T00:48Z,,,2020-12-27,7T00,,,,,,,,,,,,,
2020-12-30T02:24:00-CME-001,M2M_CATALOG,2020-12-30T02:24Z,S20E08,12795.0,2020-12-30,0T02,,,,,,,,,,,,,
2020-10-10T04:24:00-CME-001,M2M_CATALOG,2020-10-10T04:24Z,,,2020-10-10,0T04,,,,,,,,,,,,,
2020-10-13T21:12:00-CME-001,M2M_CATALOG,2020-10-13T21:12Z,S23W37,12775.0,2020-10-13,3T21,,,,,,,,,,,,,
2020-10-14T03:24:00-CME-001,M2M_CATALOG,2020-10-14T03:24Z,,,2020-10-14,4T03,,,,,,,,,,,,,
2020-10-15T11:24:00-CME-001,M2M_CATALOG,2020-10-15T11:24Z,,,2020-10-15,5T11,,,,,,,,,,,,,
2020-10-15T16:36:00-CME-001,M2M_CATALOG,2020-10-15T16:36Z,,,2020-10-15,5T16,,,,,,,,,,,,,
2020-10-16T13:36:00-CME-001,M2M_CATALOG,2020-10-16T13:36Z,,12774.0,2020-10-16,6T13,,,,,,,,,,,,,
2020-10-16T16:03:00-CME-001,M2M_CATALOG,2020-10-16T16:03Z,S23W66,12775.0,2020-10-16,6T16,,,,,,,,,,,,,
2020-10-18T09:24:00-CME-001,M2M_CATALOG,2020-10-18T09:24Z,,,2020-10-18,8T09,,,,,,,,,,,,,
2020-10-22T13:09:00-CME-001,M2M_CATALOG,2020-10-22T13:09Z,,,2020-10-22,2T13,,,,,,,,,,,,,
2020-11-02T05:24:00-CME-001,M2M_CATALOG,2020-11-02T05:24Z,,,2020-11-02,2T05,,,,,,,,,,,,,
2020-11-07T13:24:00-CME-001,M2M_CATALOG,2020-11-07T13:24Z,N19W01,12780.0,2020-11-07,7T13,,,,,,,,,,,,,
2020-11-08T20:12:00-CME-001,M2M_CATALOG,2020-11-08T20:12Z,,,2020-11-08,8T20,,,,,,,,,,,,,
2020-11-11T19:36:00-CME-001,M2M_CATALOG,2020-11-11T19:36Z,S22E60,12782.0,2020-11-11,1T19,,,,,,,,,,,,,
2020-11-21T19:36:00-CME-001,M2M_CATALOG,2020-11-21T19:36Z,,,2020-11-21,1T19,,,,,,,,,,,,,
2020-12-11T19:09:00-CME-001,M2M_CATALOG,2020-12-11T19:09Z,,12791.0,2020-12-11,1T19,,,,,,,,,,,,,
2020-11-12T02:24:00-CME-001,M2M_CATALOG,2020-11-12T02:24Z,,,2020-11-12,2T02,,,,,,,,,,,,,
2020-11-13T12:24:00-CME-001,M2M_CATALOG,2020-11-13T12:24Z,,,2020-11-13,3T12,,,,,,,,,,,,,
2020-11-17T08:36:00-CME-001,M2M_CATALOG,2020-11-17T08:36Z,,,2020-11-17,7T08,,,,,,,,,,,,,
2020-11-17T19:00:00-CME-001,M2M_CATALOG,2020-11-17T19:00Z,,,2020-11-17,7T19,,,,,,,,,,,,,
2020-11-18T21:48:00-CME-001,M2M_CATALOG,2020-11-18T21:48Z,S20E138,,2020-11-18,8T21,,,,,,,,,,,,,
2020-11-19T02:54:00-CME-001,M2M_CATALOG,2020-11-19T02:54Z,,,2020-11-19,9T02,,,,,,,,,,,,,
2020-11-27T05:48:00-CME-001,M2M_CATALOG,2020-11-27T05:48Z,,,2020-11-27,7T05,,,,,,,,,,,,,
2020-11-29T13:24:00-CME-001,M2M_CATALOG,2020-11-29T13:24Z,S23E97,,2020-11-29,9T13,,,,,,,,,,,,,
2020-11-30T07:09:00-CME-001,M2M_CATALOG,2020-11-30T07:09Z,,,2020-11-30,0T07,,,,,,,,,,,,,
2020-12-01T05:48:00-CME-001,M2M_CATALOG,2020-12-01T05:48Z,S25E80,12790.0,2020-12-01,1T05,,,,,,,,,,,,,
2020-12-01T07:12:00-CME-001,M2M_CATALOG,2020-12-01T07:12Z,N35E30,12787.0,2020-12-01,1T07,,,,,,,,,,,,,
2020-12-03T11:12:00-CME-001,M2M_CATALOG,2020-12-03T11:12Z,S30E137,,2020-12-03,3T11,,,,,,,,,,,,,
2020-12-04T02:48:00-CME-001,M2M_CATALOG,2020-12-04T02:48Z,,,2020-12-04,4T02,,,,,,,,,,,,,
2020-12-06T22:00:00-CME-001,M2M_CATALOG,2020-12-06T22:00Z,,,2020-12-06,6T22,,,,,,,,,,,,,
2020-12-07T16:24:00-CME-001,M2M_CATALOG,2020-12-07T16:24Z,S23W11,12790.0,2020-12-07,7T16,,,,,,,,,,,,,
2020-12-07T18:36:00-CME-001,M2M_CATALOG,2020-12-07T18:36Z,S40W30,,2020-12-07,7T18,,,,,,,,,,,,,
2020-12-17T06:48:00-CME-001,M2M_CATALOG,2020-12-17T06:48Z,,,2020-12-17,7T06,,,,,,,,,,,,,
2020-12-27T00:48:00-CME-001,M2M_CATALOG,2020-12-27T00:48Z,,,2020-12-27,7T00,,,,,,,,,,,,,
2020-12-30T02:24:00-CME-001,M2M_CATALOG,2020-12-30T02:24Z,S20E08,12795.0,2020-12-30,0T02,,,,,,,,,,,,,
2020-10-23T04:39:00-CME-001,M2M_CATALOG,2020-10-23T04:39Z,,,2020-10-23,3T04,,,,,,,,,,,,,
2020-10-23T22:35:00-CME-001,M2M_CATALOG,2020-10-23T22:35Z,,,2020-10-23,3T22,,,,,,,,,,,,,
2020-10-10T04:24:00-CME-001,M2M_CATALOG,2020-10-10T04:24Z,,,2020-10-10,0T04,,,,,,,,,,,,,
2020-10-13T21:12:00-CME-001,M2M_CATALOG,2020-10-13T21:12Z,S23W37,12775.0,2020-10-13,3T21,,,,,,,,,,,,,
2020-10-14T03:24:00-CME-001,M2M_CATALOG,2020-10-14T03:24Z,,,2020-10-14,4T03,,,,,,,,,,,,,
2020-10-15T11:24:00-CME-001,M2M_CATALOG,2020-10-15T11:24Z,,,2020-10-15,5T11,,,,,,,,,,,,,
2020-10-15T16:36:00-CME-001,M2M_CATALOG,2020-10-15T16:36Z,,,2020-10-15,5T16,,,,,,,,,,,,,
2020-10-16T13:36:00-CME-001,M2M_CATALOG,2020-10-16T13:36Z,,12774.0,2020-10-16,6T13,,,,,,,,,,,,,
2020-10-16T16:03:00-CME-001,M2M_CATALOG,2020-10-16T16:03Z,S23W66,12775.0,2020-10-16,6T16,,,,,,,,,,,,,
2020-10-18T09:24:00-CME-001,M2M_CATALOG,2020-10-18T09:24Z,,,2020-10-18,8T09,,,,,,,,,,,,,
2020-10-22T13:09:00-CME-001,M2M_CATALOG,2020-10-22T13:09Z,,,2020-10-22,2T13,,,,,,,,,,,,,
2020-10-23T04:39:00-CME-001,M2M_CATALOG,2020-10-23T04:39Z,,,2020-10-23,3T04,,,,,,,,,,,,,
2020-10-23T22:35:00-CME-001,M2M_CATALOG,2020-10-23T22:35Z,,,2020-10-23,3T22,,,,,,,,,,,,,
2020-10-26T09:12:00-CME-001,M2M_CATALOG,2020-10-26T09:12Z,,,2020-10-26,6T09,,,,,,,,,,,,,
2020-10-26T18:09:00-CME-001,M2M_CATALOG,2020-10-26T18:09Z,,,2020-10-26,6T18,,,,,,,,,,,,,
2020-10-27T03:39:00-CME-001,M2M_CATALOG,2020-10-27T03:39Z,,,2020-10-27,7T03,,,,,,,,,,,,,
2020-10-28T13:42:00-CME-001,M2M_CATALOG,2020-10-28T13:42Z,,,2020-10-28,8T13,,,,,,,,,,,,,
2020-11-18T13:24:00-CME-001,M2M_CATALOG,2020-11-18T13:24Z,,,2020-11-18,8T13,,,,,,,,,,,,,
2020-11-18T13:36:00-CME-001,M2M_CATALOG,2020-11-18T13:36Z,,,2020-11-18,8T13,,,,,,,,,,,,,
2020-10-29T01:54:00-CME-001,M2M_CATALOG,2020-10-29T01:54Z,S19W28,12779.0,2020-10-29,9T01,,,,,,,,,,,,,
2020-10-31T00:12:00-CME-001,M2M_CATALOG,2020-10-31T00:12Z,,,2020-10-31,1T00,,,,,,,,,,,,,
2020-12-11T00:36:00-CME-001,M2M_CATALOG,2020-12-11T00:36Z,,,2020-12-11,1T00,,,,,,,,,,,,,
2020-11-01T20:00:00-CME-001,M2M_CATALOG,2020-11-01T20:00Z,,,2020-11-01,1T20,,,,,,,,,,,,,
2020-11-02T05:24:00-CME-001,M2M_CATALOG,2020-11-02T05:24Z,,,2020-11-02,2T05,,,,,,,,,,,,,
2020-11-07T13:24:00-CME-001,M2M_CATALOG,2020-11-07T13:24Z,N19W01,12780.0,2020-11-07,7T13,,,,,,,,,,,,,
2020-11-08T20:12:00-CME-001,M2M_CATALOG,2020-11-08T20:12Z,,,2020-11-08,8T20,,,,,,,,,,,,,
2020-11-11T19:36:00-CME-001,M2M_CATALOG,2020-11-11T19:36Z,S22E60,12782.0,2020-11-11,1T19,,,,,,,,,,,,,
2020-11-21T19:36:00-CME-001,M2M_CATALOG,2020-11-21T19:36Z,,,2020-11-21,1T19,,,,,,,,,,,,,
2020-12-11T19:09:00-CME-001,M2M_CATALOG,2020-12-11T19:09Z,,12791.0,2020-12-11,1T19,,,,,,,,,,,,,
2020-11-12T02:24:00-CME-001,M2M_CATALOG,2020-11-12T02:24Z,,,2020-11-12,2T02,,,,,,,,,,,,,
2020-11-13T12:24:00-CME-001,M2M_CATALOG,2020-11-13T12:24Z,,,2020-11-13,3T12,,,,,,,,,,,,,
2020-11-17T08:36:00-CME-001,M2M_CATALOG,2020-11-17T08:36Z,,,2020-11-17,7T08,,,,,,,,,,,,,
2020-11-17T19:00:00-CME-001,M2M_CATALOG,2020-11-17T19:00Z,,,2020-11-17,7T19,,,,,,,,,,,,,
2020-10-28T13:42:00-CME-001,M2M_CATALOG,2020-10-28T13:42Z,,,2020-10-28,8T13,,,,,,,,,,,,,
2020-11-18T13:24:00-CME-001,M2M_CATALOG,2020-11-18T13:24Z,,,2020-11-18,8T13,,,,,,,,,,,,,
2020-11-18T13:36:00-CME-001,M2M_CATALOG,2020-11-18T13:36Z,,,2020-11-18,8T13,,,,,,,,,,,,,
2020-10-28T13:42:00-CME-001,M2M_CATALOG,2020-10-28T13:42Z,,,2020-10-28,8T13,,,,,,,,,,,,,
2020-11-18T13:24:00-CME-001,M2M_CATALOG,2020-11-18T13:24Z,,,2020-11-18,8T13,,,,,,,,,,,,,
2020-11-18T13:36:00-CME-001,M2M_CATALOG,2020-11-18T13:36Z,,,2020-11-18,8T13,,,,,,,,,,,,,
2020-11-18T21:48:00-CME-001,M2M_CATALOG,2020-11-18T21:48Z,S20E138,,2020-11-18,8T21,,,,,,,,,,,,,
2020-11-19T02:54:00-CME-001,M2M_CATALOG,2020-11-19T02:54Z,,,2020-11-19,9T02,,,,,,,,,,,,,
2020-11-19T03:12:00-CME-001,M2M_CATALOG,2020-11-19T03:12Z,N30E40,,2020-11-19,9T03,,,,,,,,,,,,,
2020-11-19T06:48:00-CME-001,M2M_CATALOG,2020-11-19T06:48Z,S23E49,,2020-11-19,9T06,,,,,,,,,,,,,
2020-11-19T15:12:00-CME-001,M2M_CATALOG,2020-11-19T15:12Z,,,2020-11-19,9T15,,,,,,,,,,,,,
2020-11-29T15:05:00-CME-001,M2M_CATALOG,2020-11-29T15:05Z,,12783.0,2020-11-29,9T15,,,,,,,,,,,,,
2020-11-20T19:51:00-CME-001,M2M_CATALOG,2020-11-20T19:51Z,,12783.0,2020-11-20,0T19,,,,,,,,,,,,,
2020-11-20T21:12:00-CME-001,M2M_CATALOG,2020-11-20T21:12Z,,,2020-11-20,0T21,,,,,,,,,,,,,
2020-11-11T19:36:00-CME-001,M2M_CATALOG,2020-11-11T19:36Z,S22E60,12782.0,2020-11-11,1T19,,,,,,,,,,,,,
2020-11-21T19:36:00-CME-001,M2M_CATALOG,2020-11-21T19:36Z,,,2020-11-21,1T19,,,,,,,,,,,,,
2020-12-11T19:09:00-CME-001,M2M_CATALOG,2020-12-11T19:09Z,,12791.0,2020-12-11,1T19,,,,,,,,,,,,,
2020-11-21T23:12:00-CME-001,M2M_CATALOG,2020-11-21T23:12Z,,,2020-11-21,1T23,,,,,,,,,,,,,
2020-11-22T01:36:00-CME-001,M2M_CATALOG,2020-11-22T01:36Z,,,2020-11-22,2T01,,,,,,,,,,,,,
2020-11-23T18:48:00-CME-001,M2M_CATALOG,2020-11-23T18:48Z,,,2020-11-23,3T18,,,,,,,,,,,,,
2020-11-24T04:36:00-CME-001,M2M_CATALOG,2020-11-24T04:36Z,S20E65,12785.0,2020-11-24,4T04,,,,,,,,,,,,,
2020-11-24T11:24:00-CME-001,M2M_CATALOG,2020-11-24T11:24Z,,,2020-11-24,4T11,,,,,,,,,,,,,
2020-12-04T11:09:00-CME-001,M2M_CATALOG,2020-12-04T11:09Z,,,2020-12-04,4T11,,,,,,,,,,,,,
2020-11-24T13:24:00-CME-001,M2M_CATALOG,2020-11-24T13:24Z,,,2020-11-24,4T13,,,,,,,,,,,,,
2020-11-26T08:24:00-CME-001,M2M_CATALOG,2020-11-26T08:24Z,,,2020-11-26,6T08,,,,,,,,,,,,,
2020-11-26T21:24:00-CME-001,M2M_CATALOG,2020-11-26T21:24Z,N32E90,12787.0,2020-11-26,6T21,,,,,,,,,,,,,
2020-11-27T05:48:00-CME-001,M2M_CATALOG,2020-11-27T05:48Z,,,2020-11-27,7T05,,,,,,,,,,,,,
2020-11-29T13:24:00-CME-001,M2M_CATALOG,2020-11-29T13:24Z,S23E97,,2020-11-29,9T13,,,,,,,,,,,,,
2020-11-19T15:12:00-CME-001,M2M_CATALOG,2020-11-19T15:12Z,,,2020-11-19,9T15,,,,,,,,,,,,,
2020-11-29T15:05:00-CME-001,M2M_CATALOG,2020-11-29T15:05Z,,12783.0,2020-11-29,9T15,,,,,,,,,,,,,
2020-11-30T07:09:00-CME-001,M2M_CATALOG,2020-11-30T07:09Z,,,2020-11-30,0T07,,,,,,,,,,,,,
2020-12-01T05:48:00-CME-001,M2M_CATALOG,2020-12-01T05:48Z,S25E80,12790.0,2020-12-01,1T05,,,,,,,,,,,,,
2020-12-01T07:12:00-CME-001,M2M_CATALOG,2020-12-01T07:12Z,N35E30,12787.0,2020-12-01,1T07,,,,,,,,,,,,,
2020-12-03T11:12:00-CME-001,M2M_CATALOG,2020-12-03T11:12Z,S30E137,,2020-12-03,3T11,,,,,,,,,,,,,
2020-12-04T02:48:00-CME-001,M2M_CATALOG,2020-12-04T02:48Z,,,2020-12-04,4T02,,,,,,,,,,,,,
2020-11-24T11:24:00-CME-001,M2M_CATALOG,2020-11-24T11:24Z,,,2020-11-24,4T11,,,,,,,,,,,,,
2020-12-04T11:09:00-CME-001,M2M_CATALOG,2020-12-04T11:09Z,,,2020-12-04,4T11,,,,,,,,,,,,,
2020-12-06T22:00:00-CME-001,M2M_CATALOG,2020-12-06T22:00Z,,,2020-12-06,6T22,,,,,,,,,,,,,
2020-12-07T16:24:00-CME-001,M2M_CATALOG,2020-12-07T16:24Z,S23W11,12790.0,2020-12-07,7T16,,,,,,,,,,,,,
2020-12-07T18:36:00-CME-001,M2M_CATALOG,2020-12-07T18:36Z,S40W30,,2020-12-07,7T18,,,,,,,,,,,,,
2020-10-31T00:12:00-CME-001,M2M_CATALOG,2020-10-31T00:12Z,,,2020-10-31,1T00,,,,,,,,,,,,,
2020-12-11T00:36:00-CME-001,M2M_CATALOG,2020-12-11T00:36Z,,,2020-12-11,1T00,,,,,,,,,,,,,
2020-11-11T19:36:00-CME-001,M2M_CATALOG,2020-11-11T19:36Z,S22E60,12782.0,2020-11-11,1T19,,,,,,,,,,,,,
2020-11-21T19:36:00-CME-001,M2M_CATALOG,2020-11-21T19:36Z,,,2020-11-21,1T19,,,,,,,,,,,,,
2020-12-11T19:09:00-CME-001,M2M_CATALOG,2020-12-11T19:09Z,,12791.0,2020-12-11,1T19,,,,,,,,,,,,,
2020-12-12T04:12:00-CME-001,M2M_CATALOG,2020-12-12T04:12Z,,,2020-12-12,2T04,,,,,,,,,,,,,
2020-12-13T09:24:00-CME-001,M2M_CATALOG,2020-12-13T09:24Z,,,2020-12-13,3T09,,,,,,,,,,,,,
2020-12-14T15:12:00-CME-001,M2M_CATALOG,2020-12-14T15:12Z,S22E44,12792.0,2020-12-14,4T15,,,,,,,,,,,,,
2020-12-14T21:12:00-CME-001,M2M_CATALOG,2020-12-14T21:12Z,N40E110,,2020-12-14,4T21,,,,,,,,,,,,,
2020-12-17T06:48:00-CME-001,M2M_CATALOG,2020-12-17T06:48Z,,,2020-12-17,7T06,,,,,,,,,,,,,
2020-12-27T00:48:00-CME-001,M2M_CATALOG,2020-12-27T00:48Z,,,2020-12-27,7T00,,,,,,,,,,,,,
2020-12-30T02:24:00-CME-001,M2M_CATALOG,2020-12-30T02:24Z,S20E08,12795.0,2020-12-30,0T02,,,,,,,,,,,,,
2020-10-10T04:24:00-CME-001,M2M_CATALOG,2020-10-10T04:24Z,,,2020-10-10,0T04,,,,,,,,,,,,,
2020-10-13T21:12:00-CME-001,M2M_CATALOG,2020-10-13T21:12Z,S23W37,12775.0,2020-10-13,3T21,,,,,,,,,,,,,
2020-10-14T03:24:00-CME-001,M2M_CATALOG,2020-10-14T03:24Z,,,2020-10-14,4T03,,,,,,,,,,,,,
2020-10-15T11:24:00-CME-001,M2M_CATALOG,2020-10-15T11:24Z,,,2020-10-15,5T11,,,,,,,,,,,,,
2020-10-15T16:36:00-CME-001,M2M_CATALOG,2020-10-15T16:36Z,,,2020-10-15,5T16,,,,,,,,,,,,,
2020-10-16T13:36:00-CME-001,M2M_CATALOG,2020-10-16T13:36Z,,12774.0,2020-10-16,6T13,,,,,,,,,,,,,
2020-10-16T16:03:00-CME-001,M2M_CATALOG,2020-10-16T16:03Z,S23W66,12775.0,2020-10-16,6T16,,,,,,,,,,,,,
2020-10-18T09:24:00-CME-001,M2M_CATALOG,2020-10-18T09:24Z,,,2020-10-18,8T09,,,,,,,,,,,,,
2020-10-22T13:09:00-CME-001,M2M_CATALOG,2020-10-22T13:09Z,,,2020-10-22,2T13,,,,,,,,,,,,,
2020-10-23T04:39:00-CME-001,M2M_CATALOG,2020-10-23T04:39Z,,,2020-10-23,3T04,,,,,,,,,,,,,
2020-10-23T22:35:00-CME-001,M2M_CATALOG,2020-10-23T22:35Z,,,2020-10-23,3T22,,,,,,,,,,,,,
2020-10-26T09:12:00-CME-001,M2M_CATALOG,2020-10-26T09:12Z,,,2020-10-26,6T09,,,,,,,,,,,,,
2020-10-26T18:09:00-CME-001,M2M_CATALOG,2020-10-26T18:09Z,,,2020-10-26,6T18,,,,,,,,,,,,,
2020-10-27T03:39:00-CME-001,M2M_CATALOG,2020-10-27T03:39Z,,,2020-10-27,7T03,,,,,,,,,,,,,
2020-10-28T13:42:00-CME-001,M2M_CATALOG,2020-10-28T13:42Z,,,2020-10-28,8T13,,,,,,,,,,,,,
2020-11-18T13:24:00-CME-001,M2M_CATALOG,2020-11-18T13:24Z,,,2020-11-18,8T13,,,,,,,,,,,,,
2020-11-18T13:36:00-CME-001,M2M_CATALOG,2020-11-18T13:36Z,,,2020-11-18,8T13,,,,,,,,,,,,,
2020-10-29T01:54:00-CME-001,M2M_CATALOG,2020-10-29T01:54Z,S19W28,12779.0,2020-10-29,9T01,,,,,,,,,,,,,
2020-10-31T00:12:00-CME-001,M2M_CATALOG,2020-10-31T00:12Z,,,2020-10-31,1T00,,,,,,,,,,,,,
2020-12-11T00:36:00-CME-001,M2M_CATALOG,2020-12-11T00:36Z,,,2020-12-11,1T00,,,,,,,,,,,,,
2020-11-01T20:00:00-CME-001,M2M_CATALOG,2020-11-01T20:00Z,,,2020-11-01,1T20,,,,,,,,,,,,,
2020-11-02T05:24:00-CME-001,M2M_CATALOG,2020-11-02T05:24Z,,,2020-11-02,2T05,,,,,,,,,,,,,
2020-11-07T13:24:00-CME-001,M2M_CATALOG,2020-11-07T13:24Z,N19W01,12780.0,2020-11-07,7T13,,,,,,,,,,,,,
2020-11-08T20:12:00-CME-001,M2M_CATALOG,2020-11-08T20:12Z,,,2020-11-08,8T20,,,,,,,,,,,,,
2020-11-11T19:36:00-CME-001,M2M_CATALOG,2020-11-11T19:36Z,S22E60,12782.0,2020-11-11,1T19,,,,,,,,,,,,,
2020-11-21T19:36:00-CME-001,M2M_CATALOG,2020-11-21T19:36Z,,,2020-11-21,1T19,,,,,,,,,,,,,
2020-12-11T19:09:00-CME-001,M2M_CATALOG,2020-12-11T19:09Z,,12791.0,2020-12-11,1T19,,,,,,,,,,,,,
2020-11-12T02:24:00-CME-001,M2M_CATALOG,2020-11-12T02:24Z,,,2020-11-12,2T02,,,,,,,,,,,,,
2020-11-13T12:24:00-CME-001,M2M_CATALOG,2020-11-13T12:24Z,,,2020-11-13,3T12,,,,,,,,,,,,,
2020-11-17T08:36:00-CME-001,M2M_CATALOG,2020-11-17T08:36Z,,,2020-11-17,7T08,,,,,,,,,,,,,
2020-11-17T19:00:00-CME-001,M2M_CATALOG,2020-11-17T19:00Z,,,2020-11-17,7T19,,,,,,,,,,,,,
2020-10-28T13:42:00-CME-001,M2M_CATALOG,2020-10-28T13:42Z,,,2020-10-28,8T13,,,,,,,,,,,,,
2020-11-18T13:24:00-CME-001,M2M_CATALOG,2020-11-18T13:24Z,,,2020-11-18,8T13,,,,,,,,,,,,,
2020-11-18T13:36:00-CME-001,M2M_CATALOG,2020-11-18T13:36Z,,,2020-11-18,8T13,,,,,,,,,,,,,
2020-10-28T13:42:00-CME-001,M2M_CATALOG,2020-10-28T13:42Z,,,2020-10-28,8T13,,,,,,,,,,,,,
2020-11-18T13:24:00-CME-001,M2M_CATALOG,2020-11-18T13:24Z,,,2020-11-18,8T13,,,,,,,,,,,,,
2020-11-18T13:36:00-CME-001,M2M_CATALOG,2020-11-18T13:36Z,,,2020-11-18,8T13,,,,,,,,,,,,,
2020-11-18T21:48:00-CME-001,M2M_CATALOG,2020-11-18T21:48Z,S20E138,,2020-11-18,8T21,,,,,,,,,,,,,
2020-11-19T02:54:00-CME-001,M2M_CATALOG,2020-11-19T02:54Z,,,2020-11-19,9T02,,,,,,,,,,,,,
2020-11-19T03:12:00-CME-001,M2M_CATALOG,2020-11-19T03:12Z,N30E40,,2020-11-19,9T03,,,,,,,,,,,,,
2020-11-19T06:48:00-CME-001,M2M_CATALOG,2020-11-19T06:48Z,S23E49,,2020-11-19,9T06,,,,,,,,,,,,,
2020-11-19T15:12:00-CME-001,M2M_CATALOG,2020-11-19T15:12Z,,,2020-11-19,9T15,,,,,,,,,,,,,
2020-11-29T15:05:00-CME-001,M2M_CATALOG,2020-11-29T15:05Z,,12783.0,2020-11-29,9T15,,,,,,,,,,,,,
2020-11-20T19:51:00-CME-001,M2M_CATALOG,2020-11-20T19:51Z,,12783.0,2020-11-20,0T19,,,,,,,,,,,,,
2020-10-10T04:24:00-CME-001,M2M_CATALOG,2020-10-10T04:24Z,,,2020-10-10,0T04,,,,,,,,,,,,,
2020-10-13T21:12:00-CME-001,M2M_CATALOG,2020-10-13T21:12Z,S23W37,12775.0,2020-10-13,3T21,,,,,,,,,,,,,
2020-10-14T03:24:00-CME-001,M2M_CATALOG,2020-10-14T03:24Z,,,2020-10-14,4T03,,,,,,,,,,,,,
2020-10-15T11:24:00-CME-001,M2M_CATALOG,2020-10-15T11:24Z,,,2020-10-15,5T11,,,,,,,,,,,,,
2020-10-15T16:36:00-CME-001,M2M_CATALOG,2020-10-15T16:36Z,,,2020-10-15,5T16,,,,,,,,,,,,,
2020-10-16T13:36:00-CME-001,M2M_CATALOG,2020-10-16T13:36Z,,12774.0,2020-10-16,6T13,,,,,,,,,,,,,
2020-10-16T16:03:00-CME-001,M2M_CATALOG,2020-10-16T16:03Z,S23W66,12775.0,2020-10-16,6T16,,,,,,,,,,,,,
2020-10-18T09:24:00-CME-001,M2M_CATALOG,2020-10-18T09:24Z,,,2020-10-18,8T09,,,,,,,,,,,,,
2020-10-22T13:09:00-CME-001,M2M_CATALOG,2020-10-22T13:09Z,,,2020-10-22,2T13,,,,,,,,,,,,,
2020-10-23T04:39:00-CME-001,M2M_CATALOG,2020-10-23T04:39Z,,,2020-10-23,3T04,,,,,,,,,,,,,
2020-10-23T22:35:00-CME-001,M2M_CATALOG,2020-10-23T22:35Z,,,2020-10-23,3T22,,,,,,,,,,,,,
2020-10-26T09:12:00-CME-001,M2M_CATALOG,2020-10-26T09:12Z,,,2020-10-26,6T09,,,,,,,,,,,,,
2020-10-26T18:09:00-CME-001,M2M_CATALOG,2020-10-26T18:09Z,,,2020-10-26,6T18,,,,,,,,,,,,,
2020-10-27T03:39:00-CME-001,M2M_CATALOG,2020-10-27T03:39Z,,,2020-10-27,7T03,,,,,,,,,,,,,
2020-10-28T13:42:00-CME-001,M2M_CATALOG,2020-10-28T13:42Z,,,2020-10-28,8T13,,,,,,,,,,,,,
2020-11-18T13:24:00-CME-001,M2M_CATALOG,2020-11-18T13:24Z,,,2020-11-18,8T13,,,,,,,,,,,,,
2020-11-18T13:36:00-CME-001,M2M_CATALOG,2020-11-18T13:36Z,,,2020-11-18,8T13,,,,,,,,,,,,,
2020-10-29T01:54:00-CME-001,M2M_CATALOG,2020-10-29T01:54Z,S19W28,12779.0,2020-10-29,9T01,,,,,,,,,,,,,
2020-10-31T00:12:00-CME-001,M2M_CATALOG,2020-10-31T00:12Z,,,2020-10-31,1T00,,,,,,,,,,,,,
2020-12-11T00:36:00-CME-001,M2M_CATALOG,2020-12-11T00:36Z,,,2020-12-11,1T00,,,,,,,,,,,,,
2020-11-01T20:00:00-CME-001,M2M_CATALOG,2020-11-01T20:00Z,,,2020-11-01,1T20,,,,,,,,,,,,,
2020-11-02T05:24:00-CME-001,M2M_CATALOG,2020-11-02T05:24Z,,,2020-11-02,2T05,,,,,,,,,,,,,
2020-11-07T13:24:00-CME-001,M2M_CATALOG,2020-11-07T13:24Z,N19W01,12780.0,2020-11-07,7T13,,,,,,,,,,,,,
2020-11-08T20:12:00-CME-001,M2M_CATALOG,2020-11-08T20:12Z,,,2020-11-08,8T20,,,,,,,,,,,,,
2020-11-11T19:36:00-CME-001,M2M_CATALOG,2020-11-11T19:36Z,S22E60,12782.0,2020-11-11,1T19,,,,,,,,,,,,,
2020-11-21T19:36:00-CME-001,M2M_CATALOG,2020-11-21T19:36Z,,,2020-11-21,1T19,,,,,,,,,,,,,
2020-12-11T19:09:00-CME-001,M2M_CATALOG,2020-12-11T19:09Z,,12791.0,2020-12-11,1T19,,,,,,,,,,,,,
2020-11-12T02:24:00-CME-001,M2M_CATALOG,2020-11-12T02:24Z,,,2020-11-12,2T02,,,,,,,,,,,,,
2020-11-13T12:24:00-CME-001,M2M_CATALOG,2020-11-13T12:24Z,,,2020-11-13,3T12,,,,,,,,,,,,,
2020-11-17T08:36:00-CME-001,M2M_CATALOG,2020-11-17T08:36Z,,,2020-11-17,7T08,,,,,,,,,,,,,
2020-11-17T19:00:00-CME-001,M2M_CATALOG,2020-11-17T19:00Z,,,2020-11-17,7T19,,,,,,,,,,,,,
2020-10-28T13:42:00-CME-001,M2M_CATALOG,2020-10-28T13:42Z,,,2020-10-28,8T13,,,,,,,,,,,,,
2020-11-18T13:24:00-CME-001,M2M_CATALOG,2020-11-18T13:24Z,,,2020-11-18,8T13,,,,,,,,,,,,,
2020-11-18T13:36:00-CME-001,M2M_CATALOG,2020-11-18T13:36Z,,,2020-11-18,8T13,,,,,,,,,,,,,
2020-10-28T13:42:00-CME-001,M2M_CATALOG,2020-10-28T13:42Z,,,2020-10-28,8T13,,,,,,,,,,,,,
2020-11-18T13:24:00-CME-001,M2M_CATALOG,2020-11-18T13:24Z,,,2020-11-18,8T13,,,,,,,,,,,,,
2020-11-18T13:36:00-CME-001,M2M_CATALOG,2020-11-18T13:36Z,,,2020-11-18,8T13,,,,,,,,,,,,,
2020-11-18T21:48:00-CME-001,M2M_CATALOG,2020-11-18T21:48Z,S20E138,,2020-11-18,8T21,,,,,,,,,,,,,
2020-11-19T02:54:00-CME-001,M2M_CATALOG,2020-11-19T02:54Z,,,2020-11-19,9T02,,,,,,,,,,,,,
2020-11-19T03:12:00-CME-001,M2M_CATALOG,2020-11-19T03:12Z,N30E40,,2020-11-19,9T03,,,,,,,,,,,,,
2020-11-19T06:48:00-CME-001,M2M_CATALOG,2020-11-19T06:48Z,S23E49,,2020-11-19,9T06,,,,,,,,,,,,,
2020-11-19T15:12:00-CME-001,M2M_CATALOG,2020-11-19T15:12Z,,,2020-11-19,9T15,,,,,,,,,,,,,
2020-11-29T15:05:00-CME-001,M2M_CATALOG,2020-11-29T15:05Z,,12783.0,2020-11-29,9T15,,,,,,,,,,,,,
2020-11-20T19:51:00-CME-001,M2M_CATALOG,2020-11-20T19:51Z,,12783.0,2020-11-20,0T19,,,,,,,,,,,,,
2020-11-20T21:12:00-CME-001,M2M_CATALOG,2020-11-20T21:12Z,,,2020-11-20,0T21,,,,,,,,,,,,,
2020-11-11T19:36:00-CME-001,M2M_CATALOG,2020-11-11T19:36Z,S22E60,12782.0,2020-11-11,1T19,,,,,,,,,,,,,
2020-11-21T19:36:00-CME-001,M2M_CATALOG,2020-11-21T19:36Z,,,2020-11-21,1T19,,,,,,,,,,,,,
2020-12-11T19:09:00-CME-001,M2M_CATALOG,2020-12-11T19:09Z,,12791.0,2020-12-11,1T19,,,,,,,,,,,,,
2020-11-21T23:12:00-CME-001,M2M_CATALOG,2020-11-21T23:12Z,,,2020-11-21,1T23,,,,,,,,,,,,,
2020-11-22T01:36:00-CME-001,M2M_CATALOG,2020-11-22T01:36Z,,,2020-11-22,2T01,,,,,,,,,,,,,
2020-11-23T18:48:00-CME-001,M2M_CATALOG,2020-11-23T18:48Z,,,2020-11-23,3T18,,,,,,,,,,,,,
2020-11-24T04:36:00-CME-001,M2M_CATALOG,2020-11-24T04:36Z,S20E65,12785.0,2020-11-24,4T04,,,,,,,,,,,,,
2020-11-24T11:24:00-CME-001,M2M_CATALOG,2020-11-24T11:24Z,,,2020-11-24,4T11,,,,,,,,,,,,,
2020-12-04T11:09:00-CME-001,M2M_CATALOG,2020-12-04T11:09Z,,,2020-12-04,4T11,,,,,,,,,,,,,
2020-11-24T13:24:00-CME-001,M2M_CATALOG,2020-11-24T13:24Z,,,2020-11-24,4T13,,,,,,,,,,,,,
2020-11-26T08:24:00-CME-001,M2M_CATALOG,2020-11-26T08:24Z,,,2020-11-26,6T08,,,,,,,,,,,,,
2020-11-26T21:24:00-CME-001,M2M_CATALOG,2020-11-26T21:24Z,N32E90,12787.0,2020-11-26,6T21,,,,,,,,,,,,,
2020-11-27T05:48:00-CME-001,M2M_CATALOG,2020-11-27T05:48Z,,,2020-11-27,7T05,,,,,,,,,,,,,
2020-11-29T13:24:00-CME-001,M2M_CATALOG,2020-11-29T13:24Z,S23E97,,2020-11-29,9T13,,,,,,,,,,,,,
2020-11-19T15:12:00-CME-001,M2M_CATALOG,2020-11-19T15:12Z,,,2020-11-19,9T15,,,,,,,,,,,,,
2020-11-29T15:05:00-CME-001,M2M_CATALOG,2020-11-29T15:05Z,,12783.0,2020-11-29,9T15,,,,,,,,,,,,,
2020-11-30T07:09:00-CME-001,M2M_CATALOG,2020-11-30T07:09Z,,,2020-11-30,0T07,,,,,,,,,,,,,
2020-12-01T05:48:00-CME-001,M2M_CATALOG,2020-12-01T05:48Z,S25E80,12790.0,2020-12-01,1T05,,,,,,,,,,,,,
2020-12-01T07:12:00-CME-001,M2M_CATALOG,2020-12-01T07:12Z,N35E30,12787.0,2020-12-01,1T07,,,,,,,,,,,,,
2020-12-03T11:12:00-CME-001,M2M_CATALOG,2020-12-03T11:12Z,S30E137,,2020-12-03,3T11,,,,,,,,,,,,,
2020-12-04T02:48:00-CME-001,M2M_CATALOG,2020-12-04T02:48Z,,,2020-12-04,4T02,,,,,,,,,,,,,
2020-11-24T11:24:00-CME-001,M2M_CATALOG,2020-11-24T11:24Z,,,2020-11-24,4T11,,,,,,,,,,,,,
2020-12-04T11:09:00-CME-001,M2M_CATALOG,2020-12-04T11:09Z,,,2020-12-04,4T11,,,,,,,,,,,,,
2020-12-06T22:00:00-CME-001,M2M_CATALOG,2020-12-06T22:00Z,,,2020-12-06,6T22,,,,,,,,,,,,,
2020-12-07T16:24:00-CME-001,M2M_CATALOG,2020-12-07T16:24Z,S23W11,12790.0,2020-12-07,7T16,,,,,,,,,,,,,
2020-12-07T18:36:00-CME-001,M2M_CATALOG,2020-12-07T18:36Z,S40W30,,2020-12-07,7T18,,,,,,,,,,,,,
2020-10-31T00:12:00-CME-001,M2M_CATALOG,2020-10-31T00:12Z,,,2020-10-31,1T00,,,,,,,,,,,,,
2020-12-11T00:36:00-CME-001,M2M_CATALOG,2020-12-11T00:36Z,,,2020-12-11,1T00,,,,,,,,,,,,,
2020-11-11T19:36:00-CME-001,M2M_CATALOG,2020-11-11T19:36Z,S22E60,12782.0,2020-11-11,1T19,,,,,,,,,,,,,
2020-11-21T19:36:00-CME-001,M2M_CATALOG,2020-11-21T19:36Z,,,2020-11-21,1T19,,,,,,,,,,,,,
2020-12-11T19:09:00-CME-001,M2M_CATALOG,2020-12-11T19:09Z,,12791.0,2020-12-11,1T19,,,,,,,,,,,,,
2020-12-12T04:12:00-CME-001,M2M_CATALOG,2020-12-12T04:12Z,,,2020-12-12,2T04,,,,,,,,,,,,,
2020-12-13T09:24:00-CME-001,M2M_CATALOG,2020-12-13T09:24Z,,,2020-12-13,3T09,,,,,,,,,,,,,
2020-12-14T15:12:00-CME-001,M2M_CATALOG,2020-12-14T15:12Z,S22E44,12792.0,2020-12-14,4T15,,,,,,,,,,,,,
2020-12-14T21:12:00-CME-001,M2M_CATALOG,2020-12-14T21:12Z,N40E110,,2020-12-14,4T21,,,,,,,,,,,,,
2020-12-17T06:48:00-CME-001,M2M_CATALOG,2020-12-17T06:48Z,,,2020-12-17,7T06,,,,,,,,,,,,,
2020-12-27T00:48:00-CME-001,M2M_CATALOG,2020-12-27T00:48Z,,,2020-12-27,7T00,,,,,,,,,,,,,
2020-12-30T02:24:00-CME-001,M2M_CATALOG,2020-12-30T02:24Z,S20E08,12795.0,2020-12-30,0T02,,,,,,,,,,,,,
2020-10-10T04:24:00-CME-001,M2M_CATALOG,2020-10-10T04:24Z,,,2020-10-10,0T04,,,,,,,,,,,,,
2020-10-13T21:12:00-CME-001,M2M_CATALOG,2020-10-13T21:12Z,S23W37,12775.0,2020-10-13,3T21,,,,,,,,,,,,,
2020-10-14T03:24:00-CME-001,M2M_CATALOG,2020-10-14T03:24Z,,,2020-10-14,4T03,,,,,,,,,,,,,
2020-10-15T11:24:00-CME-001,M2M_CATALOG,2020-10-15T11:24Z,,,2020-10-15,5T11,,,,,,,,,,,,,
2020-10-15T16:36:00-CME-001,M2M_CATALOG,2020-10-15T16:36Z,,,2020-10-15,5T16,,,,,,,,,,,,,
2020-10-16T13:36:00-CME-001,M2M_CATALOG,2020-10-16T13:36Z,,12774.0,2020-10-16,6T13,,,,,,,,,,,,,
2020-10-16T16:03:00-CME-001,M2M_CATALOG,2020-10-16T16:03Z,S23W66,12775.0,2020-10-16,6T16,,,,,,,,,,,,,
2020-10-18T09:24:00-CME-001,M2M_CATALOG,2020-10-18T09:24Z,,,2020-10-18,8T09,,,,,,,,,,,,,
2020-10-22T13:09:00-CME-001,M2M_CATALOG,2020-10-22T13:09Z,,,2020-10-22,2T13,,,,,,,,,,,,,
2020-10-23T04:39:00-CME-001,M2M_CATALOG,2020-10-23T04:39Z,,,2020-10-23,3T04,,,,,,,,,,,,,
2020-10-23T22:35:00-CME-001,M2M_CATALOG,2020-10-23T22:35Z,,,2020-10-23,3T22,,,,,,,,,,,,,
2020-10-26T09:12:00-CME-001,M2M_CATALOG,2020-10-26T09:12Z,,,2020-10-26,6T09,,,,,,,,,,,,,
2020-10-26T18:09:00-CME-001,M2M_CATALOG,2020-10-26T18:09Z,,,2020-10-26,6T18,,,,,,,,,,,,,
2020-10-27T03:39:00-CME-001,M2M_CATALOG,2020-10-27T03:39Z,,,2020-10-27,7T03,,,,,,,,,,,,,
2020-10-28T13:42:00-CME-001,M2M_CATALOG,2020-10-28T13:42Z,,,2020-10-28,8T13,,,,,,,,,,,,,
2020-11-18T13:24:00-CME-001,M2M_CATALOG,2020-11-18T13:24Z,,,2020-11-18,8T13,,,,,,,,,,,,,
2020-11-18T13:36:00-CME-001,M2M_CATALOG,2020-11-18T13:36Z,,,2020-11-18,8T13,,,,,,,,,,,,,
2020-10-29T01:54:00-CME-001,M2M_CATALOG,2020-10-29T01:54Z,S19W28,12779.0,2020-10-29,9T01,,,,,,,,,,,,,
2020-10-31T00:12:00-CME-001,M2M_CATALOG,2020-10-31T00:12Z,,,2020-10-31,1T00,,,,,,,,,,,,,
2020-12-11T00:36:00-CME-001,M2M_CATALOG,2020-12-11T00:36Z,,,2020-12-11,1T00,,,,,,,,,,,,,
2020-11-01T20:00:00-CME-001,M2M_CATALOG,2020-11-01T20:00Z,,,2020-11-01,1T20,,,,,,,,,,,,,
2020-11-02T05:24:00-CME-001,M2M_CATALOG,2020-11-02T05:24Z,,,2020-11-02,2T05,,,,,,,,,,,,,
2020-11-07T13:24:00-CME-001,M2M_CATALOG,2020-11-07T13:24Z,N19W01,12780.0,2020-11-07,7T13,,,,,,,,,,,,,
2020-11-08T20:12:00-CME-001,M2M_CATALOG,2020-11-08T20:12Z,,,2020-11-08,8T20,,,,,,,,,,,,,
2020-11-11T19:36:00-CME-001,M2M_CATALOG,2020-11-11T19:36Z,S22E60,12782.0,2020-11-11,1T19,,,,,,,,,,,,,
2020-11-21T19:36:00-CME-001,M2M_CATALOG,2020-11-21T19:36Z,,,2020-11-21,1T19,,,,,,,,,,,,,
2020-12-11T19:09:00-CME-001,M2M_CATALOG,2020-12-11T19:09Z,,12791.0,2020-12-11,1T19,,,,,,,,,,,,,
2020-11-12T02:24:00-CME-001,M2M_CATALOG,2020-11-12T02:24Z,,,2020-11-12,2T02,,,,,,,,,,,,,
2020-11-13T12:24:00-CME-001,M2M_CATALOG,2020-11-13T12:24Z,,,2020-11-13,3T12,,,,,,,,,,,,,
2020-11-17T08:36:00-CME-001,M2M_CATALOG,2020-11-17T08:36Z,,,2020-11-17,7T08,,,,,,,,,,,,,
2020-11-17T19:00:00-CME-001,M2M_CATALOG,2020-11-17T19:00Z,,,2020-11-17,7T19,,,,,,,,,,,,,
2020-10-28T13:42:00-CME-001,M2M_CATALOG,2020-10-28T13:42Z,,,2020-10-28,8T13,,,,,,,,,,,,,
2020-11-18T13:24:00-CME-001,M2M_CATALOG,2020-11-18T13:24Z,,,2020-11-18,8T13,,,,,,,,,,,,,
2020-11-18T13:36:00-CME-001,M2M_CATALOG,2020-11-18T13:36Z,,,2020-11-18,8T13,,,,,,,,,,,,,
2020-10-28T13:42:00-CME-001,M2M_CATALOG,2020-10-28T13:42Z,,,2020-10-28,8T13,,,,,,,,,,,,,
2020-11-18T13:24:00-CME-001,M2M_CATALOG,2020-11-18T13:24Z,,,2020-11-18,8T13,,,,,,,,,,,,,
2020-11-18T13:36:00-CME-001,M2M_CATALOG,2020-11-18T13:36Z,,,2020-11-18,8T13,,,,,,,,,,,,,
2020-11-18T21:48:00-CME-001,M2M_CATALOG,2020-11-18T21:48Z,S20E138,,2020-11-18,8T21,,,,,,,,,,,,,
2020-11-19T02:54:00-CME-001,M2M_CATALOG,2020-11-19T02:54Z,,,2020-11-19,9T02,,,,,,,,,,,,,
2020-11-19T03:12:00-CME-001,M2M_CATALOG,2020-11-19T03:12Z,N30E40,,2020-11-19,9T03,,,,,,,,,,,,,
2020-11-19T06:48:00-CME-001,M2M_CATALOG,2020-11-19T06:48Z,S23E49,,2020-11-19,9T06,,,,,,,,,,,,,
2020-11-19T15:12:00-CME-001,M2M_CATALOG,2020-11-19T15:12Z,,,2020-11-19,9T15,,,,,,,,,,,,,
2020-11-29T15:05:00-CME-001,M2M_CATALOG,2020-11-29T15:05Z,,12783.0,2020-11-29,9T15,,,,,,,,,,,,,
2020-10-10T04:24:00-CME-001,M2M_CATALOG,2020-10-10T04:24Z,,,2020-10-10,0T04,,,,,,,,,,,,,
2020-10-13T21:12:00-CME-001,M2M_CATALOG,2020-10-13T21:12Z,S23W37,12775.0,2020-10-13,3T21,,,,,,,,,,,,,
2020-10-14T03:24:00-CME-001,M2M_CATALOG,2020-10-14T03:24Z,,,2020-10-14,4T03,,,,,,,,,,,,,
2020-10-15T11:24:00-CME-001,M2M_CATALOG,2020-10-15T11:24Z,,,2020-10-15,5T11,,,,,,,,,,,,,
2020-10-15T16:36:00-CME-001,M2M_CATALOG,2020-10-15T16:36Z,,,2020-10-15,5T16,,,,,,,,,,,,,
2020-10-16T13:36:00-CME-001,M2M_CATALOG,2020-10-16T13:36Z,,12774.0,2020-10-16,6T13,3546.0,a85d98f5-4843-4d40-8e15-882ac237641a,Heineken,Bell’s Expedition,Dark Lager,Cluster,3638 - Bavarian Wheat,Roasted barley,26 IBU,2.3%,15.9°Blg,Paises Bajos,1864.0
2020-10-16T16:03:00-CME-001,M2M_CATALOG,2020-10-16T16:03Z,S23W66,12775.0,2020-10-16,6T16,,,,,,,,,,,,,
2020-10-18T09:24:00-CME-001,M2M_CATALOG,2020-10-18T09:24Z,,,2020-10-18,8T09,,,,,,,,,,,,,
2020-10-22T13:09:00-CME-001,M2M_CATALOG,2020-10-22T13:09Z,,,2020-10-22,2T13,,,,,,,,,,,,,
2020-11-02T05:24:00-CME-001,M2M_CATALOG,2020-11-02T05:24Z,,,2020-11-02,2T05,,,,,,,,,,,,,
2020-11-07T13:24:00-CME-001,M2M_CATALOG,2020-11-07T13:24Z,N19W01,12780.0,2020-11-07,7T13,,,,,,,,,,,,,
2020-11-08T20:12:00-CME-001,M2M_CATALOG,2020-11-08T20:12Z,,,2020-11-08,8T20,,,,,,,,,,,,,
2020-11-11T19:36:00-CME-001,M2M_CATALOG,2020-11-11T19:36Z,S22E60,12782.0,2020-11-11,1T19,,,,,,,,,,,,,
2020-11-21T19:36:00-CME-001,M2M_CATALOG,2020-11-21T19:36Z,,,2020-11-21,1T19,,,,,,,,,,,,,
2020-12-11T19:09:00-CME-001,M2M_CATALOG,2020-12-11T19:09Z,,12791.0,2020-12-11,1T19,,,,,,,,,,,,,
2020-11-12T02:24:00-CME-001,M2M_CATALOG,2020-11-12T02:24Z,,,2020-11-12,2T02,,,,,,,,,,,,,
2020-11-13T12:24:00-CME-001,M2M_CATALOG,2020-11-13T12:24Z,,,2020-11-13,3T12,,,,,,,,,,,,,
2020-11-17T08:36:00-CME-001,M2M_CATALOG,2020-11-17T08:36Z,,,2020-11-17,7T08,,,,,,,,,,,,,
2020-11-17T19:00:00-CME-001,M2M_CATALOG,2020-11-17T19:00Z,,,2020-11-17,7T19,,,,,,,,,,,,,
2020-11-18T21:48:00-CME-001,M2M_CATALOG,2020-11-18T21:48Z,S20E138,,2020-11-18,8T21,,,,,,,,,,,,,
2020-11-19T02:54:00-CME-001,M2M_CATALOG,2020-11-19T02:54Z,,,2020-11-19,9T02,,,,,,,,,,,,,
2020-11-27T05:48:00-CME-001,M2M_CATALOG,2020-11-27T05:48Z,,,2020-11-27,7T05,,,,,,,,,,,,,
2020-11-29T13:24:00-CME-001,M2M_CATALOG,2020-11-29T13:24Z,S23E97,,2020-11-29,9T13,,,,,,,,,,,,,
2020-11-30T07:09:00-CME-001,M2M_CATALOG,2020-11-30T07:09Z,,,2020-11-30,0T07,,,,,,,,,,,,,
2020-12-01T05:48:00-CME-001,M2M_CATALOG,2020-12-01T05:48Z,S25E80,12790.0,2020-12-01,1T05,,,,,,,,,,,,,
2020-12-01T07:12:00-CME-001,M2M_CATALOG,2020-12-01T07:12Z,N35E30,12787.0,2020-12-01,1T07,,,,,,,,,,,,,
2020-12-03T11:12:00-CME-001,M2M_CATALOG,2020-12-03T11:12Z,S30E137,,2020-12-03,3T11,,,,,,,,,,,,,
2020-12-04T02:48:00-CME-001,M2M_CATALOG,2020-12-04T02:48Z,,,2020-12-04,4T02,3566.0,e6396c30-7599-4776-9909-3e31bb796766,Hoegaarden,Westmalle Trappist Tripel,European Amber Lager,Chelan,5335 - Lactobacillus,Chocolate malt,50 IBU,7.9%,12.8°Blg,Belgica,1445.0
2020-12-06T22:00:00-CME-001,M2M_CATALOG,2020-12-06T22:00Z,,,2020-12-06,6T22,,,,,,,,,,,,,
2020-12-07T16:24:00-CME-001,M2M_CATALOG,2020-12-07T16:24Z,S23W11,12790.0,2020-12-07,7T16,,,,,,,,,,,,,
2020-12-07T18:36:00-CME-001,M2M_CATALOG,2020-12-07T18:36Z,S40W30,,2020-12-07,7T18,,,,,,,,,,,,,
2020-12-17T06:48:00-CME-001,M2M_CATALOG,2020-12-17T06:48Z,,,2020-12-17,7T06,,,,,,,,,,,,,
2020-12-27T00:48:00-CME-001,M2M_CATALOG,2020-12-27T00:48Z,,,2020-12-27,7T00,,,,,,,,,,,,,
2020-12-30T02:24:00-CME-001,M2M_CATALOG,2020-12-30T02:24Z,S20E08,12795.0,2020-12-30,0T02,,,,,,,,,,,,,
2020-10-10T04:24:00-CME-001,M2M_CATALOG,2020-10-10T04:24Z,,,2020-10-10,0T04,,,,,,,,,,,,,
2020-10-13T21:12:00-CME-001,M2M_CATALOG,2020-10-13T21:12Z,S23W37,12775.0,2020-10-13,3T21,,,,,,,,,,,,,
2020-10-14T03:24:00-CME-001,M2M_CATALOG,2020-10-14T03:24Z,,,2020-10-14,4T03,,,,,,,,,,,,,
2020-10-15T11:24:00-CME-001,M2M_CATALOG,2020-10-15T11:24Z,,,2020-10-15,5T11,,,,,,,,,,,,,
2020-10-15T16:36:00-CME-001,M2M_CATALOG,2020-10-15T16:36Z,,,2020-10-15,5T16,,,,,,,,,,,,,
2020-10-16T13:36:00-CME-001,M2M_CATALOG,2020-10-16T13:36Z,,12774.0,2020-10-16,6T13,,,,,,,,,,,,,
2020-10-16T16:03:00-CME-001,M2M_CATALOG,2020-10-16T16:03Z,S23W66,12775.0,2020-10-16,6T16,,,,,,,,,,,,,
2020-10-18T09:24:00-CME-001,M2M_CATALOG,2020-10-18T09:24Z,,,2020-10-18,8T09,,,,,,,,,,,,,
2020-10-22T13:09:00-CME-001,M2M_CATALOG,2020-10-22T13:09Z,,,2020-10-22,2T13,,,,,,,,,,,,,
2020-11-02T05:24:00-CME-001,M2M_CATALOG,2020-11-02T05:24Z,,,2020-11-02,2T05,,,,,,,,,,,,,
2020-11-07T13:24:00-CME-001,M2M_CATALOG,2020-11-07T13:24Z,N19W01,12780.0,2020-11-07,7T13,,,,,,,,,,,,,
2020-11-08T20:12:00-CME-001,M2M_CATALOG,2020-11-08T20:12Z,,,2020-11-08,8T20,,,,,,,,,,,,,
2020-11-11T19:36:00-CME-001,M2M_CATALOG,2020-11-11T19:36Z,S22E60,12782.0,2020-11-11,1T19,,,,,,,,,,,,,
2020-11-21T19:36:00-CME-001,M2M_CATALOG,2020-11-21T19:36Z,,,2020-11-21,1T19,,,,,,,,,,,,,
2020-12-11T19:09:00-CME-001,M2M_CATALOG,2020-12-11T19:09Z,,12791.0,2020-12-11,1T19,,,,,,,,,,,,,
2020-11-12T02:24:00-CME-001,M2M_CATALOG,2020-11-12T02:24Z,,,2020-11-12,2T02,,,,,,,,,,,,,
2020-11-13T12:24:00-CME-001,M2M_CATALOG,2020-11-13T12:24Z,,,2020-11-13,3T12,,,,,,,,,,,,,
2020-11-17T08:36:00-CME-001,M2M_CATALOG,2020-11-17T08:36Z,,,2020-11-17,7T08,,,,,,,,,,,,,
2020-11-17T19:00:00-CME-001,M2M_CATALOG,2020-11-17T19:00Z,,,2020-11-17,7T19,,,,,,,,,,,,,
2020-11-18T21:48:00-CME-001,M2M_CATALOG,2020-11-18T21:48Z,S20E138,,2020-11-18,8T21,,,,,,,,,,,,,
2020-11-19T02:54:00-CME-001,M2M_CATALOG,2020-11-19T02:54Z,,,2020-11-19,9T02,,,,,,,,,,,,,
2020-11-27T05:48:00-CME-001,M2M_CATALOG,2020-11-27T05:48Z,,,2020-11-27,7T05,,,,,,,,,,,,,
2020-11-29T13:24:00-CME-001,M2M_CATALOG,2020-11-29T13:24Z,S23E97,,2020-11-29,9T13,,,,,,,,,,,,,
2020-11-30T07:09:00-CME-001,M2M_CATALOG,2020-11-30T07:09Z,,,2020-11-30,0T07,,,,,,,,,,,,,
2020-12-01T05:48:00-CME-001,M2M_CATALOG,2020-12-01T05:48Z,S25E80,12790.0,2020-12-01,1T05,,,,,,,,,,,,,
2020-12-01T07:12:00-CME-001,M2M_CATALOG,2020-12-01T07:12Z,N35E30,12787.0,2020-12-01,1T07,,,,,,,,,,,,,
2020-12-03T11:12:00-CME-001,M2M_CATALOG,2020-12-03T11:12Z,S30E137,,2020-12-03,3T11,,,,,,,,,,,,,
2020-12-04T02:48:00-CME-001,M2M_CATALOG,2020-12-04T02:48Z,,,2020-12-04,4T02,,,,,,,,,,,,,
2020-12-06T22:00:00-CME-001,M2M_CATALOG,2020-12-06T22:00Z,,,2020-12-06,6T22,,,,,,,,,,,,,
2020-12-07T16:24:00-CME-001,M2M_CATALOG,2020-12-07T16:24Z,S23W11,12790.0,2020-12-07,7T16,,,,,,,,,,,,,
2020-12-07T18:36:00-CME-001,M2M_CATALOG,2020-12-07T18:36Z,S40W30,,2020-12-07,7T18,,,,,,,,,,,,,
2020-12-17T06:48:00-CME-001,M2M_CATALOG,2020-12-17T06:48Z,,,2020-12-17,7T06,,,,,,,,,,,,,
2020-12-27T00:48:00-CME-001,M2M_CATALOG,2020-12-27T00:48Z,,,2020-12-27,7T00,,,,,,,,,,,,,
2020-12-30T02:24:00-CME-001,M2M_CATALOG,2020-12-30T02:24Z,S20E08,12795.0,2020-12-30,0T02,,,,,,,,,,,,,
2020-10-10T04:24:00-CME-001,M2M_CATALOG,2020-10-10T04:24Z,,,2020-10-10,0T04,,,,,,,,,,,,,
2020-10-13T21:12:00-CME-001,M2M_CATALOG,2020-10-13T21:12Z,S23W37,12775.0,2020-10-13,3T21,,,,,,,,,,,,,
2020-10-14T03:24:00-CME-001,M2M_CATALOG,2020-10-14T03:24Z,,,2020-10-14,4T03,,,,,,,,,,,,,
2020-10-15T11:24:00-CME-001,M2M_CATALOG,2020-10-15T11:24Z,,,2020-10-15,5T11,,,,,,,,,,,,,
2020-10-15T16:36:00-CME-001,M2M_CATALOG,2020-10-15T16:36Z,,,2020-10-15,5T16,,,,,,,,,,,,,
2020-10-16T13:36:00-CME-001,M2M_CATALOG,2020-10-16T13:36Z,,12774.0,2020-10-16,6T13,,,,,,,,,,,,,
2020-10-16T16:03:00-CME-001,M2M_CATALOG,2020-10-16T16:03Z,S23W66,12775.0,2020-10-16,6T16,,,,,,,,,,,,,
2020-10-18T09:24:00-CME-001,M2M_CATALOG,2020-10-18T09:24Z,,,2020-10-18,8T09,,,,,,,,,,,,,
2020-10-22T13:09:00-CME-001,M2M_CATALOG,2020-10-22T13:09Z,,,2020-10-22,2T13,,,,,,,,,,,,,
2020-11-02T05:24:00-CME-001,M2M_CATALOG,2020-11-02T05:24Z,,,2020-11-02,2T05,,,,,,,,,,,,,
2020-11-07T13:24:00-CME-001,M2M_CATALOG,2020-11-07T13:24Z,N19W01,12780.0,2020-11-07,7T13,,,,,,,,,,,,,
2020-11-08T20:12:00-CME-001,M2M_CATALOG,2020-11-08T20:12Z,,,2020-11-08,8T20,,,,,,,,,,,,,
2020-11-11T19:36:00-CME-001,M2M_CATALOG,2020-11-11T19:36Z,S22E60,12782.0,2020-11-11,1T19,,,,,,,,,,,,,
2020-11-21T19:36:00-CME-001,M2M_CATALOG,2020-11-21T19:36Z,,,2020-11-21,1T19,,,,,,,,,,,,,
2020-12-11T19:09:00-CME-001,M2M_CATALOG,2020-12-11T19:09Z,,12791.0,2020-12-11,1T19,,,,,,,,,,,,,
2020-11-12T02:24:00-CME-001,M2M_CATALOG,2020-11-12T02:24Z,,,2020-11-12,2T02,,,,,,,,,,,,,
2020-11-13T12:24:00-CME-001,M2M_CATALOG,2020-11-13T12:24Z,,,2020-11-13,3T12,,,,,,,,,,,,,
2020-11-17T08:36:00-CME-001,M2M_CATALOG,2020-11-17T08:36Z,,,2020-11-17,7T08,,,,,,,,,,,,,
2020-11-17T19:00:00-CME-001,M2M_CATALOG,2020-11-17T19:00Z,,,2020-11-17,7T19,,,,,,,,,,,,,
2020-11-18T21:48:00-CME-001,M2M_CATALOG,2020-11-18T21:48Z,S20E138,,2020-11-18,8T21,,,,,,,,,,,,,
2020-11-19T02:54:00-CME-001,M2M_CATALOG,2020-11-19T02:54Z,,,2020-11-19,9T02,,,,,,,,,,,,,
2020-11-27T05:48:00-CME-001,M2M_CATALOG,2020-11-27T05:48Z,,,2020-11-27,7T05,,,,,,,,,,,,,
2020-11-29T13:24:00-CME-001,M2M_CATALOG,2020-11-29T13:24Z,S23E97,,2020-11-29,9T13,,,,,,,,,,,,,
2020-11-30T07:09:00-CME-001,M2M_CATALOG,2020-11-30T07:09Z,,,2020-11-30,0T07,,,,,,,,,,,,,
2020-12-01T05:48:00-CME-001,M2M_CATALOG,2020-12-01T05:48Z,S25E80,12790.0,2020-12-01,1T05,,,,,,,,,,,,,
2020-12-01T07:12:00-CME-001,M2M_CATALOG,2020-12-01T07:12Z,N35E30,12787.0,2020-12-01,1T07,,,,,,,,,,,,,
2020-12-03T11:12:00-CME-001,M2M_CATALOG,2020-12-03T11:12Z,S30E137,,2020-12-03,3T11,,,,,,,,,,,,,
2020-12-04T02:48:00-CME-001,M2M_CATALOG,2020-12-04T02:48Z,,,2020-12-04,4T02,,,,,,,,,,,,,
2020-12-06T22:00:00-CME-001,M2M_CATALOG,2020-12-06T22:00Z,,,2020-12-06,6T22,,,,,,,,,,,,,
2020-12-07T16:24:00-CME-001,M2M_CATALOG,2020-12-07T16:24Z,S23W11,12790.0,2020-12-07,7T16,,,,,,,,,,,,,
2020-12-07T18:36:00-CME-001,M2M_CATALOG,2020-12-07T18:36Z,S40W30,,2020-12-07,7T18,,,,,,,,,,,,,
2020-12-17T06:48:00-CME-001,M2M_CATALOG,2020-12-17T06:48Z,,,2020-12-17,7T06,,,,,,,,,,,,,
2020-12-27T00:48:00-CME-001,M2M_CATALOG,2020-12-27T00:48Z,,,2020-12-27,7T00,,,,,,,,,,,,,
2020-12-30T02:24:00-CME-001,M2M_CATALOG,2020-12-30T02:24Z,S20E08,12795.0,2020-12-30,0T02,,,,,,,,,,,,,
2020-10-23T04:39:00-CME-001,M2M_CATALOG,2020-10-23T04:39Z,,,2020-10-23,3T04,,,,,,,,,,,,,
2020-10-23T22:35:00-CME-001,M2M_CATALOG,2020-10-23T22:35Z,,,2020-10-23,3T22,,,,,,,,,,,,,
2020-10-10T04:24:00-CME-001,M2M_CATALOG,2020-10-10T04:24Z,,,2020-10-10,0T04,,,,,,,,,,,,,
2020-10-13T21:12:00-CME-001,M2M_CATALOG,2020-10-13T21:12Z,S23W37,12775.0,2020-10-13,3T21,,,,,,,,,,,,,
2020-10-14T03:24:00-CME-001,M2M_CATALOG,2020-10-14T03:24Z,,,2020-10-14,4T03,,,,,,,,,,,,,
2020-10-15T11:24:00-CME-001,M2M_CATALOG,2020-10-15T11:24Z,,,2020-10-15,5T11,,,,,,,,,,,,,
2020-10-15T16:36:00-CME-001,M2M_CATALOG,2020-10-15T16:36Z,,,2020-10-15,5T16,,,,,,,,,,,,,
2020-10-16T13:36:00-CME-001,M2M_CATALOG,2020-10-16T13:36Z,,12774.0,2020-10-16,6T13,,,,,,,,,,,,,
2020-10-16T16:03:00-CME-001,M2M_CATALOG,2020-10-16T16:03Z,S23W66,12775.0,2020-10-16,6T16,,,,,,,,,,,,,
2020-10-18T09:24:00-CME-001,M2M_CATALOG,2020-10-18T09:24Z,,,2020-10-18,8T09,,,,,,,,,,,,,
2020-10-22T13:09:00-CME-001,M2M_CATALOG,2020-10-22T13:09Z,,,2020-10-22,2T13,,,,,,,,,,,,,
2020-10-23T04:39:00-CME-001,M2M_CATALOG,2020-10-23T04:39Z,,,2020-10-23,3T04,,,,,,,,,,,,,
2020-10-23T22:35:00-CME-001,M2M_CATALOG,2020-10-23T22:35Z,,,2020-10-23,3T22,,,,,,,,,,,,,
2020-10-26T09:12:00-CME-001,M2M_CATALOG,2020-10-26T09:12Z,,,2020-10-26,6T09,,,,,,,,,,,,,
2020-10-26T18:09:00-CME-001,M2M_CATALOG,2020-10-26T18:09Z,,,2020-10-26,6T18,,,,,,,,,,,,,
2020-10-27T03:39:00-CME-001,M2M_CATALOG,2020-10-27T03:39Z,,,2020-10-27,7T03,,,,,,,,,,,,,
2020-10-28T13:42:00-CME-001,M2M_CATALOG,2020-10-28T13:42Z,,,2020-10-28,8T13,,,,,,,,,,,,,
2020-11-18T13:24:00-CME-001,M2M_CATALOG,2020-11-18T13:24Z,,,2020-11-18,8T13,,,,,,,,,,,,,
2020-11-18T13:36:00-CME-001,M2M_CATALOG,2020-11-18T13:36Z,,,2020-11-18,8T13,,,,,,,,,,,,,
2020-10-29T01:54:00-CME-001,M2M_CATALOG,2020-10-29T01:54Z,S19W28,12779.0,2020-10-29,9T01,,,,,,,,,,,,,
2020-10-31T00:12:00-CME-001,M2M_CATALOG,2020-10-31T00:12Z,,,2020-10-31,1T00,,,,,,,,,,,,,
2020-12-11T00:36:00-CME-001,M2M_CATALOG,2020-12-11T00:36Z,,,2020-12-11,1T00,,,,,,,,,,,,,
2020-11-01T20:00:00-CME-001,M2M_CATALOG,2020-11-01T20:00Z,,,2020-11-01,1T20,,,,,,,,,,,,,
2020-11-02T05:24:00-CME-001,M2M_CATALOG,2020-11-02T05:24Z,,,2020-11-02,2T05,,,,,,,,,,,,,
2020-11-07T13:24:00-CME-001,M2M_CATALOG,2020-11-07T13:24Z,N19W01,12780.0,2020-11-07,7T13,,,,,,,,,,,,,
2020-11-08T20:12:00-CME-001,M2M_CATALOG,2020-11-08T20:12Z,,,2020-11-08,8T20,,,,,,,,,,,,,
2020-11-11T19:36:00-CME-001,M2M_CATALOG,2020-11-11T19:36Z,S22E60,12782.0,2020-11-11,1T19,,,,,,,,,,,,,
2020-11-21T19:36:00-CME-001,M2M_CATALOG,2020-11-21T19:36Z,,,2020-11-21,1T19,,,,,,,,,,,,,
2020-12-11T19:09:00-CME-001,M2M_CATALOG,2020-12-11T19:09Z,,12791.0,2020-12-11,1T19,,,,,,,,,,,,,
2020-11-12T02:24:00-CME-001,M2M_CATALOG,2020-11-12T02:24Z,,,2020-11-12,2T02,,,,,,,,,,,,,
2020-11-13T12:24:00-CME-001,M2M_CATALOG,2020-11-13T12:24Z,,,2020-11-13,3T12,,,,,,,,,,,,,
2020-11-17T08:36:00-CME-001,M2M_CATALOG,2020-11-17T08:36Z,,,2020-11-17,7T08,,,,,,,,,,,,,
2020-11-17T19:00:00-CME-001,M2M_CATALOG,2020-11-17T19:00Z,,,2020-11-17,7T19,,,,,,,,,,,,,
2020-10-28T13:42:00-CME-001,M2M_CATALOG,2020-10-28T13:42Z,,,2020-10-28,8T13,,,,,,,,,,,,,
2020-11-18T13:24:00-CME-001,M2M_CATALOG,2020-11-18T13:24Z,,,2020-11-18,8T13,,,,,,,,,,,,,
2020-11-18T13:36:00-CME-001,M2M_CATALOG,2020-11-18T13:36Z,,,2020-11-18,8T13,,,,,,,,,,,,,
2020-10-28T13:42:00-CME-001,M2M_CATALOG,2020-10-28T13:42Z,,,2020-10-28,8T13,,,,,,,,,,,,,
2020-11-18T13:24:00-CME-001,M2M_CATALOG,2020-11-18T13:24Z,,,2020-11-18,8T13,,,,,,,,,,,,,
2020-11-18T13:36:00-CME-001,M2M_CATALOG,2020-11-18T13:36Z,,,2020-11-18,8T13,,,,,,,,,,,,,
2020-11-18T21:48:00-CME-001,M2M_CATALOG,2020-11-18T21:48Z,S20E138,,2020-11-18,8T21,,,,,,,,,,,,,
2020-11-19T02:54:00-CME-001,M2M_CATALOG,2020-11-19T02:54Z,,,2020-11-19,9T02,,,,,,,,,,,,,
2020-11-19T03:12:00-CME-001,M2M_CATALOG,2020-11-19T03:12Z,N30E40,,2020-11-19,9T03,,,,,,,,,,,,,
2020-11-19T06:48:00-CME-001,M2M_CATALOG,2020-11-19T06:48Z,S23E49,,2020-11-19,9T06,,,,,,,,,,,,,
2020-11-19T15:12:00-CME-001,M2M_CATALOG,2020-11-19T15:12Z,,,2020-11-19,9T15,,,,,,,,,,,,,
2020-11-29T15:05:00-CME-001,M2M_CATALOG,2020-11-29T15:05Z,,12783.0,2020-11-29,9T15,,,,,,,,,,,,,
2020-11-20T19:51:00-CME-001,M2M_CATALOG,2020-11-20T19:51Z,,12783.0,2020-11-20,0T19,,,,,,,,,,,,,
2020-11-20T21:12:00-CME-001,M2M_CATALOG,2020-11-20T21:12Z,,,2020-11-20,0T21,,,,,,,,,,,,,
2020-11-11T19:36:00-CME-001,M2M_CATALOG,2020-11-11T19:36Z,S22E60,12782.0,2020-11-11,1T19,,,,,,,,,,,,,
2020-11-21T19:36:00-CME-001,M2M_CATALOG,2020-11-21T19:36Z,,,2020-11-21,1T19,,,,,,,,,,,,,
2020-12-11T19:09:00-CME-001,M2M_CATALOG,2020-12-11T19:09Z,,12791.0,2020-12-11,1T19,,,,,,,,,,,,,
2020-11-21T23:12:00-CME-001,M2M_CATALOG,2020-11-21T23:12Z,,,2020-11-21,1T23,,,,,,,,,,,,,
2020-11-22T01:36:00-CME-001,M2M_CATALOG,2020-11-22T01:36Z,,,2020-11-22,2T01,,,,,,,,,,,,,
2020-11-23T18:48:00-CME-001,M2M_CATALOG,2020-11-23T18:48Z,,,2020-11-23,3T18,,,,,,,,,,,,,
2020-11-24T04:36:00-CME-001,M2M_CATALOG,2020-11-24T04:36Z,S20E65,12785.0,2020-11-24,4T04,,,,,,,,,,,,,
2020-11-24T11:24:00-CME-001,M2M_CATALOG,2020-11-24T11:24Z,,,2020-11-24,4T11,,,,,,,,,,,,,
2020-12-04T11:09:00-CME-001,M2M_CATALOG,2020-12-04T11:09Z,,,2020-12-04,4T11,,,,,,,,,,,,,
2020-11-24T13:24:00-CME-001,M2M_CATALOG,2020-11-24T13:24Z,,,2020-11-24,4T13,,,,,,,,,,,,,
2020-11-26T08:24:00-CME-001,M2M_CATALOG,2020-11-26T08:24Z,,,2020-11-26,6T08,,,,,,,,,,,,,
2020-11-26T21:24:00-CME-001,M2M_CATALOG,2020-11-26T21:24Z,N32E90,12787.0,2020-11-26,6T21,,,,,,,,,,,,,
2020-11-27T05:48:00-CME-001,M2M_CATALOG,2020-11-27T05:48Z,,,2020-11-27,7T05,,,,,,,,,,,,,
2020-11-29T13:24:00-CME-001,M2M_CATALOG,2020-11-29T13:24Z,S23E97,,2020-11-29,9T13,,,,,,,,,,,,,
2020-11-19T15:12:00-CME-001,M2M_CATALOG,2020-11-19T15:12Z,,,2020-11-19,9T15,,,,,,,,,,,,,
2020-11-29T15:05:00-CME-001,M2M_CATALOG,2020-11-29T15:05Z,,12783.0,2020-11-29,9T15,,,,,,,,,,,,,
2020-11-30T07:09:00-CME-001,M2M_CATALOG,2020-11-30T07:09Z,,,2020-11-30,0T07,,,,,,,,,,,,,
2020-12-01T05:48:00-CME-001,M2M_CATALOG,2020-12-01T05:48Z,S25E80,12790.0,2020-12-01,1T05,,,,,,,,,,,,,
2020-12-01T07:12:00-CME-001,M2M_CATALOG,2020-12-01T07:12Z,N35E30,12787.0,2020-12-01,1T07,,,,,,,,,,,,,
2020-12-03T11:12:00-CME-001,M2M_CATALOG,2020-12-03T11:12Z,S30E137,,2020-12-03,3T11,,,,,,,,,,,,,
2020-12-04T02:48:00-CME-001,M2M_CATALOG,2020-12-04T02:48Z,,,2020-12-04,4T02,,,,,,,,,,,,,
2020-11-24T11:24:00-CME-001,M2M_CATALOG,2020-11-24T11:24Z,,,2020-11-24,4T11,,,,,,,,,,,,,
2020-12-04T11:09:00-CME-001,M2M_CATALOG,2020-12-04T11:09Z,,,2020-12-04,4T11,,,,,,,,,,,,,
2020-12-06T22:00:00-CME-001,M2M_CATALOG,2020-12-06T22:00Z,,,2020-12-06,6T22,,,,,,,,,,,,,
2020-12-07T16:24:00-CME-001,M2M_CATALOG,2020-12-07T16:24Z,S23W11,12790.0,2020-12-07,7T16,,,,,,,,,,,,,
2020-12-07T18:36:00-CME-001,M2M_CATALOG,2020-12-07T18:36Z,S40W30,,2020-12-07,7T18,,,,,,,,,,,,,
2020-10-31T00:12:00-CME-001,M2M_CATALOG,2020-10-31T00:12Z,,,2020-10-31,1T00,,,,,,,,,,,,,
2020-12-11T00:36:00-CME-001,M2M_CATALOG,2020-12-11T00:36Z,,,2020-12-11,1T00,,,,,,,,,,,,,
2020-11-11T19:36:00-CME-001,M2M_CATALOG,2020-11-11T19:36Z,S22E60,12782.0,2020-11-11,1T19,,,,,,,,,,,,,
2020-11-21T19:36:00-CME-001,M2M_CATALOG,2020-11-21T19:36Z,,,2020-11-21,1T19,,,,,,,,,,,,,
2020-12-11T19:09:00-CME-001,M2M_CATALOG,2020-12-11T19:09Z,,12791.0,2020-12-11,1T19,,,,,,,,,,,,,
2020-12-12T04:12:00-CME-001,M2M_CATALOG,2020-12-12T04:12Z,,,2020-12-12,2T04,,,,,,,,,,,,,
2020-12-13T09:24:00-CME-001,M2M_CATALOG,2020-12-13T09:24Z,,,2020-12-13,3T09,,,,,,,,,,,,,
2020-12-14T15:12:00-CME-001,M2M_CATALOG,2020-12-14T15:12Z,S22E44,12792.0,2020-12-14,4T15,,,,,,,,,,,,,
2020-12-14T21:12:00-CME-001,M2M_CATALOG,2020-12-14T21:12Z,N40E110,,2020-12-14,4T21,,,,,,,,,,,,,
2020-12-17T06:48:00-CME-001,M2M_CATALOG,2020-12-17T06:48Z,,,2020-12-17,7T06,,,,,,,,,,,,,
2020-12-27T00:48:00-CME-001,M2M_CATALOG,2020-12-27T00:48Z,,,2020-12-27,7T00,,,,,,,,,,,,,
2020-12-30T02:24:00-CME-001,M2M_CATALOG,2020-12-30T02:24Z,S20E08,12795.0,2020-12-30,0T02,,,,,,,,,,,,,
2020-10-10T04:24:00-CME-001,M2M_CATALOG,2020-10-10T04:24Z,,,2020-10-10,0T04,,,,,,,,,,,,,
2020-10-13T21:12:00-CME-001,M2M_CATALOG,2020-10-13T21:12Z,S23W37,12775.0,2020-10-13,3T21,,,,,,,,,,,,,
2020-10-14T03:24:00-CME-001,M2M_CATALOG,2020-10-14T03:24Z,,,2020-10-14,4T03,,,,,,,,,,,,,
2020-10-15T11:24:00-CME-001,M2M_CATALOG,2020-10-15T11:24Z,,,2020-10-15,5T11,,,,,,,,,,,,,
2020-10-15T16:36:00-CME-001,M2M_CATALOG,2020-10-15T16:36Z,,,2020-10-15,5T16,,,,,,,,,,,,,
2020-10-16T13:36:00-CME-001,M2M_CATALOG,2020-10-16T13:36Z,,12774.0,2020-10-16,6T13,,,,,,,,,,,,,
2020-10-16T16:03:00-CME-001,M2M_CATALOG,2020-10-16T16:03Z,S23W66,12775.0,2020-10-16,6T16,,,,,,,,,,,,,
2020-10-18T09:24:00-CME-001,M2M_CATALOG,2020-10-18T09:24Z,,,2020-10-18,8T09,,,,,,,,,,,,,
2020-10-22T13:09:00-CME-001,M2M_CATALOG,2020-10-22T13:09Z,,,2020-10-22,2T13,,,,,,,,,,,,,
2020-10-23T04:39:00-CME-001,M2M_CATALOG,2020-10-23T04:39Z,,,2020-10-23,3T04,,,,,,,,,,,,,
2020-10-23T22:35:00-CME-001,M2M_CATALOG,2020-10-23T22:35Z,,,2020-10-23,3T22,,,,,,,,,,,,,
2020-10-26T09:12:00-CME-001,M2M_CATALOG,2020-10-26T09:12Z,,,2020-10-26,6T09,,,,,,,,,,,,,
2020-10-26T18:09:00-CME-001,M2M_CATALOG,2020-10-26T18:09Z,,,2020-10-26,6T18,,,,,,,,,,,,,
2020-10-27T03:39:00-CME-001,M2M_CATALOG,2020-10-27T03:39Z,,,2020-10-27,7T03,,,,,,,,,,,,,
2020-10-28T13:42:00-CME-001,M2M_CATALOG,2020-10-28T13:42Z,,,2020-10-28,8T13,,,,,,,,,,,,,
2020-11-18T13:24:00-CME-001,M2M_CATALOG,2020-11-18T13:24Z,,,2020-11-18,8T13,,,,,,,,,,,,,
2020-11-18T13:36:00-CME-001,M2M_CATALOG,2020-11-18T13:36Z,,,2020-11-18,8T13,,,,,,,,,,,,,
2020-10-29T01:54:00-CME-001,M2M_CATALOG,2020-10-29T01:54Z,S19W28,12779.0,2020-10-29,9T01,,,,,,,,,,,,,
2020-10-31T00:12:00-CME-001,M2M_CATALOG,2020-10-31T00:12Z,,,2020-10-31,1T00,,,,,,,,,,,,,
2020-12-11T00:36:00-CME-001,M2M_CATALOG,2020-12-11T00:36Z,,,2020-12-11,1T00,,,,,,,,,,,,,
2020-11-01T20:00:00-CME-001,M2M_CATALOG,2020-11-01T20:00Z,,,2020-11-01,1T20,,,,,,,,,,,,,
2020-11-02T05:24:00-CME-001,M2M_CATALOG,2020-11-02T05:24Z,,,2020-11-02,2T05,,,,,,,,,,,,,
2020-11-07T13:24:00-CME-001,M2M_CATALOG,2020-11-07T13:24Z,N19W01,12780.0,2020-11-07,7T13,,,,,,,,,,,,,
2020-11-08T20:12:00-CME-001,M2M_CATALOG,2020-11-08T20:12Z,,,2020-11-08,8T20,,,,,,,,,,,,,
2020-11-11T19:36:00-CME-001,M2M_CATALOG,2020-11-11T19:36Z,S22E60,12782.0,2020-11-11,1T19,,,,,,,,,,,,,
2020-11-21T19:36:00-CME-001,M2M_CATALOG,2020-11-21T19:36Z,,,2020-11-21,1T19,,,,,,,,,,,,,
2020-12-11T19:09:00-CME-001,M2M_CATALOG,2020-12-11T19:09Z,,12791.0,2020-12-11,1T19,,,,,,,,,,,,,
2020-11-12T02:24:00-CME-001,M2M_CATALOG,2020-11-12T02:24Z,,,2020-11-12,2T02,,,,,,,,,,,,,
2020-11-13T12:24:00-CME-001,M2M_CATALOG,2020-11-13T12:24Z,,,2020-11-13,3T12,,,,,,,,,,,,,
2020-11-17T08:36:00-CME-001,M2M_CATALOG,2020-11-17T08:36Z,,,2020-11-17,7T08,,,,,,,,,,,,,
2020-11-17T19:00:00-CME-001,M2M_CATALOG,2020-11-17T19:00Z,,,2020-11-17,7T19,,,,,,,,,,,,,
2020-10-28T13:42:00-CME-001,M2M_CATALOG,2020-10-28T13:42Z,,,2020-10-28,8T13,,,,,,,,,,,,,
2020-11-18T13:24:00-CME-001,M2M_CATALOG,2020-11-18T13:24Z,,,2020-11-18,8T13,,,,,,,,,,,,,
2020-11-18T13:36:00-CME-001,M2M_CATALOG,2020-11-18T13:36Z,,,2020-11-18,8T13,,,,,,,,,,,,,
2020-10-28T13:42:00-CME-001,M2M_CATALOG,2020-10-28T13:42Z,,,2020-10-28,8T13,,,,,,,,,,,,,
2020-11-18T13:24:00-CME-001,M2M_CATALOG,2020-11-18T13:24Z,,,2020-11-18,8T13,,,,,,,,,,,,,
2020-11-18T13:36:00-CME-001,M2M_CATALOG,2020-11-18T13:36Z,,,2020-11-18,8T13,,,,,,,,,,,,,
2020-11-18T21:48:00-CME-001,M2M_CATALOG,2020-11-18T21:48Z,S20E138,,2020-11-18,8T21,,,,,,,,,,,,,
2020-11-19T02:54:00-CME-001,M2M_CATALOG,2020-11-19T02:54Z,,,2020-11-19,9T02,,,,,,,,,,,,,
2020-11-19T03:12:00-CME-001,M2M_CATALOG,2020-11-19T03:12Z,N30E40,,2020-11-19,9T03,,,,,,,,,,,,,
2020-11-19T06:48:00-CME-001,M2M_CATALOG,2020-11-19T06:48Z,S23E49,,2020-11-19,9T06,,,,,,,,,,,,,
2020-11-19T15:12:00-CME-001,M2M_CATALOG,2020-11-19T15:12Z,,,2020-11-19,9T15,,,,,,,,,,,,,
2020-11-29T15:05:00-CME-001,M2M_CATALOG,2020-11-29T15:05Z,,12783.0,2020-11-29,9T15,,,,,,,,,,,,,
2020-11-20T19:51:00-CME-001,M2M_CATALOG,2020-11-20T19:51Z,,12783.0,2020-11-20,0T19,,,,,,,,,,,,,
2020-10-10T04:24:00-CME-001,M2M_CATALOG,2020-10-10T04:24Z,,,2020-10-10,0T04,,,,,,,,,,,,,
2020-10-13T21:12:00-CME-001,M2M_CATALOG,2020-10-13T21:12Z,S23W37,12775.0,2020-10-13,3T21,,,,,,,,,,,,,
2020-10-14T03:24:00-CME-001,M2M_CATALOG,2020-10-14T03:24Z,,,2020-10-14,4T03,,,,,,,,,,,,,
2020-10-15T11:24:00-CME-001,M2M_CATALOG,2020-10-15T11:24Z,,,2020-10-15,5T11,,,,,,,,,,,,,
2020-10-15T16:36:00-CME-001,M2M_CATALOG,2020-10-15T16:36Z,,,2020-10-15,5T16,,,,,,,,,,,,,
2020-10-16T13:36:00-CME-001,M2M_CATALOG,2020-10-16T13:36Z,,12774.0,2020-10-16,6T13,,,,,,,,,,,,,
2020-10-16T16:03:00-CME-001,M2M_CATALOG,2020-10-16T16:03Z,S23W66,12775.0,2020-10-16,6T16,,,,,,,,,,,,,
2020-10-18T09:24:00-CME-001,M2M_CATALOG,2020-10-18T09:24Z,,,2020-10-18,8T09,,,,,,,,,,,,,
2020-10-22T13:09:00-CME-001,M2M_CATALOG,2020-10-22T13:09Z,,,2020-10-22,2T13,,,,,,,,,,,,,
2020-10-23T04:39:00-CME-001,M2M_CATALOG,2020-10-23T04:39Z,,,2020-10-23,3T04,,,,,,,,,,,,,
2020-10-23T22:35:00-CME-001,M2M_CATALOG,2020-10-23T22:35Z,,,2020-10-23,3T22,,,,,,,,,,,,,
2020-10-26T09:12:00-CME-001,M2M_CATALOG,2020-10-26T09:12Z,,,2020-10-26,6T09,,,,,,,,,,,,,
2020-10-26T18:09:00-CME-001,M2M_CATALOG,2020-10-26T18:09Z,,,2020-10-26,6T18,,,,,,,,,,,,,
2020-10-27T03:39:00-CME-001,M2M_CATALOG,2020-10-27T03:39Z,,,2020-10-27,7T03,,,,,,,,,,,,,
2020-10-28T13:42:00-CME-001,M2M_CATALOG,2020-10-28T13:42Z,,,2020-10-28,8T13,,,,,,,,,,,,,
2020-11-18T13:24:00-CME-001,M2M_CATALOG,2020-11-18T13:24Z,,,2020-11-18,8T13,,,,,,,,,,,,,
2020-11-18T13:36:00-CME-001,M2M_CATALOG,2020-11-18T13:36Z,,,2020-11-18,8T13,,,,,,,,,,,,,
2020-10-29T01:54:00-CME-001,M2M_CATALOG,2020-10-29T01:54Z,S19W28,12779.0,2020-10-29,9T01,,,,,,,,,,,,,
2020-10-31T00:12:00-CME-001,M2M_CATALOG,2020-10-31T00:12Z,,,2020-10-31,1T00,,,,,,,,,,,,,
2020-12-11T00:36:00-CME-001,M2M_CATALOG,2020-12-11T00:36Z,,,2020-12-11,1T00,,,,,,,,,,,,,
2020-11-01T20:00:00-CME-001,M2M_CATALOG,2020-11-01T20:00Z,,,2020-11-01,1T20,,,,,,,,,,,,,
2020-11-02T05:24:00-CME-001,M2M_CATALOG,2020-11-02T05:24Z,,,2020-11-02,2T05,,,,,,,,,,,,,
2020-11-07T13:24:00-CME-001,M2M_CATALOG,2020-11-07T13:24Z,N19W01,12780.0,2020-11-07,7T13,,,,,,,,,,,,,
2020-11-08T20:12:00-CME-001,M2M_CATALOG,2020-11-08T20:12Z,,,2020-11-08,8T20,,,,,,,,,,,,,
2020-11-11T19:36:00-CME-001,M2M_CATALOG,2020-11-11T19:36Z,S22E60,12782.0,2020-11-11,1T19,,,,,,,,,,,,,
2020-11-21T19:36:00-CME-001,M2M_CATALOG,2020-11-21T19:36Z,,,2020-11-21,1T19,,,,,,,,,,,,,
2020-12-11T19:09:00-CME-001,M2M_CATALOG,2020-12-11T19:09Z,,12791.0,2020-12-11,1T19,,,,,,,,,,,,,
2020-11-12T02:24:00-CME-001,M2M_CATALOG,2020-11-12T02:24Z,,,2020-11-12,2T02,,,,,,,,,,,,,
2020-11-13T12:24:00-CME-001,M2M_CATALOG,2020-11-13T12:24Z,,,2020-11-13,3T12,,,,,,,,,,,,,
2020-11-17T08:36:00-CME-001,M2M_CATALOG,2020-11-17T08:36Z,,,2020-11-17,7T08,,,,,,,,,,,,,
2020-11-17T19:00:00-CME-001,M2M_CATALOG,2020-11-17T19:00Z,,,2020-11-17,7T19,,,,,,,,,,,,,
2020-10-28T13:42:00-CME-001,M2M_CATALOG,2020-10-28T13:42Z,,,2020-10-28,8T13,,,,,,,,,,,,,
2020-11-18T13:24:00-CME-001,M2M_CATALOG,2020-11-18T13:24Z,,,2020-11-18,8T13,,,,,,,,,,,,,
2020-11-18T13:36:00-CME-001,M2M_CATALOG,2020-11-18T13:36Z,,,2020-11-18,8T13,,,,,,,,,,,,,
2020-10-28T13:42:00-CME-001,M2M_CATALOG,2020-10-28T13:42Z,,,2020-10-28,8T13,,,,,,,,,,,,,
2020-11-18T13:24:00-CME-001,M2M_CATALOG,2020-11-18T13:24Z,,,2020-11-18,8T13,,,,,,,,,,,,,
2020-11-18T13:36:00-CME-001,M2M_CATALOG,2020-11-18T13:36Z,,,2020-11-18,8T13,,,,,,,,,,,,,
2020-11-18T21:48:00-CME-001,M2M_CATALOG,2020-11-18T21:48Z,S20E138,,2020-11-18,8T21,,,,,,,,,,,,,
2020-11-19T02:54:00-CME-001,M2M_CATALOG,2020-11-19T02:54Z,,,2020-11-19,9T02,,,,,,,,,,,,,
2020-11-19T03:12:00-CME-001,M2M_CATALOG,2020-11-19T03:12Z,N30E40,,2020-11-19,9T03,,,,,,,,,,,,,
2020-11-19T06:48:00-CME-001,M2M_CATALOG,2020-11-19T06:48Z,S23E49,,2020-11-19,9T06,,,,,,,,,,,,,
2020-11-19T15:12:00-CME-001,M2M_CATALOG,2020-11-19T15:12Z,,,2020-11-19,9T15,,,,,,,,,,,,,
2020-11-29T15:05:00-CME-001,M2M_CATALOG,2020-11-29T15:05Z,,12783.0,2020-11-29,9T15,,,,,,,,,,,,,
2020-11-20T19:51:00-CME-001,M2M_CATALOG,2020-11-20T19:51Z,,12783.0,2020-11-20,0T19,,,,,,,,,,,,,
2020-11-20T21:12:00-CME-001,M2M_CATALOG,2020-11-20T21:12Z,,,2020-11-20,0T21,,,,,,,,,,,,,
2020-11-11T19:36:00-CME-001,M2M_CATALOG,2020-11-11T19:36Z,S22E60,12782.0,2020-11-11,1T19,,,,,,,,,,,,,
2020-11-21T19:36:00-CME-001,M2M_CATALOG,2020-11-21T19:36Z,,,2020-11-21,1T19,,,,,,,,,,,,,
2020-12-11T19:09:00-CME-001,M2M_CATALOG,2020-12-11T19:09Z,,12791.0,2020-12-11,1T19,,,,,,,,,,,,,
2020-11-21T23:12:00-CME-001,M2M_CATALOG,2020-11-21T23:12Z,,,2020-11-21,1T23,,,,,,,,,,,,,
2020-11-22T01:36:00-CME-001,M2M_CATALOG,2020-11-22T01:36Z,,,2020-11-22,2T01,,,,,,,,,,,,,
2020-11-23T18:48:00-CME-001,M2M_CATALOG,2020-11-23T18:48Z,,,2020-11-23,3T18,,,,,,,,,,,,,
2020-11-24T04:36:00-CME-001,M2M_CATALOG,2020-11-24T04:36Z,S20E65,12785.0,2020-11-24,4T04,,,,,,,,,,,,,
2020-11-24T11:24:00-CME-001,M2M_CATALOG,2020-11-24T11:24Z,,,2020-11-24,4T11,,,,,,,,,,,,,
2020-12-04T11:09:00-CME-001,M2M_CATALOG,2020-12-04T11:09Z,,,2020-12-04,4T11,,,,,,,,,,,,,
2020-11-24T13:24:00-CME-001,M2M_CATALOG,2020-11-24T13:24Z,,,2020-11-24,4T13,,,,,,,,,,,,,
2020-11-26T08:24:00-CME-001,M2M_CATALOG,2020-11-26T08:24Z,,,2020-11-26,6T08,,,,,,,,,,,,,
2020-11-26T21:24:00-CME-001,M2M_CATALOG,2020-11-26T21:24Z,N32E90,12787.0,2020-11-26,6T21,,,,,,,,,,,,,
2020-11-27T05:48:00-CME-001,M2M_CATALOG,2020-11-27T05:48Z,,,2020-11-27,7T05,,,,,,,,,,,,,
2020-11-29T13:24:00-CME-001,M2M_CATALOG,2020-11-29T13:24Z,S23E97,,2020-11-29,9T13,,,,,,,,,,,,,
2020-11-19T15:12:00-CME-001,M2M_CATALOG,2020-11-19T15:12Z,,,2020-11-19,9T15,,,,,,,,,,,,,
2020-11-29T15:05:00-CME-001,M2M_CATALOG,2020-11-29T15:05Z,,12783.0,2020-11-29,9T15,,,,,,,,,,,,,
2020-11-30T07:09:00-CME-001,M2M_CATALOG,2020-11-30T07:09Z,,,2020-11-30,0T07,,,,,,,,,,,,,
2020-12-01T05:48:00-CME-001,M2M_CATALOG,2020-12-01T05:48Z,S25E80,12790.0,2020-12-01,1T05,,,,,,,,,,,,,
2020-12-01T07:12:00-CME-001,M2M_CATALOG,2020-12-01T07:12Z,N35E30,12787.0,2020-12-01,1T07,,,,,,,,,,,,,
2020-12-03T11:12:00-CME-001,M2M_CATALOG,2020-12-03T11:12Z,S30E137,,2020-12-03,3T11,,,,,,,,,,,,,
2020-12-04T02:48:00-CME-001,M2M_CATALOG,2020-12-04T02:48Z,,,2020-12-04,4T02,,,,,,,,,,,,,
2020-11-24T11:24:00-CME-001,M2M_CATALOG,2020-11-24T11:24Z,,,2020-11-24,4T11,,,,,,,,,,,,,
2020-12-04T11:09:00-CME-001,M2M_CATALOG,2020-12-04T11:09Z,,,2020-12-04,4T11,,,,,,,,,,,,,
2020-12-06T22:00:00-CME-001,M2M_CATALOG,2020-12-06T22:00Z,,,2020-12-06,6T22,,,,,,,,,,,,,
2020-12-07T16:24:00-CME-001,M2M_CATALOG,2020-12-07T16:24Z,S23W11,12790.0,2020-12-07,7T16,,,,,,,,,,,,,
2020-12-07T18:36:00-CME-001,M2M_CATALOG,2020-12-07T18:36Z,S40W30,,2020-12-07,7T18,,,,,,,,,,,,,
2020-10-31T00:12:00-CME-001,M2M_CATALOG,2020-10-31T00:12Z,,,2020-10-31,1T00,,,,,,,,,,,,,
2020-12-11T00:36:00-CME-001,M2M_CATALOG,2020-12-11T00:36Z,,,2020-12-11,1T00,,,,,,,,,,,,,
2020-11-11T19:36:00-CME-001,M2M_CATALOG,2020-11-11T19:36Z,S22E60,12782.0,2020-11-11,1T19,,,,,,,,,,,,,
2020-11-21T19:36:00-CME-001,M2M_CATALOG,2020-11-21T19:36Z,,,2020-11-21,1T19,,,,,,,,,,,,,
2020-12-11T19:09:00-CME-001,M2M_CATALOG,2020-12-11T19:09Z,,12791.0,2020-12-11,1T19,,,,,,,,,,,,,
2020-12-12T04:12:00-CME-001,M2M_CATALOG,2020-12-12T04:12Z,,,2020-12-12,2T04,,,,,,,,,,,,,
2020-12-13T09:24:00-CME-001,M2M_CATALOG,2020-12-13T09:24Z,,,2020-12-13,3T09,,,,,,,,,,,,,
2020-12-14T15:12:00-CME-001,M2M_CATALOG,2020-12-14T15:12Z,S22E44,12792.0,2020-12-14,4T15,,,,,,,,,,,,,
2020-12-14T21:12:00-CME-001,M2M_CATALOG,2020-12-14T21:12Z,N40E110,,2020-12-14,4T21,,,,,,,,,,,,,
2020-12-17T06:48:00-CME-001,M2M_CATALOG,2020-12-17T06:48Z,,,2020-12-17,7T06,,,,,,,,,,,,,
2020-12-27T00:48:00-CME-001,M2M_CATALOG,2020-12-27T00:48Z,,,2020-12-27,7T00,,,,,,,,,,,,,
2020-12-30T02:24:00-CME-001,M2M_CATALOG,2020-12-30T02:24Z,S20E08,12795.0,2020-12-30,0T02,,,,,,,,,,,,,
2020-10-10T04:24:00-CME-001,M2M_CATALOG,2020-10-10T04:24Z,,,2020-10-10,0T04,,,,,,,,,,,,,
2020-10-13T21:12:00-CME-001,M2M_CATALOG,2020-10-13T21:12Z,S23W37,12775.0,2020-10-13,3T21,,,,,,,,,,,,,
2020-10-14T03:24:00-CME-001,M2M_CATALOG,2020-10-14T03:24Z,,,2020-10-14,4T03,,,,,,,,,,,,,
2020-10-15T11:24:00-CME-001,M2M_CATALOG,2020-10-15T11:24Z,,,2020-10-15,5T11,,,,,,,,,,,,,
2020-10-15T16:36:00-CME-001,M2M_CATALOG,2020-10-15T16:36Z,,,2020-10-15,5T16,,,,,,,,,,,,,
2020-10-16T13:36:00-CME-001,M2M_CATALOG,2020-10-16T13:36Z,,12774.0,2020-10-16,6T13,,,,,,,,,,,,,
2020-10-16T16:03:00-CME-001,M2M_CATALOG,2020-10-16T16:03Z,S23W66,12775.0,2020-10-16,6T16,,,,,,,,,,,,,
2020-10-18T09:24:00-CME-001,M2M_CATALOG,2020-10-18T09:24Z,,,2020-10-18,8T09,,,,,,,,,,,,,
2020-10-22T13:09:00-CME-001,M2M_CATALOG,2020-10-22T13:09Z,,,2020-10-22,2T13,,,,,,,,,,,,,
2020-10-23T04:39:00-CME-001,M2M_CATALOG,2020-10-23T04:39Z,,,2020-10-23,3T04,,,,,,,,,,,,,
2020-10-23T22:35:00-CME-001,M2M_CATALOG,2020-10-23T22:35Z,,,2020-10-23,3T22,,,,,,,,,,,,,
2020-10-26T09:12:00-CME-001,M2M_CATALOG,2020-10-26T09:12Z,,,2020-10-26,6T09,,,,,,,,,,,,,
2020-10-26T18:09:00-CME-001,M2M_CATALOG,2020-10-26T18:09Z,,,2020-10-26,6T18,,,,,,,,,,,,,
2020-10-27T03:39:00-CME-001,M2M_CATALOG,2020-10-27T03:39Z,,,2020-10-27,7T03,,,,,,,,,,,,,
2020-10-28T13:42:00-CME-001,M2M_CATALOG,2020-10-28T13:42Z,,,2020-10-28,8T13,,,,,,,,,,,,,
2020-11-18T13:24:00-CME-001,M2M_CATALOG,2020-11-18T13:24Z,,,2020-11-18,8T13,,,,,,,,,,,,,
2020-11-18T13:36:00-CME-001,M2M_CATALOG,2020-11-18T13:36Z,,,2020-11-18,8T13,,,,,,,,,,,,,
2020-10-29T01:54:00-CME-001,M2M_CATALOG,2020-10-29T01:54Z,S19W28,12779.0,2020-10-29,9T01,,,,,,,,,,,,,
2020-10-31T00:12:00-CME-001,M2M_CATALOG,2020-10-31T00:12Z,,,2020-10-31,1T00,,,,,,,,,,,,,
2020-12-11T00:36:00-CME-001,M2M_CATALOG,2020-12-11T00:36Z,,,2020-12-11,1T00,,,,,,,,,,,,,
2020-11-01T20:00:00-CME-001,M2M_CATALOG,2020-11-01T20:00Z,,,2020-11-01,1T20,,,,,,,,,,,,,
2020-11-02T05:24:00-CME-001,M2M_CATALOG,2020-11-02T05:24Z,,,2020-11-02,2T05,,,,,,,,,,,,,
2020-11-07T13:24:00-CME-001,M2M_CATALOG,2020-11-07T13:24Z,N19W01,12780.0,2020-11-07,7T13,,,,,,,,,,,,,
2020-11-08T20:12:00-CME-001,M2M_CATALOG,2020-11-08T20:12Z,,,2020-11-08,8T20,,,,,,,,,,,,,
2020-11-11T19:36:00-CME-001,M2M_CATALOG,2020-11-11T19:36Z,S22E60,12782.0,2020-11-11,1T19,,,,,,,,,,,,,
2020-11-21T19:36:00-CME-001,M2M_CATALOG,2020-11-21T19:36Z,,,2020-11-21,1T19,,,,,,,,,,,,,
2020-12-11T19:09:00-CME-001,M2M_CATALOG,2020-12-11T19:09Z,,12791.0,2020-12-11,1T19,,,,,,,,,,,,,
2020-11-12T02:24:00-CME-001,M2M_CATALOG,2020-11-12T02:24Z,,,2020-11-12,2T02,,,,,,,,,,,,,
2020-11-13T12:24:00-CME-001,M2M_CATALOG,2020-11-13T12:24Z,,,2020-11-13,3T12,,,,,,,,,,,,,
2020-11-17T08:36:00-CME-001,M2M_CATALOG,2020-11-17T08:36Z,,,2020-11-17,7T08,,,,,,,,,,,,,
2020-11-17T19:00:00-CME-001,M2M_CATALOG,2020-11-17T19:00Z,,,2020-11-17,7T19,,,,,,,,,,,,,
2020-10-28T13:42:00-CME-001,M2M_CATALOG,2020-10-28T13:42Z,,,2020-10-28,8T13,,,,,,,,,,,,,
2020-11-18T13:24:00-CME-001,M2M_CATALOG,2020-11-18T13:24Z,,,2020-11-18,8T13,,,,,,,,,,,,,
2020-11-18T13:36:00-CME-001,M2M_CATALOG,2020-11-18T13:36Z,,,2020-11-18,8T13,,,,,,,,,,,,,
2020-10-28T13:42:00-CME-001,M2M_CATALOG,2020-10-28T13:42Z,,,2020-10-28,8T13,,,,,,,,,,,,,
2020-11-18T13:24:00-CME-001,M2M_CATALOG,2020-11-18T13:24Z,,,2020-11-18,8T13,,,,,,,,,,,,,
2020-11-18T13:36:00-CME-001,M2M_CATALOG,2020-11-18T13:36Z,,,2020-11-18,8T13,,,,,,,,,,,,,
2020-11-18T21:48:00-CME-001,M2M_CATALOG,2020-11-18T21:48Z,S20E138,,2020-11-18,8T21,,,,,,,,,,,,,
2020-11-19T02:54:00-CME-001,M2M_CATALOG,2020-11-19T02:54Z,,,2020-11-19,9T02,,,,,,,,,,,,,
2020-11-19T03:12:00-CME-001,M2M_CATALOG,2020-11-19T03:12Z,N30E40,,2020-11-19,9T03,,,,,,,,,,,,,
2020-11-19T06:48:00-CME-001,M2M_CATALOG,2020-11-19T06:48Z,S23E49,,2020-11-19,9T06,,,,,,,,,,,,,
2020-11-19T15:12:00-CME-001,M2M_CATALOG,2020-11-19T15:12Z,,,2020-11-19,9T15,,,,,,,,,,,,,
2020-11-29T15:05:00-CME-001,M2M_CATALOG,2020-11-29T15:05Z,,12783.0,2020-11-29,9T15,,,,,,,,,,,,,
2020-10-10T04:24:00-CME-001,M2M_CATALOG,2020-10-10T04:24Z,,,2020-10-10,0T04,,,,,,,,,,,,,
2020-10-13T21:12:00-CME-001,M2M_CATALOG,2020-10-13T21:12Z,S23W37,12775.0,2020-10-13,3T21,,,,,,,,,,,,,
2020-10-14T03:24:00-CME-001,M2M_CATALOG,2020-10-14T03:24Z,,,2020-10-14,4T03,,,,,,,,,,,,,
2020-10-15T11:24:00-CME-001,M2M_CATALOG,2020-10-15T11:24Z,,,2020-10-15,5T11,,,,,,,,,,,,,
2020-10-15T16:36:00-CME-001,M2M_CATALOG,2020-10-15T16:36Z,,,2020-10-15,5T16,,,,,,,,,,,,,
2020-10-16T13:36:00-CME-001,M2M_CATALOG,2020-10-16T13:36Z,,12774.0,2020-10-16,6T13,,,,,,,,,,,,,
2020-10-16T16:03:00-CME-001,M2M_CATALOG,2020-10-16T16:03Z,S23W66,12775.0,2020-10-16,6T16,,,,,,,,,,,,,
2020-10-18T09:24:00-CME-001,M2M_CATALOG,2020-10-18T09:24Z,,,2020-10-18,8T09,,,,,,,,,,,,,
2020-10-22T13:09:00-CME-001,M2M_CATALOG,2020-10-22T13:09Z,,,2020-10-22,2T13,,,,,,,,,,,,,
2020-11-02T05:24:00-CME-001,M2M_CATALOG,2020-11-02T05:24Z,,,2020-11-02,2T05,,,,,,,,,,,,,
2020-11-07T13:24:00-CME-001,M2M_CATALOG,2020-11-07T13:24Z,N19W01,12780.0,2020-11-07,7T13,,,,,,,,,,,,,
2020-11-08T20:12:00-CME-001,M2M_CATALOG,2020-11-08T20:12Z,,,2020-11-08,8T20,,,,,,,,,,,,,
2020-11-11T19:36:00-CME-001,M2M_CATALOG,2020-11-11T19:36Z,S22E60,12782.0,2020-11-11,1T19,,,,,,,,,,,,,
2020-11-21T19:36:00-CME-001,M2M_CATALOG,2020-11-21T19:36Z,,,2020-11-21,1T19,,,,,,,,,,,,,
2020-12-11T19:09:00-CME-001,M2M_CATALOG,2020-12-11T19:09Z,,12791.0,2020-12-11,1T19,,,,,,,,,,,,,
2020-11-12T02:24:00-CME-001,M2M_CATALOG,2020-11-12T02:24Z,,,2020-11-12,2T02,,,,,,,,,,,,,
2020-11-13T12:24:00-CME-001,M2M_CATALOG,2020-11-13T12:24Z,,,2020-11-13,3T12,,,,,,,,,,,,,
2020-11-17T08:36:00-CME-001,M2M_CATALOG,2020-11-17T08:36Z,,,2020-11-17,7T08,,,,,,,,,,,,,
2020-11-17T19:00:00-CME-001,M2M_CATALOG,2020-11-17T19:00Z,,,2020-11-17,7T19,,,,,,,,,,,,,
2020-11-18T21:48:00-CME-001,M2M_CATALOG,2020-11-18T21:48Z,S20E138,,2020-11-18,8T21,,,,,,,,,,,,,
2020-11-19T02:54:00-CME-001,M2M_CATALOG,2020-11-19T02:54Z,,,2020-11-19,9T02,,,,,,,,,,,,,
2020-11-27T05:48:00-CME-001,M2M_CATALOG,2020-11-27T05:48Z,,,2020-11-27,7T05,,,,,,,,,,,,,
2020-11-29T13:24:00-CME-001,M2M_CATALOG,2020-11-29T13:24Z,S23E97,,2020-11-29,9T13,,,,,,,,,,,,,
2020-11-30T07:09:00-CME-001,M2M_CATALOG,2020-11-30T07:09Z,,,2020-11-30,0T07,,,,,,,,,,,,,
2020-12-01T05:48:00-CME-001,M2M_CATALOG,2020-12-01T05:48Z,S25E80,12790.0,2020-12-01,1T05,,,,,,,,,,,,,
2020-12-01T07:12:00-CME-001,M2M_CATALOG,2020-12-01T07:12Z,N35E30,12787.0,2020-12-01,1T07,,,,,,,,,,,,,
2020-12-03T11:12:00-CME-001,M2M_CATALOG,2020-12-03T11:12Z,S30E137,,2020-12-03,3T11,,,,,,,,,,,,,
2020-12-04T02:48:00-CME-001,M2M_CATALOG,2020-12-04T02:48Z,,,2020-12-04,4T02,,,,,,,,,,,,,
2020-12-06T22:00:00-CME-001,M2M_CATALOG,2020-12-06T22:00Z,,,2020-12-06,6T22,,,,,,,,,,,,,
2020-12-07T16:24:00-CME-001,M2M_CATALOG,2020-12-07T16:24Z,S23W11,12790.0,2020-12-07,7T16,,,,,,,,,,,,,
2020-12-07T18:36:00-CME-001,M2M_CATALOG,2020-12-07T18:36Z,S40W30,,2020-12-07,7T18,,,,,,,,,,,,,
2020-12-17T06:48:00-CME-001,M2M_CATALOG,2020-12-17T06:48Z,,,2020-12-17,7T06,,,,,,,,,,,,,
2020-12-27T00:48:00-CME-001,M2M_CATALOG,2020-12-27T00:48Z,,,2020-12-27,7T00,,,,,,,,,,,,,
2020-12-30T02:24:00-CME-001,M2M_CATALOG,2020-12-30T02:24Z,S20E08,12795.0,2020-12-30,0T02,,,,,,,,,,,,,
2020-10-10T04:24:00-CME-001,M2M_CATALOG,2020-10-10T04:24Z,,,2020-10-10,0T04,,,,,,,,,,,,,
2020-10-13T21:12:00-CME-001,M2M_CATALOG,2020-10-13T21:12Z,S23W37,12775.0,2020-10-13,3T21,,,,,,,,,,,,,
2020-10-14T03:24:00-CME-001,M2M_CATALOG,2020-10-14T03:24Z,,,2020-10-14,4T03,,,,,,,,,,,,,
2020-10-15T11:24:00-CME-001,M2M_CATALOG,2020-10-15T11:24Z,,,2020-10-15,5T11,,,,,,,,,,,,,
2020-10-15T16:36:00-CME-001,M2M_CATALOG,2020-10-15T16:36Z,,,2020-10-15,5T16,,,,,,,,,,,,,
2020-10-16T13:36:00-CME-001,M2M_CATALOG,2020-10-16T13:36Z,,12774.0,2020-10-16,6T13,,,,,,,,,,,,,
2020-10-16T16:03:00-CME-001,M2M_CATALOG,2020-10-16T16:03Z,S23W66,12775.0,2020-10-16,6T16,,,,,,,,,,,,,
2020-10-18T09:24:00-CME-001,M2M_CATALOG,2020-10-18T09:24Z,,,2020-10-18,8T09,,,,,,,,,,,,,
2020-10-22T13:09:00-CME-001,M2M_CATALOG,2020-10-22T13:09Z,,,2020-10-22,2T13,,,,,,,,,,,,,
2020-11-02T05:24:00-CME-001,M2M_CATALOG,2020-11-02T05:24Z,,,2020-11-02,2T05,,,,,,,,,,,,,
2020-11-07T13:24:00-CME-001,M2M_CATALOG,2020-11-07T13:24Z,N19W01,12780.0,2020-11-07,7T13,,,,,,,,,,,,,
2020-11-08T20:12:00-CME-001,M2M_CATALOG,2020-11-08T20:12Z,,,2020-11-08,8T20,,,,,,,,,,,,,
2020-11-11T19:36:00-CME-001,M2M_CATALOG,2020-11-11T19:36Z,S22E60,12782.0,2020-11-11,1T19,,,,,,,,,,,,,
2020-11-21T19:36:00-CME-001,M2M_CATALOG,2020-11-21T19:36Z,,,2020-11-21,1T19,,,,,,,,,,,,,
2020-12-11T19:09:00-CME-001,M2M_CATALOG,2020-12-11T19:09Z,,12791.0,2020-12-11,1T19,,,,,,,,,,,,,
2020-11-12T02:24:00-CME-001,M2M_CATALOG,2020-11-12T02:24Z,,,2020-11-12,2T02,,,,,,,,,,,,,
2020-11-13T12:24:00-CME-001,M2M_CATALOG,2020-11-13T12:24Z,,,2020-11-13,3T12,,,,,,,,,,,,,
2020-11-17T08:36:00-CME-001,M2M_CATALOG,2020-11-17T08:36Z,,,2020-11-17,7T08,,,,,,,,,,,,,
2020-11-17T19:00:00-CME-001,M2M_CATALOG,2020-11-17T19:00Z,,,2020-11-17,7T19,3884.0,f1221f04-2c65-47ed-ae78-02fbb3dd1fea,Carlsberg,Bell’s Expedition,Bock,TriplePearl,3711 - French Saison,Munich,79 IBU,7.1%,13.3°Blg,Dinamarca,1847.0
2020-11-18T21:48:00-CME-001,M2M_CATALOG,2020-11-18T21:48Z,S20E138,,2020-11-18,8T21,,,,,,,,,,,,,
2020-11-19T02:54:00-CME-001,M2M_CATALOG,2020-11-19T02:54Z,,,2020-11-19,9T02,,,,,,,,,,,,,
2020-11-27T05:48:00-CME-001,M2M_CATALOG,2020-11-27T05:48Z,,,2020-11-27,7T05,,,,,,,,,,,,,
2020-11-29T13:24:00-CME-001,M2M_CATALOG,2020-11-29T13:24Z,S23E97,,2020-11-29,9T13,,,,,,,,,,,,,
2020-11-30T07:09:00-CME-001,M2M_CATALOG,2020-11-30T07:09Z,,,2020-11-30,0T07,,,,,,,,,,,,,
2020-12-01T05:48:00-CME-001,M2M_CATALOG,2020-12-01T05:48Z,S25E80,12790.0,2020-12-01,1T05,3890.0,fe494165-96e5-4946-9d3f-b97c3b8491d6,Rolling Rock,Ten FIDY,Vegetable Beer,Crystal,1318 - London Ale III,Special roast,49 IBU,4.5%,10.6°Blg,Estados Unidos,1939.0
2020-12-01T07:12:00-CME-001,M2M_CATALOG,2020-12-01T07:12Z,N35E30,12787.0,2020-12-01,1T07,,,,,,,,,,,,,
2020-12-03T11:12:00-CME-001,M2M_CATALOG,2020-12-03T11:12Z,S30E137,,2020-12-03,3T11,,,,,,,,,,,,,
2020-12-04T02:48:00-CME-001,M2M_CATALOG,2020-12-04T02:48Z,,,2020-12-04,4T02,,,,,,,,,,,,,
2020-12-06T22:00:00-CME-001,M2M_CATALOG,2020-12-06T22:00Z,,,2020-12-06,6T22,,,,,,,,,,,,,
2020-12-07T16:24:00-CME-001,M2M_CATALOG,2020-12-07T16:24Z,S23W11,12790.0,2020-12-07,7T16,,,,,,,,,,,,,
2020-12-07T18:36:00-CME-001,M2M_CATALOG,2020-12-07T18:36Z,S40W30,,2020-12-07,7T18,,,,,,,,,,,,,
2020-12-17T06:48:00-CME-001,M2M_CATALOG,2020-12-17T06:48Z,,,2020-12-17,7T06,,,,,,,,,,,,,
2020-12-27T00:48:00-CME-001,M2M_CATALOG,2020-12-27T00:48Z,,,2020-12-27,7T00,,,,,,,,,,,,,
2020-12-30T02:24:00-CME-001,M2M_CATALOG,2020-12-30T02:24Z,S20E08,12795.0,2020-12-30,0T02,,,,,,,,,,,,,
2020-10-10T04:24:00-CME-001,M2M_CATALOG,2020-10-10T04:24Z,,,2020-10-10,0T04,,,,,,,,,,,,,
2020-10-13T21:12:00-CME-001,M2M_CATALOG,2020-10-13T21:12Z,S23W37,12775.0,2020-10-13,3T21,,,,,,,,,,,,,
2020-10-14T03:24:00-CME-001,M2M_CATALOG,2020-10-14T03:24Z,,,2020-10-14,4T03,,,,,,,,,,,,,
2020-10-15T11:24:00-CME-001,M2M_CATALOG,2020-10-15T11:24Z,,,2020-10-15,5T11,,,,,,,,,,,,,
2020-10-15T16:36:00-CME-001,M2M_CATALOG,2020-10-15T16:36Z,,,2020-10-15,5T16,,,,,,,,,,,,,
2020-10-16T13:36:00-CME-001,M2M_CATALOG,2020-10-16T13:36Z,,12774.0,2020-10-16,6T13,,,,,,,,,,,,,
2020-10-16T16:03:00-CME-001,M2M_CATALOG,2020-10-16T16:03Z,S23W66,12775.0,2020-10-16,6T16,,,,,,,,,,,,,
2020-10-18T09:24:00-CME-001,M2M_CATALOG,2020-10-18T09:24Z,,,2020-10-18,8T09,,,,,,,,,,,,,
2020-10-22T13:09:00-CME-001,M2M_CATALOG,2020-10-22T13:09Z,,,2020-10-22,2T13,,,,,,,,,,,,,
2020-11-02T05:24:00-CME-001,M2M_CATALOG,2020-11-02T05:24Z,,,2020-11-02,2T05,,,,,,,,,,,,,
2020-11-07T13:24:00-CME-001,M2M_CATALOG,2020-11-07T13:24Z,N19W01,12780.0,2020-11-07,7T13,,,,,,,,,,,,,
2020-11-08T20:12:00-CME-001,M2M_CATALOG,2020-11-08T20:12Z,,,2020-11-08,8T20,,,,,,,,,,,,,
2020-11-11T19:36:00-CME-001,M2M_CATALOG,2020-11-11T19:36Z,S22E60,12782.0,2020-11-11,1T19,,,,,,,,,,,,,
2020-11-21T19:36:00-CME-001,M2M_CATALOG,2020-11-21T19:36Z,,,2020-11-21,1T19,,,,,,,,,,,,,
2020-12-11T19:09:00-CME-001,M2M_CATALOG,2020-12-11T19:09Z,,12791.0,2020-12-11,1T19,,,,,,,,,,,,,
2020-11-12T02:24:00-CME-001,M2M_CATALOG,2020-11-12T02:24Z,,,2020-11-12,2T02,,,,,,,,,,,,,
2020-11-13T12:24:00-CME-001,M2M_CATALOG,2020-11-13T12:24Z,,,2020-11-13,3T12,,,,,,,,,,,,,
2020-11-17T08:36:00-CME-001,M2M_CATALOG,2020-11-17T08:36Z,,,2020-11-17,7T08,,,,,,,,,,,,,
2020-11-17T19:00:00-CME-001,M2M_CATALOG,2020-11-17T19:00Z,,,2020-11-17,7T19,,,,,,,,,,,,,
2020-11-18T21:48:00-CME-001,M2M_CATALOG,2020-11-18T21:48Z,S20E138,,2020-11-18,8T21,,,,,,,,,,,,,
2020-11-19T02:54:00-CME-001,M2M_CATALOG,2020-11-19T02:54Z,,,2020-11-19,9T02,,,,,,,,,,,,,
2020-11-27T05:48:00-CME-001,M2M_CATALOG,2020-11-27T05:48Z,,,2020-11-27,7T05,,,,,,,,,,,,,
2020-11-29T13:24:00-CME-001,M2M_CATALOG,2020-11-29T13:24Z,S23E97,,2020-11-29,9T13,,,,,,,,,,,,,
2020-11-30T07:09:00-CME-001,M2M_CATALOG,2020-11-30T07:09Z,,,2020-11-30,0T07,,,,,,,,,,,,,
2020-12-01T05:48:00-CME-001,M2M_CATALOG,2020-12-01T05:48Z,S25E80,12790.0,2020-12-01,1T05,,,,,,,,,,,,,
2020-12-01T07:12:00-CME-001,M2M_CATALOG,2020-12-01T07:12Z,N35E30,12787.0,2020-12-01,1T07,,,,,,,,,,,,,
2020-12-03T11:12:00-CME-001,M2M_CATALOG,2020-12-03T11:12Z,S30E137,,2020-12-03,3T11,,,,,,,,,,,,,
2020-12-04T02:48:00-CME-001,M2M_CATALOG,2020-12-04T02:48Z,,,2020-12-04,4T02,,,,,,,,,,,,,
2020-12-06T22:00:00-CME-001,M2M_CATALOG,2020-12-06T22:00Z,,,2020-12-06,6T22,,,,,,,,,,,,,
2020-12-07T16:24:00-CME-001,M2M_CATALOG,2020-12-07T16:24Z,S23W11,12790.0,2020-12-07,7T16,,,,,,,,,,,,,
2020-12-07T18:36:00-CME-001,M2M_CATALOG,2020-12-07T18:36Z,S40W30,,2020-12-07,7T18,,,,,,,,,,,,,
2020-12-17T06:48:00-CME-001,M2M_CATALOG,2020-12-17T06:48Z,,,2020-12-17,7T06,,,,,,,,,,,,,
2020-12-27T00:48:00-CME-001,M2M_CATALOG,2020-12-27T00:48Z,,,2020-12-27,7T00,,,,,,,,,,,,,
2020-12-30T02:24:00-CME-001,M2M_CATALOG,2020-12-30T02:24Z,S20E08,12795.0,2020-12-30,0T02,,,,,,,,,,,,,
2020-10-23T04:39:00-CME-001,M2M_CATALOG,2020-10-23T04:39Z,,,2020-10-23,3T04,,,,,,,,,,,,,
2020-10-23T22:35:00-CME-001,M2M_CATALOG,2020-10-23T22:35Z,,,2020-10-23,3T22,,,,,,,,,,,,,
2020-10-10T04:24:00-CME-001,M2M_CATALOG,2020-10-10T04:24Z,,,2020-10-10,0T04,3934.0,5d252cb3-cb25-434c-b323-76515ef775e3,Lowenbrau,Bourbon County Stout,Scottish And Irish Ale,Chelan,5526 - Brettanomyces lambicus,Vienna,68 IBU,5.8%,14.5°Blg,Alemania,1746.0
2020-10-13T21:12:00-CME-001,M2M_CATALOG,2020-10-13T21:12Z,S23W37,12775.0,2020-10-13,3T21,,,,,,,,,,,,,
2020-10-14T03:24:00-CME-001,M2M_CATALOG,2020-10-14T03:24Z,,,2020-10-14,4T03,,,,,,,,,,,,,
2020-10-15T11:24:00-CME-001,M2M_CATALOG,2020-10-15T11:24Z,,,2020-10-15,5T11,,,,,,,,,,,,,
2020-10-15T16:36:00-CME-001,M2M_CATALOG,2020-10-15T16:36Z,,,2020-10-15,5T16,,,,,,,,,,,,,
2020-10-16T13:36:00-CME-001,M2M_CATALOG,2020-10-16T13:36Z,,12774.0,2020-10-16,6T13,3939.0,a74f7c55-3b10-4061-b5d8-adb910beb2c8,Hoegaarden,Bell’s Expedition,Bock,Chelan,3278 - Belgian Lambic Blend,Pale,79 IBU,4.8%,8.4°Blg,Belgica,1445.0
2020-10-16T16:03:00-CME-001,M2M_CATALOG,2020-10-16T16:03Z,S23W66,12775.0,2020-10-16,6T16,,,,,,,,,,,,,
2020-10-18T09:24:00-CME-001,M2M_CATALOG,2020-10-18T09:24Z,,,2020-10-18,8T09,,,,,,,,,,,,,
2020-10-22T13:09:00-CME-001,M2M_CATALOG,2020-10-22T13:09Z,,,2020-10-22,2T13,,,,,,,,,,,,,
2020-10-23T04:39:00-CME-001,M2M_CATALOG,2020-10-23T04:39Z,,,2020-10-23,3T04,,,,,,,,,,,,,
2020-10-23T22:35:00-CME-001,M2M_CATALOG,2020-10-23T22:35Z,,,2020-10-23,3T22,,,,,,,,,,,,,
2020-10-26T09:12:00-CME-001,M2M_CATALOG,2020-10-26T09:12Z,,,2020-10-26,6T09,,,,,,,,,,,,,
2020-10-26T18:09:00-CME-001,M2M_CATALOG,2020-10-26T18:09Z,,,2020-10-26,6T18,,,,,,,,,,,,,
2020-10-27T03:39:00-CME-001,M2M_CATALOG,2020-10-27T03:39Z,,,2020-10-27,7T03,,,,,,,,,,,,,
2020-10-28T13:42:00-CME-001,M2M_CATALOG,2020-10-28T13:42Z,,,2020-10-28,8T13,,,,,,,,,,,,,
2020-11-18T13:24:00-CME-001,M2M_CATALOG,2020-11-18T13:24Z,,,2020-11-18,8T13,,,,,,,,,,,,,
2020-11-18T13:36:00-CME-001,M2M_CATALOG,2020-11-18T13:36Z,,,2020-11-18,8T13,,,,,,,,,,,,,
2020-10-29T01:54:00-CME-001,M2M_CATALOG,2020-10-29T01:54Z,S19W28,12779.0,2020-10-29,9T01,,,,,,,,,,,,,
2020-10-31T00:12:00-CME-001,M2M_CATALOG,2020-10-31T00:12Z,,,2020-10-31,1T00,,,,,,,,,,,,,
2020-12-11T00:36:00-CME-001,M2M_CATALOG,2020-12-11T00:36Z,,,2020-12-11,1T00,,,,,,,,,,,,,
2020-11-01T20:00:00-CME-001,M2M_CATALOG,2020-11-01T20:00Z,,,2020-11-01,1T20,,,,,,,,,,,,,
2020-11-02T05:24:00-CME-001,M2M_CATALOG,2020-11-02T05:24Z,,,2020-11-02,2T05,,,,,,,,,,,,,
2020-11-07T13:24:00-CME-001,M2M_CATALOG,2020-11-07T13:24Z,N19W01,12780.0,2020-11-07,7T13,,,,,,,,,,,,,
2020-11-08T20:12:00-CME-001,M2M_CATALOG,2020-11-08T20:12Z,,,2020-11-08,8T20,,,,,,,,,,,,,
2020-11-11T19:36:00-CME-001,M2M_CATALOG,2020-11-11T19:36Z,S22E60,12782.0,2020-11-11,1T19,,,,,,,,,,,,,
2020-11-21T19:36:00-CME-001,M2M_CATALOG,2020-11-21T19:36Z,,,2020-11-21,1T19,,,,,,,,,,,,,
2020-12-11T19:09:00-CME-001,M2M_CATALOG,2020-12-11T19:09Z,,12791.0,2020-12-11,1T19,,,,,,,,,,,,,
2020-11-12T02:24:00-CME-001,M2M_CATALOG,2020-11-12T02:24Z,,,2020-11-12,2T02,,,,,,,,,,,,,
2020-11-13T12:24:00-CME-001,M2M_CATALOG,2020-11-13T12:24Z,,,2020-11-13,3T12,,,,,,,,,,,,,
2020-11-17T08:36:00-CME-001,M2M_CATALOG,2020-11-17T08:36Z,,,2020-11-17,7T08,,,,,,,,,,,,,
2020-11-17T19:00:00-CME-001,M2M_CATALOG,2020-11-17T19:00Z,,,2020-11-17,7T19,,,,,,,,,,,,,
2020-10-28T13:42:00-CME-001,M2M_CATALOG,2020-10-28T13:42Z,,,2020-10-28,8T13,,,,,,,,,,,,,
2020-11-18T13:24:00-CME-001,M2M_CATALOG,2020-11-18T13:24Z,,,2020-11-18,8T13,,,,,,,,,,,,,
2020-11-18T13:36:00-CME-001,M2M_CATALOG,2020-11-18T13:36Z,,,2020-11-18,8T13,,,,,,,,,,,,,
2020-10-28T13:42:00-CME-001,M2M_CATALOG,2020-10-28T13:42Z,,,2020-10-28,8T13,,,,,,,,,,,,,
2020-11-18T13:24:00-CME-001,M2M_CATALOG,2020-11-18T13:24Z,,,2020-11-18,8T13,,,,,,,,,,,,,
2020-11-18T13:36:00-CME-001,M2M_CATALOG,2020-11-18T13:36Z,,,2020-11-18,8T13,,,,,,,,,,,,,
2020-11-18T21:48:00-CME-001,M2M_CATALOG,2020-11-18T21:48Z,S20E138,,2020-11-18,8T21,,,,,,,,,,,,,
2020-11-19T02:54:00-CME-001,M2M_CATALOG,2020-11-19T02:54Z,,,2020-11-19,9T02,,,,,,,,,,,,,
2020-11-19T03:12:00-CME-001,M2M_CATALOG,2020-11-19T03:12Z,N30E40,,2020-11-19,9T03,,,,,,,,,,,,,
2020-11-19T06:48:00-CME-001,M2M_CATALOG,2020-11-19T06:48Z,S23E49,,2020-11-19,9T06,,,,,,,,,,,,,
2020-11-19T15:12:00-CME-001,M2M_CATALOG,2020-11-19T15:12Z,,,2020-11-19,9T15,,,,,,,,,,,,,
2020-11-29T15:05:00-CME-001,M2M_CATALOG,2020-11-29T15:05Z,,12783.0,2020-11-29,9T15,,,,,,,,,,,,,
2020-11-20T19:51:00-CME-001,M2M_CATALOG,2020-11-20T19:51Z,,12783.0,2020-11-20,0T19,,,,,,,,,,,,,
2020-11-20T21:12:00-CME-001,M2M_CATALOG,2020-11-20T21:12Z,,,2020-11-20,0T21,,,,,,,,,,,,,
2020-11-11T19:36:00-CME-001,M2M_CATALOG,2020-11-11T19:36Z,S22E60,12782.0,2020-11-11,1T19,,,,,,,,,,,,,
2020-11-21T19:36:00-CME-001,M2M_CATALOG,2020-11-21T19:36Z,,,2020-11-21,1T19,,,,,,,,,,,,,
2020-12-11T19:09:00-CME-001,M2M_CATALOG,2020-12-11T19:09Z,,12791.0,2020-12-11,1T19,,,,,,,,,,,,,
2020-11-21T23:12:00-CME-001,M2M_CATALOG,2020-11-21T23:12Z,,,2020-11-21,1T23,,,,,,,,,,,,,
2020-11-22T01:36:00-CME-001,M2M_CATALOG,2020-11-22T01:36Z,,,2020-11-22,2T01,,,,,,,,,,,,,
2020-11-23T18:48:00-CME-001,M2M_CATALOG,2020-11-23T18:48Z,,,2020-11-23,3T18,,,,,,,,,,,,,
2020-11-24T04:36:00-CME-001,M2M_CATALOG,2020-11-24T04:36Z,S20E65,12785.0,2020-11-24,4T04,,,,,,,,,,,,,
2020-11-24T11:24:00-CME-001,M2M_CATALOG,2020-11-24T11:24Z,,,2020-11-24,4T11,,,,,,,,,,,,,
2020-12-04T11:09:00-CME-001,M2M_CATALOG,2020-12-04T11:09Z,,,2020-12-04,4T11,,,,,,,,,,,,,
2020-11-24T13:24:00-CME-001,M2M_CATALOG,2020-11-24T13:24Z,,,2020-11-24,4T13,,,,,,,,,,,,,
2020-11-26T08:24:00-CME-001,M2M_CATALOG,2020-11-26T08:24Z,,,2020-11-26,6T08,,,,,,,,,,,,,
2020-11-26T21:24:00-CME-001,M2M_CATALOG,2020-11-26T21:24Z,N32E90,12787.0,2020-11-26,6T21,,,,,,,,,,,,,
2020-11-27T05:48:00-CME-001,M2M_CATALOG,2020-11-27T05:48Z,,,2020-11-27,7T05,,,,,,,,,,,,,
2020-11-29T13:24:00-CME-001,M2M_CATALOG,2020-11-29T13:24Z,S23E97,,2020-11-29,9T13,,,,,,,,,,,,,
2020-11-19T15:12:00-CME-001,M2M_CATALOG,2020-11-19T15:12Z,,,2020-11-19,9T15,,,,,,,,,,,,,
2020-11-29T15:05:00-CME-001,M2M_CATALOG,2020-11-29T15:05Z,,12783.0,2020-11-29,9T15,,,,,,,,,,,,,
2020-11-30T07:09:00-CME-001,M2M_CATALOG,2020-11-30T07:09Z,,,2020-11-30,0T07,,,,,,,,,,,,,
2020-12-01T05:48:00-CME-001,M2M_CATALOG,2020-12-01T05:48Z,S25E80,12790.0,2020-12-01,1T05,,,,,,,,,,,,,
2020-12-01T07:12:00-CME-001,M2M_CATALOG,2020-12-01T07:12Z,N35E30,12787.0,2020-12-01,1T07,,,,,,,,,,,,,
2020-12-03T11:12:00-CME-001,M2M_CATALOG,2020-12-03T11:12Z,S30E137,,2020-12-03,3T11,,,,,,,,,,,,,
2020-12-04T02:48:00-CME-001,M2M_CATALOG,2020-12-04T02:48Z,,,2020-12-04,4T02,,,,,,,,,,,,,
2020-11-24T11:24:00-CME-001,M2M_CATALOG,2020-11-24T11:24Z,,,2020-11-24,4T11,,,,,,,,,,,,,
2020-12-04T11:09:00-CME-001,M2M_CATALOG,2020-12-04T11:09Z,,,2020-12-04,4T11,,,,,,,,,,,,,
2020-12-06T22:00:00-CME-001,M2M_CATALOG,2020-12-06T22:00Z,,,2020-12-06,6T22,,,,,,,,,,,,,
2020-12-07T16:24:00-CME-001,M2M_CATALOG,2020-12-07T16:24Z,S23W11,12790.0,2020-12-07,7T16,,,,,,,,,,,,,
2020-12-07T18:36:00-CME-001,M2M_CATALOG,2020-12-07T18:36Z,S40W30,,2020-12-07,7T18,,,,,,,,,,,,,
2020-10-31T00:12:00-CME-001,M2M_CATALOG,2020-10-31T00:12Z,,,2020-10-31,1T00,,,,,,,,,,,,,
2020-12-11T00:36:00-CME-001,M2M_CATALOG,2020-12-11T00:36Z,,,2020-12-11,1T00,,,,,,,,,,,,,
2020-11-11T19:36:00-CME-001,M2M_CATALOG,2020-11-11T19:36Z,S22E60,12782.0,2020-11-11,1T19,,,,,,,,,,,,,
2020-11-21T19:36:00-CME-001,M2M_CATALOG,2020-11-21T19:36Z,,,2020-11-21,1T19,,,,,,,,,,,,,
2020-12-11T19:09:00-CME-001,M2M_CATALOG,2020-12-11T19:09Z,,12791.0,2020-12-11,1T19,,,,,,,,,,,,,
2020-12-12T04:12:00-CME-001,M2M_CATALOG,2020-12-12T04:12Z,,,2020-12-12,2T04,,,,,,,,,,,,,
2020-12-13T09:24:00-CME-001,M2M_CATALOG,2020-12-13T09:24Z,,,2020-12-13,3T09,,,,,,,,,,,,,
2020-12-14T15:12:00-CME-001,M2M_CATALOG,2020-12-14T15:12Z,S22E44,12792.0,2020-12-14,4T15,,,,,,,,,,,,,
2020-12-14T21:12:00-CME-001,M2M_CATALOG,2020-12-14T21:12Z,N40E110,,2020-12-14,4T21,,,,,,,,,,,,,
2020-12-17T06:48:00-CME-001,M2M_CATALOG,2020-12-17T06:48Z,,,2020-12-17,7T06,,,,,,,,,,,,,
2020-12-27T00:48:00-CME-001,M2M_CATALOG,2020-12-27T00:48Z,,,2020-12-27,7T00,,,,,,,,,,,,,
2020-12-30T02:24:00-CME-001,M2M_CATALOG,2020-12-30T02:24Z,S20E08,12795.0,2020-12-30,0T02,,,,,,,,,,,,,
2020-10-10T04:24:00-CME-001,M2M_CATALOG,2020-10-10T04:24Z,,,2020-10-10,0T04,,,,,,,,,,,,,
2020-10-13T21:12:00-CME-001,M2M_CATALOG,2020-10-13T21:12Z,S23W37,12775.0,2020-10-13,3T21,,,,,,,,,,,,,
2020-10-14T03:24:00-CME-001,M2M_CATALOG,2020-10-14T03:24Z,,,2020-10-14,4T03,,,,,,,,,,,,,
2020-10-15T11:24:00-CME-001,M2M_CATALOG,2020-10-15T11:24Z,,,2020-10-15,5T11,,,,,,,,,,,,,
2020-10-15T16:36:00-CME-001,M2M_CATALOG,2020-10-15T16:36Z,,,2020-10-15,5T16,,,,,,,,,,,,,
2020-10-16T13:36:00-CME-001,M2M_CATALOG,2020-10-16T13:36Z,,12774.0,2020-10-16,6T13,,,,,,,,,,,,,
2020-10-16T16:03:00-CME-001,M2M_CATALOG,2020-10-16T16:03Z,S23W66,12775.0,2020-10-16,6T16,,,,,,,,,,,,,
2020-10-18T09:24:00-CME-001,M2M_CATALOG,2020-10-18T09:24Z,,,2020-10-18,8T09,,,,,,,,,,,,,
2020-10-22T13:09:00-CME-001,M2M_CATALOG,2020-10-22T13:09Z,,,2020-10-22,2T13,,,,,,,,,,,,,
2020-10-23T04:39:00-CME-001,M2M_CATALOG,2020-10-23T04:39Z,,,2020-10-23,3T04,,,,,,,,,,,,,
2020-10-23T22:35:00-CME-001,M2M_CATALOG,2020-10-23T22:35Z,,,2020-10-23,3T22,,,,,,,,,,,,,
2020-10-26T09:12:00-CME-001,M2M_CATALOG,2020-10-26T09:12Z,,,2020-10-26,6T09,,,,,,,,,,,,,
2020-10-26T18:09:00-CME-001,M2M_CATALOG,2020-10-26T18:09Z,,,2020-10-26,6T18,,,,,,,,,,,,,
2020-10-27T03:39:00-CME-001,M2M_CATALOG,2020-10-27T03:39Z,,,2020-10-27,7T03,,,,,,,,,,,,,
2020-10-28T13:42:00-CME-001,M2M_CATALOG,2020-10-28T13:42Z,,,2020-10-28,8T13,,,,,,,,,,,,,
2020-11-18T13:24:00-CME-001,M2M_CATALOG,2020-11-18T13:24Z,,,2020-11-18,8T13,,,,,,,,,,,,,
2020-11-18T13:36:00-CME-001,M2M_CATALOG,2020-11-18T13:36Z,,,2020-11-18,8T13,,,,,,,,,,,,,
2020-10-29T01:54:00-CME-001,M2M_CATALOG,2020-10-29T01:54Z,S19W28,12779.0,2020-10-29,9T01,,,,,,,,,,,,,
2020-10-31T00:12:00-CME-001,M2M_CATALOG,2020-10-31T00:12Z,,,2020-10-31,1T00,,,,,,,,,,,,,
2020-12-11T00:36:00-CME-001,M2M_CATALOG,2020-12-11T00:36Z,,,2020-12-11,1T00,,,,,,,,,,,,,
2020-11-01T20:00:00-CME-001,M2M_CATALOG,2020-11-01T20:00Z,,,2020-11-01,1T20,,,,,,,,,,,,,
2020-11-02T05:24:00-CME-001,M2M_CATALOG,2020-11-02T05:24Z,,,2020-11-02,2T05,,,,,,,,,,,,,
2020-11-07T13:24:00-CME-001,M2M_CATALOG,2020-11-07T13:24Z,N19W01,12780.0,2020-11-07,7T13,,,,,,,,,,,,,
2020-11-08T20:12:00-CME-001,M2M_CATALOG,2020-11-08T20:12Z,,,2020-11-08,8T20,,,,,,,,,,,,,
2020-11-11T19:36:00-CME-001,M2M_CATALOG,2020-11-11T19:36Z,S22E60,12782.0,2020-11-11,1T19,,,,,,,,,,,,,
2020-11-21T19:36:00-CME-001,M2M_CATALOG,2020-11-21T19:36Z,,,2020-11-21,1T19,,,,,,,,,,,,,
2020-12-11T19:09:00-CME-001,M2M_CATALOG,2020-12-11T19:09Z,,12791.0,2020-12-11,1T19,,,,,,,,,,,,,
2020-11-12T02:24:00-CME-001,M2M_CATALOG,2020-11-12T02:24Z,,,2020-11-12,2T02,,,,,,,,,,,,,
2020-11-13T12:24:00-CME-001,M2M_CATALOG,2020-11-13T12:24Z,,,2020-11-13,3T12,,,,,,,,,,,,,
2020-11-17T08:36:00-CME-001,M2M_CATALOG,2020-11-17T08:36Z,,,2020-11-17,7T08,,,,,,,,,,,,,
2020-11-17T19:00:00-CME-001,M2M_CATALOG,2020-11-17T19:00Z,,,2020-11-17,7T19,,,,,,,,,,,,,
2020-10-28T13:42:00-CME-001,M2M_CATALOG,2020-10-28T13:42Z,,,2020-10-28,8T13,,,,,,,,,,,,,
2020-11-18T13:24:00-CME-001,M2M_CATALOG,2020-11-18T13:24Z,,,2020-11-18,8T13,,,,,,,,,,,,,
2020-11-18T13:36:00-CME-001,M2M_CATALOG,2020-11-18T13:36Z,,,2020-11-18,8T13,,,,,,,,,,,,,
2020-10-28T13:42:00-CME-001,M2M_CATALOG,2020-10-28T13:42Z,,,2020-10-28,8T13,,,,,,,,,,,,,
2020-11-18T13:24:00-CME-001,M2M_CATALOG,2020-11-18T13:24Z,,,2020-11-18,8T13,,,,,,,,,,,,,
2020-11-18T13:36:00-CME-001,M2M_CATALOG,2020-11-18T13:36Z,,,2020-11-18,8T13,,,,,,,,,,,,,
2020-11-18T21:48:00-CME-001,M2M_CATALOG,2020-11-18T21:48Z,S20E138,,2020-11-18,8T21,,,,,,,,,,,,,
2020-11-19T02:54:00-CME-001,M2M_CATALOG,2020-11-19T02:54Z,,,2020-11-19,9T02,,,,,,,,,,,,,
2020-11-19T03:12:00-CME-001,M2M_CATALOG,2020-11-19T03:12Z,N30E40,,2020-11-19,9T03,,,,,,,,,,,,,
2020-11-19T06:48:00-CME-001,M2M_CATALOG,2020-11-19T06:48Z,S23E49,,2020-11-19,9T06,,,,,,,,,,,,,
2020-11-19T15:12:00-CME-001,M2M_CATALOG,2020-11-19T15:12Z,,,2020-11-19,9T15,,,,,,,,,,,,,
2020-11-29T15:05:00-CME-001,M2M_CATALOG,2020-11-29T15:05Z,,12783.0,2020-11-29,9T15,,,,,,,,,,,,,
2020-11-20T19:51:00-CME-001,M2M_CATALOG,2020-11-20T19:51Z,,12783.0,2020-11-20,0T19,,,,,,,,,,,,,
2020-10-10T04:24:00-CME-001,M2M_CATALOG,2020-10-10T04:24Z,,,2020-10-10,0T04,,,,,,,,,,,,,
2020-10-13T21:12:00-CME-001,M2M_CATALOG,2020-10-13T21:12Z,S23W37,12775.0,2020-10-13,3T21,,,,,,,,,,,,,
2020-10-14T03:24:00-CME-001,M2M_CATALOG,2020-10-14T03:24Z,,,2020-10-14,4T03,,,,,,,,,,,,,
2020-10-15T11:24:00-CME-001,M2M_CATALOG,2020-10-15T11:24Z,,,2020-10-15,5T11,,,,,,,,,,,,,
2020-10-15T16:36:00-CME-001,M2M_CATALOG,2020-10-15T16:36Z,,,2020-10-15,5T16,,,,,,,,,,,,,
2020-10-16T13:36:00-CME-001,M2M_CATALOG,2020-10-16T13:36Z,,12774.0,2020-10-16,6T13,,,,,,,,,,,,,
2020-10-16T16:03:00-CME-001,M2M_CATALOG,2020-10-16T16:03Z,S23W66,12775.0,2020-10-16,6T16,,,,,,,,,,,,,
2020-10-18T09:24:00-CME-001,M2M_CATALOG,2020-10-18T09:24Z,,,2020-10-18,8T09,,,,,,,,,,,,,
2020-10-22T13:09:00-CME-001,M2M_CATALOG,2020-10-22T13:09Z,,,2020-10-22,2T13,,,,,,,,,,,,,
2020-10-23T04:39:00-CME-001,M2M_CATALOG,2020-10-23T04:39Z,,,2020-10-23,3T04,,,,,,,,,,,,,
2020-10-23T22:35:00-CME-001,M2M_CATALOG,2020-10-23T22:35Z,,,2020-10-23,3T22,,,,,,,,,,,,,
2020-10-26T09:12:00-CME-001,M2M_CATALOG,2020-10-26T09:12Z,,,2020-10-26,6T09,,,,,,,,,,,,,
2020-10-26T18:09:00-CME-001,M2M_CATALOG,2020-10-26T18:09Z,,,2020-10-26,6T18,,,,,,,,,,,,,
2020-10-27T03:39:00-CME-001,M2M_CATALOG,2020-10-27T03:39Z,,,2020-10-27,7T03,,,,,,,,,,,,,
2020-10-28T13:42:00-CME-001,M2M_CATALOG,2020-10-28T13:42Z,,,2020-10-28,8T13,,,,,,,,,,,,,
2020-11-18T13:24:00-CME-001,M2M_CATALOG,2020-11-18T13:24Z,,,2020-11-18,8T13,,,,,,,,,,,,,
2020-11-18T13:36:00-CME-001,M2M_CATALOG,2020-11-18T13:36Z,,,2020-11-18,8T13,,,,,,,,,,,,,
2020-10-29T01:54:00-CME-001,M2M_CATALOG,2020-10-29T01:54Z,S19W28,12779.0,2020-10-29,9T01,,,,,,,,,,,,,
2020-10-31T00:12:00-CME-001,M2M_CATALOG,2020-10-31T00:12Z,,,2020-10-31,1T00,,,,,,,,,,,,,
2020-12-11T00:36:00-CME-001,M2M_CATALOG,2020-12-11T00:36Z,,,2020-12-11,1T00,,,,,,,,,,,,,
2020-11-01T20:00:00-CME-001,M2M_CATALOG,2020-11-01T20:00Z,,,2020-11-01,1T20,,,,,,,,,,,,,
2020-11-02T05:24:00-CME-001,M2M_CATALOG,2020-11-02T05:24Z,,,2020-11-02,2T05,,,,,,,,,,,,,
2020-11-07T13:24:00-CME-001,M2M_CATALOG,2020-11-07T13:24Z,N19W01,12780.0,2020-11-07,7T13,,,,,,,,,,,,,
2020-11-08T20:12:00-CME-001,M2M_CATALOG,2020-11-08T20:12Z,,,2020-11-08,8T20,,,,,,,,,,,,,
2020-11-11T19:36:00-CME-001,M2M_CATALOG,2020-11-11T19:36Z,S22E60,12782.0,2020-11-11,1T19,,,,,,,,,,,,,
2020-11-21T19:36:00-CME-001,M2M_CATALOG,2020-11-21T19:36Z,,,2020-11-21,1T19,,,,,,,,,,,,,
2020-12-11T19:09:00-CME-001,M2M_CATALOG,2020-12-11T19:09Z,,12791.0,2020-12-11,1T19,,,,,,,,,,,,,
2020-11-12T02:24:00-CME-001,M2M_CATALOG,2020-11-12T02:24Z,,,2020-11-12,2T02,,,,,,,,,,,,,
2020-11-13T12:24:00-CME-001,M2M_CATALOG,2020-11-13T12:24Z,,,2020-11-13,3T12,,,,,,,,,,,,,
2020-11-17T08:36:00-CME-001,M2M_CATALOG,2020-11-17T08:36Z,,,2020-11-17,7T08,,,,,,,,,,,,,
2020-11-17T19:00:00-CME-001,M2M_CATALOG,2020-11-17T19:00Z,,,2020-11-17,7T19,,,,,,,,,,,,,
2020-10-28T13:42:00-CME-001,M2M_CATALOG,2020-10-28T13:42Z,,,2020-10-28,8T13,,,,,,,,,,,,,
2020-11-18T13:24:00-CME-001,M2M_CATALOG,2020-11-18T13:24Z,,,2020-11-18,8T13,,,,,,,,,,,,,
2020-11-18T13:36:00-CME-001,M2M_CATALOG,2020-11-18T13:36Z,,,2020-11-18,8T13,,,,,,,,,,,,,
2020-10-28T13:42:00-CME-001,M2M_CATALOG,2020-10-28T13:42Z,,,2020-10-28,8T13,,,,,,,,,,,,,
2020-11-18T13:24:00-CME-001,M2M_CATALOG,2020-11-18T13:24Z,,,2020-11-18,8T13,,,,,,,,,,,,,
2020-11-18T13:36:00-CME-001,M2M_CATALOG,2020-11-18T13:36Z,,,2020-11-18,8T13,,,,,,,,,,,,,
2020-11-18T21:48:00-CME-001,M2M_CATALOG,2020-11-18T21:48Z,S20E138,,2020-11-18,8T21,,,,,,,,,,,,,
2020-11-19T02:54:00-CME-001,M2M_CATALOG,2020-11-19T02:54Z,,,2020-11-19,9T02,,,,,,,,,,,,,
2020-11-19T03:12:00-CME-001,M2M_CATALOG,2020-11-19T03:12Z,N30E40,,2020-11-19,9T03,,,,,,,,,,,,,
2020-11-19T06:48:00-CME-001,M2M_CATALOG,2020-11-19T06:48Z,S23E49,,2020-11-19,9T06,,,,,,,,,,,,,
2020-11-19T15:12:00-CME-001,M2M_CATALOG,2020-11-19T15:12Z,,,2020-11-19,9T15,,,,,,,,,,,,,
2020-11-29T15:05:00-CME-001,M2M_CATALOG,2020-11-29T15:05Z,,12783.0,2020-11-29,9T15,,,,,,,,,,,,,
2020-11-20T19:51:00-CME-001,M2M_CATALOG,2020-11-20T19:51Z,,12783.0,2020-11-20,0T19,,,,,,,,,,,,,
2020-11-20T21:12:00-CME-001,M2M_CATALOG,2020-11-20T21:12Z,,,2020-11-20,0T21,,,,,,,,,,,,,
2020-11-11T19:36:00-CME-001,M2M_CATALOG,2020-11-11T19:36Z,S22E60,12782.0,2020-11-11,1T19,,,,,,,,,,,,,
2020-11-21T19:36:00-CME-001,M2M_CATALOG,2020-11-21T19:36Z,,,2020-11-21,1T19,,,,,,,,,,,,,
2020-12-11T19:09:00-CME-001,M2M_CATALOG,2020-12-11T19:09Z,,12791.0,2020-12-11,1T19,,,,,,,,,,,,,
2020-11-21T23:12:00-CME-001,M2M_CATALOG,2020-11-21T23:12Z,,,2020-11-21,1T23,,,,,,,,,,,,,
2020-11-22T01:36:00-CME-001,M2M_CATALOG,2020-11-22T01:36Z,,,2020-11-22,2T01,,,,,,,,,,,,,
2020-11-23T18:48:00-CME-001,M2M_CATALOG,2020-11-23T18:48Z,,,2020-11-23,3T18,,,,,,,,,,,,,
2020-11-24T04:36:00-CME-001,M2M_CATALOG,2020-11-24T04:36Z,S20E65,12785.0,2020-11-24,4T04,,,,,,,,,,,,,
2020-11-24T11:24:00-CME-001,M2M_CATALOG,2020-11-24T11:24Z,,,2020-11-24,4T11,,,,,,,,,,,,,
2020-12-04T11:09:00-CME-001,M2M_CATALOG,2020-12-04T11:09Z,,,2020-12-04,4T11,,,,,,,,,,,,,
2020-11-24T13:24:00-CME-001,M2M_CATALOG,2020-11-24T13:24Z,,,2020-11-24,4T13,,,,,,,,,,,,,
2020-11-26T08:24:00-CME-001,M2M_CATALOG,2020-11-26T08:24Z,,,2020-11-26,6T08,,,,,,,,,,,,,
2020-11-26T21:24:00-CME-001,M2M_CATALOG,2020-11-26T21:24Z,N32E90,12787.0,2020-11-26,6T21,,,,,,,,,,,,,
2020-11-27T05:48:00-CME-001,M2M_CATALOG,2020-11-27T05:48Z,,,2020-11-27,7T05,,,,,,,,,,,,,
2020-11-29T13:24:00-CME-001,M2M_CATALOG,2020-11-29T13:24Z,S23E97,,2020-11-29,9T13,,,,,,,,,,,,,
2020-11-19T15:12:00-CME-001,M2M_CATALOG,2020-11-19T15:12Z,,,2020-11-19,9T15,,,,,,,,,,,,,
2020-11-29T15:05:00-CME-001,M2M_CATALOG,2020-11-29T15:05Z,,12783.0,2020-11-29,9T15,,,,,,,,,,,,,
2020-11-30T07:09:00-CME-001,M2M_CATALOG,2020-11-30T07:09Z,,,2020-11-30,0T07,,,,,,,,,,,,,
2020-12-01T05:48:00-CME-001,M2M_CATALOG,2020-12-01T05:48Z,S25E80,12790.0,2020-12-01,1T05,,,,,,,,,,,,,
2020-12-01T07:12:00-CME-001,M2M_CATALOG,2020-12-01T07:12Z,N35E30,12787.0,2020-12-01,1T07,,,,,,,,,,,,,
2020-12-03T11:12:00-CME-001,M2M_CATALOG,2020-12-03T11:12Z,S30E137,,2020-12-03,3T11,,,,,,,,,,,,,
2020-12-04T02:48:00-CME-001,M2M_CATALOG,2020-12-04T02:48Z,,,2020-12-04,4T02,,,,,,,,,,,,,
2020-11-24T11:24:00-CME-001,M2M_CATALOG,2020-11-24T11:24Z,,,2020-11-24,4T11,,,,,,,,,,,,,
2020-12-04T11:09:00-CME-001,M2M_CATALOG,2020-12-04T11:09Z,,,2020-12-04,4T11,,,,,,,,,,,,,
2020-12-06T22:00:00-CME-001,M2M_CATALOG,2020-12-06T22:00Z,,,2020-12-06,6T22,,,,,,,,,,,,,
2020-12-07T16:24:00-CME-001,M2M_CATALOG,2020-12-07T16:24Z,S23W11,12790.0,2020-12-07,7T16,,,,,,,,,,,,,
2020-12-07T18:36:00-CME-001,M2M_CATALOG,2020-12-07T18:36Z,S40W30,,2020-12-07,7T18,,,,,,,,,,,,,
2020-10-31T00:12:00-CME-001,M2M_CATALOG,2020-10-31T00:12Z,,,2020-10-31,1T00,,,,,,,,,,,,,
2020-12-11T00:36:00-CME-001,M2M_CATALOG,2020-12-11T00:36Z,,,2020-12-11,1T00,,,,,,,,,,,,,
2020-11-11T19:36:00-CME-001,M2M_CATALOG,2020-11-11T19:36Z,S22E60,12782.0,2020-11-11,1T19,,,,,,,,,,,,,
2020-11-21T19:36:00-CME-001,M2M_CATALOG,2020-11-21T19:36Z,,,2020-11-21,1T19,,,,,,,,,,,,,
2020-12-11T19:09:00-CME-001,M2M_CATALOG,2020-12-11T19:09Z,,12791.0,2020-12-11,1T19,,,,,,,,,,,,,
2020-12-12T04:12:00-CME-001,M2M_CATALOG,2020-12-12T04:12Z,,,2020-12-12,2T04,,,,,,,,,,,,,
2020-12-13T09:24:00-CME-001,M2M_CATALOG,2020-12-13T09:24Z,,,2020-12-13,3T09,,,,,,,,,,,,,
2020-12-14T15:12:00-CME-001,M2M_CATALOG,2020-12-14T15:12Z,S22E44,12792.0,2020-12-14,4T15,,,,,,,,,,,,,
2020-12-14T21:12:00-CME-001,M2M_CATALOG,2020-12-14T21:12Z,N40E110,,2020-12-14,4T21,,,,,,,,,,,,,
2020-12-17T06:48:00-CME-001,M2M_CATALOG,2020-12-17T06:48Z,,,2020-12-17,7T06,,,,,,,,,,,,,
2020-12-27T00:48:00-CME-001,M2M_CATALOG,2020-12-27T00:48Z,,,2020-12-27,7T00,,,,,,,,,,,,,
2020-12-30T02:24:00-CME-001,M2M_CATALOG,2020-12-30T02:24Z,S20E08,12795.0,2020-12-30,0T02,,,,,,,,,,,,,
2020-10-10T04:24:00-CME-001,M2M_CATALOG,2020-10-10T04:24Z,,,2020-10-10,0T04,,,,,,,,,,,,,
2020-10-13T21:12:00-CME-001,M2M_CATALOG,2020-10-13T21:12Z,S23W37,12775.0,2020-10-13,3T21,,,,,,,,,,,,,
2020-10-14T03:24:00-CME-001,M2M_CATALOG,2020-10-14T03:24Z,,,2020-10-14,4T03,,,,,,,,,,,,,
2020-10-15T11:24:00-CME-001,M2M_CATALOG,2020-10-15T11:24Z,,,2020-10-15,5T11,,,,,,,,,,,,,
2020-10-15T16:36:00-CME-001,M2M_CATALOG,2020-10-15T16:36Z,,,2020-10-15,5T16,,,,,,,,,,,,,
2020-10-16T13:36:00-CME-001,M2M_CATALOG,2020-10-16T13:36Z,,12774.0,2020-10-16,6T13,,,,,,,,,,,,,
2020-10-16T16:03:00-CME-001,M2M_CATALOG,2020-10-16T16:03Z,S23W66,12775.0,2020-10-16,6T16,,,,,,,,,,,,,
2020-10-18T09:24:00-CME-001,M2M_CATALOG,2020-10-18T09:24Z,,,2020-10-18,8T09,,,,,,,,,,,,,
2020-10-22T13:09:00-CME-001,M2M_CATALOG,2020-10-22T13:09Z,,,2020-10-22,2T13,,,,,,,,,,,,,
2020-10-23T04:39:00-CME-001,M2M_CATALOG,2020-10-23T04:39Z,,,2020-10-23,3T04,,,,,,,,,,,,,
2020-10-23T22:35:00-CME-001,M2M_CATALOG,2020-10-23T22:35Z,,,2020-10-23,3T22,,,,,,,,,,,,,
2020-10-26T09:12:00-CME-001,M2M_CATALOG,2020-10-26T09:12Z,,,2020-10-26,6T09,,,,,,,,,,,,,
2020-10-26T18:09:00-CME-001,M2M_CATALOG,2020-10-26T18:09Z,,,2020-10-26,6T18,,,,,,,,,,,,,
2020-10-27T03:39:00-CME-001,M2M_CATALOG,2020-10-27T03:39Z,,,2020-10-27,7T03,,,,,,,,,,,,,
2020-10-28T13:42:00-CME-001,M2M_CATALOG,2020-10-28T13:42Z,,,2020-10-28,8T13,,,,,,,,,,,,,
2020-11-18T13:24:00-CME-001,M2M_CATALOG,2020-11-18T13:24Z,,,2020-11-18,8T13,,,,,,,,,,,,,
2020-11-18T13:36:00-CME-001,M2M_CATALOG,2020-11-18T13:36Z,,,2020-11-18,8T13,,,,,,,,,,,,,
2020-10-29T01:54:00-CME-001,M2M_CATALOG,2020-10-29T01:54Z,S19W28,12779.0,2020-10-29,9T01,,,,,,,,,,,,,
2020-10-31T00:12:00-CME-001,M2M_CATALOG,2020-10-31T00:12Z,,,2020-10-31,1T00,,,,,,,,,,,,,
2020-12-11T00:36:00-CME-001,M2M_CATALOG,2020-12-11T00:36Z,,,2020-12-11,1T00,,,,,,,,,,,,,
2020-11-01T20:00:00-CME-001,M2M_CATALOG,2020-11-01T20:00Z,,,2020-11-01,1T20,,,,,,,,,,,,,
2020-11-02T05:24:00-CME-001,M2M_CATALOG,2020-11-02T05:24Z,,,2020-11-02,2T05,,,,,,,,,,,,,
2020-11-07T13:24:00-CME-001,M2M_CATALOG,2020-11-07T13:24Z,N19W01,12780.0,2020-11-07,7T13,,,,,,,,,,,,,
2020-11-08T20:12:00-CME-001,M2M_CATALOG,2020-11-08T20:12Z,,,2020-11-08,8T20,,,,,,,,,,,,,
2020-11-11T19:36:00-CME-001,M2M_CATALOG,2020-11-11T19:36Z,S22E60,12782.0,2020-11-11,1T19,,,,,,,,,,,,,
2020-11-21T19:36:00-CME-001,M2M_CATALOG,2020-11-21T19:36Z,,,2020-11-21,1T19,,,,,,,,,,,,,
2020-12-11T19:09:00-CME-001,M2M_CATALOG,2020-12-11T19:09Z,,12791.0,2020-12-11,1T19,,,,,,,,,,,,,
2020-11-12T02:24:00-CME-001,M2M_CATALOG,2020-11-12T02:24Z,,,2020-11-12,2T02,,,,,,,,,,,,,
2020-11-13T12:24:00-CME-001,M2M_CATALOG,2020-11-13T12:24Z,,,2020-11-13,3T12,,,,,,,,,,,,,
2020-11-17T08:36:00-CME-001,M2M_CATALOG,2020-11-17T08:36Z,,,2020-11-17,7T08,,,,,,,,,,,,,
2020-11-17T19:00:00-CME-001,M2M_CATALOG,2020-11-17T19:00Z,,,2020-11-17,7T19,,,,,,,,,,,,,
2020-10-28T13:42:00-CME-001,M2M_CATALOG,2020-10-28T13:42Z,,,2020-10-28,8T13,,,,,,,,,,,,,
2020-11-18T13:24:00-CME-001,M2M_CATALOG,2020-11-18T13:24Z,,,2020-11-18,8T13,,,,,,,,,,,,,
2020-11-18T13:36:00-CME-001,M2M_CATALOG,2020-11-18T13:36Z,,,2020-11-18,8T13,,,,,,,,,,,,,
2020-10-28T13:42:00-CME-001,M2M_CATALOG,2020-10-28T13:42Z,,,2020-10-28,8T13,,,,,,,,,,,,,
2020-11-18T13:24:00-CME-001,M2M_CATALOG,2020-11-18T13:24Z,,,2020-11-18,8T13,,,,,,,,,,,,,
2020-11-18T13:36:00-CME-001,M2M_CATALOG,2020-11-18T13:36Z,,,2020-11-18,8T13,,,,,,,,,,,,,
2020-11-18T21:48:00-CME-001,M2M_CATALOG,2020-11-18T21:48Z,S20E138,,2020-11-18,8T21,,,,,,,,,,,,,
2020-11-19T02:54:00-CME-001,M2M_CATALOG,2020-11-19T02:54Z,,,2020-11-19,9T02,,,,,,,,,,,,,
2020-11-19T03:12:00-CME-001,M2M_CATALOG,2020-11-19T03:12Z,N30E40,,2020-11-19,9T03,,,,,,,,,,,,,
2020-11-19T06:48:00-CME-001,M2M_CATALOG,2020-11-19T06:48Z,S23E49,,2020-11-19,9T06,,,,,,,,,,,,,
2020-11-19T15:12:00-CME-001,M2M_CATALOG,2020-11-19T15:12Z,,,2020-11-19,9T15,,,,,,,,,,,,,
2020-11-29T15:05:00-CME-001,M2M_CATALOG,2020-11-29T15:05Z,,12783.0,2020-11-29,9T15,,,,,,,,,,,,,
2020-10-10T04:24:00-CME-001,M2M_CATALOG,2020-10-10T04:24Z,,,2020-10-10,0T04,,,,,,,,,,,,,
2020-10-13T21:12:00-CME-001,M2M_CATALOG,2020-10-13T21:12Z,S23W37,12775.0,2020-10-13,3T21,,,,,,,,,,,,,
2020-10-14T03:24:00-CME-001,M2M_CATALOG,2020-10-14T03:24Z,,,2020-10-14,4T03,,,,,,,,,,,,,
2020-10-15T11:24:00-CME-001,M2M_CATALOG,2020-10-15T11:24Z,,,2020-10-15,5T11,,,,,,,,,,,,,
2020-10-15T16:36:00-CME-001,M2M_CATALOG,2020-10-15T16:36Z,,,2020-10-15,5T16,,,,,,,,,,,,,
2020-10-16T13:36:00-CME-001,M2M_CATALOG,2020-10-16T13:36Z,,12774.0,2020-10-16,6T13,,,,,,,,,,,,,
2020-10-16T16:03:00-CME-001,M2M_CATALOG,2020-10-16T16:03Z,S23W66,12775.0,2020-10-16,6T16,,,,,,,,,,,,,
2020-10-18T09:24:00-CME-001,M2M_CATALOG,2020-10-18T09:24Z,,,2020-10-18,8T09,,,,,,,,,,,,,
2020-10-22T13:09:00-CME-001,M2M_CATALOG,2020-10-22T13:09Z,,,2020-10-22,2T13,4139.0,5c1b4af9-a732-4f3a-875e-36ede05f2fa3,Blue Moon,Nugget Nectar,Bock,Vanguard,2124 - Bohemian Lager,Chocolate,65 IBU,2.1%,12.9°Blg,Estados Unidos,1995.0
2020-11-02T05:24:00-CME-001,M2M_CATALOG,2020-11-02T05:24Z,,,2020-11-02,2T05,,,,,,,,,,,,,
2020-11-07T13:24:00-CME-001,M2M_CATALOG,2020-11-07T13:24Z,N19W01,12780.0,2020-11-07,7T13,,,,,,,,,,,,,
2020-11-08T20:12:00-CME-001,M2M_CATALOG,2020-11-08T20:12Z,,,2020-11-08,8T20,,,,,,,,,,,,,
2020-11-11T19:36:00-CME-001,M2M_CATALOG,2020-11-11T19:36Z,S22E60,12782.0,2020-11-11,1T19,,,,,,,,,,,,,
2020-11-21T19:36:00-CME-001,M2M_CATALOG,2020-11-21T19:36Z,,,2020-11-21,1T19,,,,,,,,,,,,,
2020-12-11T19:09:00-CME-001,M2M_CATALOG,2020-12-11T19:09Z,,12791.0,2020-12-11,1T19,,,,,,,,,,,,,
2020-11-12T02:24:00-CME-001,M2M_CATALOG,2020-11-12T02:24Z,,,2020-11-12,2T02,,,,,,,,,,,,,
2020-11-13T12:24:00-CME-001,M2M_CATALOG,2020-11-13T12:24Z,,,2020-11-13,3T12,,,,,,,,,,,,,
2020-11-17T08:36:00-CME-001,M2M_CATALOG,2020-11-17T08:36Z,,,2020-11-17,7T08,,,,,,,,,,,,,
2020-11-17T19:00:00-CME-001,M2M_CATALOG,2020-11-17T19:00Z,,,2020-11-17,7T19,,,,,,,,,,,,,
2020-11-18T21:48:00-CME-001,M2M_CATALOG,2020-11-18T21:48Z,S20E138,,2020-11-18,8T21,,,,,,,,,,,,,
2020-11-19T02:54:00-CME-001,M2M_CATALOG,2020-11-19T02:54Z,,,2020-11-19,9T02,,,,,,,,,,,,,
2020-11-27T05:48:00-CME-001,M2M_CATALOG,2020-11-27T05:48Z,,,2020-11-27,7T05,,,,,,,,,,,,,
2020-11-29T13:24:00-CME-001,M2M_CATALOG,2020-11-29T13:24Z,S23E97,,2020-11-29,9T13,,,,,,,,,,,,,
2020-11-30T07:09:00-CME-001,M2M_CATALOG,2020-11-30T07:09Z,,,2020-11-30,0T07,,,,,,,,,,,,,
2020-12-01T05:48:00-CME-001,M2M_CATALOG,2020-12-01T05:48Z,S25E80,12790.0,2020-12-01,1T05,,,,,,,,,,,,,
2020-12-01T07:12:00-CME-001,M2M_CATALOG,2020-12-01T07:12Z,N35E30,12787.0,2020-12-01,1T07,,,,,,,,,,,,,
2020-12-03T11:12:00-CME-001,M2M_CATALOG,2020-12-03T11:12Z,S30E137,,2020-12-03,3T11,,,,,,,,,,,,,
2020-12-04T02:48:00-CME-001,M2M_CATALOG,2020-12-04T02:48Z,,,2020-12-04,4T02,,,,,,,,,,,,,
2020-12-06T22:00:00-CME-001,M2M_CATALOG,2020-12-06T22:00Z,,,2020-12-06,6T22,,,,,,,,,,,,,
2020-12-07T16:24:00-CME-001,M2M_CATALOG,2020-12-07T16:24Z,S23W11,12790.0,2020-12-07,7T16,,,,,,,,,,,,,
2020-12-07T18:36:00-CME-001,M2M_CATALOG,2020-12-07T18:36Z,S40W30,,2020-12-07,7T18,,,,,,,,,,,,,
2020-12-17T06:48:00-CME-001,M2M_CATALOG,2020-12-17T06:48Z,,,2020-12-17,7T06,,,,,,,,,,,,,
2020-12-27T00:48:00-CME-001,M2M_CATALOG,2020-12-27T00:48Z,,,2020-12-27,7T00,,,,,,,,,,,,,
2020-12-30T02:24:00-CME-001,M2M_CATALOG,2020-12-30T02:24Z,S20E08,12795.0,2020-12-30,0T02,,,,,,,,,,,,,
2020-10-10T04:24:00-CME-001,M2M_CATALOG,2020-10-10T04:24Z,,,2020-10-10,0T04,4163.0,cf992672-0039-4d16-aec2-bb74a3cfe9ba,Pabst Blue Ribbon,Sierra Nevada Bigfoot Barleywine Style Ale,India Pale Ale,Galena,1728 - Scottish Ale,Rye malt,44 IBU,4.3%,19.3°Blg,Estados Unidos,1844.0
2020-10-13T21:12:00-CME-001,M2M_CATALOG,2020-10-13T21:12Z,S23W37,12775.0,2020-10-13,3T21,,,,,,,,,,,,,
2020-10-14T03:24:00-CME-001,M2M_CATALOG,2020-10-14T03:24Z,,,2020-10-14,4T03,,,,,,,,,,,,,
2020-10-15T11:24:00-CME-001,M2M_CATALOG,2020-10-15T11:24Z,,,2020-10-15,5T11,,,,,,,,,,,,,
2020-10-15T16:36:00-CME-001,M2M_CATALOG,2020-10-15T16:36Z,,,2020-10-15,5T16,,,,,,,,,,,,,
2020-10-16T13:36:00-CME-001,M2M_CATALOG,2020-10-16T13:36Z,,12774.0,2020-10-16,6T13,,,,,,,,,,,,,
2020-10-16T16:03:00-CME-001,M2M_CATALOG,2020-10-16T16:03Z,S23W66,12775.0,2020-10-16,6T16,,,,,,,,,,,,,
2020-10-18T09:24:00-CME-001,M2M_CATALOG,2020-10-18T09:24Z,,,2020-10-18,8T09,,,,,,,,,,,,,
2020-10-22T13:09:00-CME-001,M2M_CATALOG,2020-10-22T13:09Z,,,2020-10-22,2T13,,,,,,,,,,,,,
2020-11-02T05:24:00-CME-001,M2M_CATALOG,2020-11-02T05:24Z,,,2020-11-02,2T05,,,,,,,,,,,,,
2020-11-07T13:24:00-CME-001,M2M_CATALOG,2020-11-07T13:24Z,N19W01,12780.0,2020-11-07,7T13,,,,,,,,,,,,,
2020-11-08T20:12:00-CME-001,M2M_CATALOG,2020-11-08T20:12Z,,,2020-11-08,8T20,,,,,,,,,,,,,
2020-11-11T19:36:00-CME-001,M2M_CATALOG,2020-11-11T19:36Z,S22E60,12782.0,2020-11-11,1T19,,,,,,,,,,,,,
2020-11-21T19:36:00-CME-001,M2M_CATALOG,2020-11-21T19:36Z,,,2020-11-21,1T19,,,,,,,,,,,,,
2020-12-11T19:09:00-CME-001,M2M_CATALOG,2020-12-11T19:09Z,,12791.0,2020-12-11,1T19,,,,,,,,,,,,,
2020-11-12T02:24:00-CME-001,M2M_CATALOG,2020-11-12T02:24Z,,,2020-11-12,2T02,,,,,,,,,,,,,
2020-11-13T12:24:00-CME-001,M2M_CATALOG,2020-11-13T12:24Z,,,2020-11-13,3T12,,,,,,,,,,,,,
2020-11-17T08:36:00-CME-001,M2M_CATALOG,2020-11-17T08:36Z,,,2020-11-17,7T08,,,,,,,,,,,,,
2020-11-17T19:00:00-CME-001,M2M_CATALOG,2020-11-17T19:00Z,,,2020-11-17,7T19,,,,,,,,,,,,,
2020-11-18T21:48:00-CME-001,M2M_CATALOG,2020-11-18T21:48Z,S20E138,,2020-11-18,8T21,,,,,,,,,,,,,
2020-11-19T02:54:00-CME-001,M2M_CATALOG,2020-11-19T02:54Z,,,2020-11-19,9T02,,,,,,,,,,,,,
2020-11-27T05:48:00-CME-001,M2M_CATALOG,2020-11-27T05:48Z,,,2020-11-27,7T05,,,,,,,,,,,,,
2020-11-29T13:24:00-CME-001,M2M_CATALOG,2020-11-29T13:24Z,S23E97,,2020-11-29,9T13,,,,,,,,,,,,,
2020-11-30T07:09:00-CME-001,M2M_CATALOG,2020-11-30T07:09Z,,,2020-11-30,0T07,,,,,,,,,,,,,
2020-12-01T05:48:00-CME-001,M2M_CATALOG,2020-12-01T05:48Z,S25E80,12790.0,2020-12-01,1T05,,,,,,,,,,,,,
2020-12-01T07:12:00-CME-001,M2M_CATALOG,2020-12-01T07:12Z,N35E30,12787.0,2020-12-01,1T07,,,,,,,,,,,,,
2020-12-03T11:12:00-CME-001,M2M_CATALOG,2020-12-03T11:12Z,S30E137,,2020-12-03,3T11,,,,,,,,,,,,,
2020-12-04T02:48:00-CME-001,M2M_CATALOG,2020-12-04T02:48Z,,,2020-12-04,4T02,,,,,,,,,,,,,
2020-12-06T22:00:00-CME-001,M2M_CATALOG,2020-12-06T22:00Z,,,2020-12-06,6T22,,,,,,,,,,,,,
2020-12-07T16:24:00-CME-001,M2M_CATALOG,2020-12-07T16:24Z,S23W11,12790.0,2020-12-07,7T16,,,,,,,,,,,,,
2020-12-07T18:36:00-CME-001,M2M_CATALOG,2020-12-07T18:36Z,S40W30,,2020-12-07,7T18,,,,,,,,,,,,,
2020-12-17T06:48:00-CME-001,M2M_CATALOG,2020-12-17T06:48Z,,,2020-12-17,7T06,,,,,,,,,,,,,
2020-12-27T00:48:00-CME-001,M2M_CATALOG,2020-12-27T00:48Z,,,2020-12-27,7T00,,,,,,,,,,,,,
2020-12-30T02:24:00-CME-001,M2M_CATALOG,2020-12-30T02:24Z,S20E08,12795.0,2020-12-30,0T02,,,,,,,,,,,,,
2020-10-10T04:24:00-CME-001,M2M_CATALOG,2020-10-10T04:24Z,,,2020-10-10,0T04,,,,,,,,,,,,,
2020-10-13T21:12:00-CME-001,M2M_CATALOG,2020-10-13T21:12Z,S23W37,12775.0,2020-10-13,3T21,,,,,,,,,,,,,
2020-10-14T03:24:00-CME-001,M2M_CATALOG,2020-10-14T03:24Z,,,2020-10-14,4T03,,,,,,,,,,,,,
2020-10-15T11:24:00-CME-001,M2M_CATALOG,2020-10-15T11:24Z,,,2020-10-15,5T11,,,,,,,,,,,,,
2020-10-15T16:36:00-CME-001,M2M_CATALOG,2020-10-15T16:36Z,,,2020-10-15,5T16,,,,,,,,,,,,,
2020-10-16T13:36:00-CME-001,M2M_CATALOG,2020-10-16T13:36Z,,12774.0,2020-10-16,6T13,,,,,,,,,,,,,
2020-10-16T16:03:00-CME-001,M2M_CATALOG,2020-10-16T16:03Z,S23W66,12775.0,2020-10-16,6T16,,,,,,,,,,,,,
2020-10-18T09:24:00-CME-001,M2M_CATALOG,2020-10-18T09:24Z,,,2020-10-18,8T09,,,,,,,,,,,,,
2020-10-22T13:09:00-CME-001,M2M_CATALOG,2020-10-22T13:09Z,,,2020-10-22,2T13,,,,,,,,,,,,,
2020-11-02T05:24:00-CME-001,M2M_CATALOG,2020-11-02T05:24Z,,,2020-11-02,2T05,,,,,,,,,,,,,
2020-11-07T13:24:00-CME-001,M2M_CATALOG,2020-11-07T13:24Z,N19W01,12780.0,2020-11-07,7T13,,,,,,,,,,,,,
2020-11-08T20:12:00-CME-001,M2M_CATALOG,2020-11-08T20:12Z,,,2020-11-08,8T20,,,,,,,,,,,,,
2020-11-11T19:36:00-CME-001,M2M_CATALOG,2020-11-11T19:36Z,S22E60,12782.0,2020-11-11,1T19,,,,,,,,,,,,,
2020-11-21T19:36:00-CME-001,M2M_CATALOG,2020-11-21T19:36Z,,,2020-11-21,1T19,,,,,,,,,,,,,
2020-12-11T19:09:00-CME-001,M2M_CATALOG,2020-12-11T19:09Z,,12791.0,2020-12-11,1T19,,,,,,,,,,,,,
2020-11-12T02:24:00-CME-001,M2M_CATALOG,2020-11-12T02:24Z,,,2020-11-12,2T02,,,,,,,,,,,,,
2020-11-13T12:24:00-CME-001,M2M_CATALOG,2020-11-13T12:24Z,,,2020-11-13,3T12,,,,,,,,,,,,,
2020-11-17T08:36:00-CME-001,M2M_CATALOG,2020-11-17T08:36Z,,,2020-11-17,7T08,,,,,,,,,,,,,
2020-11-17T19:00:00-CME-001,M2M_CATALOG,2020-11-17T19:00Z,,,2020-11-17,7T19,,,,,,,,,,,,,
2020-11-18T21:48:00-CME-001,M2M_CATALOG,2020-11-18T21:48Z,S20E138,,2020-11-18,8T21,,,,,,,,,,,,,
2020-11-19T02:54:00-CME-001,M2M_CATALOG,2020-11-19T02:54Z,,,2020-11-19,9T02,,,,,,,,,,,,,
2020-11-27T05:48:00-CME-001,M2M_CATALOG,2020-11-27T05:48Z,,,2020-11-27,7T05,,,,,,,,,,,,,
2020-11-29T13:24:00-CME-001,M2M_CATALOG,2020-11-29T13:24Z,S23E97,,2020-11-29,9T13,4215.0,a14e36f9-48e9-4ef9-b0db-4c52f485489d,Samuel Adams,Trois Pistoles,German Wheat And Rye Beer,Warrior,1098 - British Ale,Munich,80 IBU,9.3%,17.3°Blg,Estados Unidos,1984.0
2020-11-30T07:09:00-CME-001,M2M_CATALOG,2020-11-30T07:09Z,,,2020-11-30,0T07,,,,,,,,,,,,,
2020-12-01T05:48:00-CME-001,M2M_CATALOG,2020-12-01T05:48Z,S25E80,12790.0,2020-12-01,1T05,,,,,,,,,,,,,
2020-12-01T07:12:00-CME-001,M2M_CATALOG,2020-12-01T07:12Z,N35E30,12787.0,2020-12-01,1T07,,,,,,,,,,,,,
2020-12-03T11:12:00-CME-001,M2M_CATALOG,2020-12-03T11:12Z,S30E137,,2020-12-03,3T11,,,,,,,,,,,,,
2020-12-04T02:48:00-CME-001,M2M_CATALOG,2020-12-04T02:48Z,,,2020-12-04,4T02,,,,,,,,,,,,,
2020-12-06T22:00:00-CME-001,M2M_CATALOG,2020-12-06T22:00Z,,,2020-12-06,6T22,,,,,,,,,,,,,
2020-12-07T16:24:00-CME-001,M2M_CATALOG,2020-12-07T16:24Z,S23W11,12790.0,2020-12-07,7T16,,,,,,,,,,,,,
2020-12-07T18:36:00-CME-001,M2M_CATALOG,2020-12-07T18:36Z,S40W30,,2020-12-07,7T18,,,,,,,,,,,,,
2020-12-17T06:48:00-CME-001,M2M_CATALOG,2020-12-17T06:48Z,,,2020-12-17,7T06,,,,,,,,,,,,,
2020-12-27T00:48:00-CME-001,M2M_CATALOG,2020-12-27T00:48Z,,,2020-12-27,7T00,,,,,,,,,,,,,
2020-12-30T02:24:00-CME-001,M2M_CATALOG,2020-12-30T02:24Z,S20E08,12795.0,2020-12-30,0T02,,,,,,,,,,,,,
2020-10-23T04:39:00-CME-001,M2M_CATALOG,2020-10-23T04:39Z,,,2020-10-23,3T04,,,,,,,,,,,,,
2020-10-23T22:35:00-CME-001,M2M_CATALOG,2020-10-23T22:35Z,,,2020-10-23,3T22,,,,,,,,,,,,,
2020-10-10T04:24:00-CME-001,M2M_CATALOG,2020-10-10T04:24Z,,,2020-10-10,0T04,,,,,,,,,,,,,
2020-10-13T21:12:00-CME-001,M2M_CATALOG,2020-10-13T21:12Z,S23W37,12775.0,2020-10-13,3T21,,,,,,,,,,,,,
2020-10-14T03:24:00-CME-001,M2M_CATALOG,2020-10-14T03:24Z,,,2020-10-14,4T03,,,,,,,,,,,,,
2020-10-15T11:24:00-CME-001,M2M_CATALOG,2020-10-15T11:24Z,,,2020-10-15,5T11,,,,,,,,,,,,,
2020-10-15T16:36:00-CME-001,M2M_CATALOG,2020-10-15T16:36Z,,,2020-10-15,5T16,,,,,,,,,,,,,
2020-10-16T13:36:00-CME-001,M2M_CATALOG,2020-10-16T13:36Z,,12774.0,2020-10-16,6T13,,,,,,,,,,,,,
2020-10-16T16:03:00-CME-001,M2M_CATALOG,2020-10-16T16:03Z,S23W66,12775.0,2020-10-16,6T16,,,,,,,,,,,,,
2020-10-18T09:24:00-CME-001,M2M_CATALOG,2020-10-18T09:24Z,,,2020-10-18,8T09,,,,,,,,,,,,,
2020-10-22T13:09:00-CME-001,M2M_CATALOG,2020-10-22T13:09Z,,,2020-10-22,2T13,,,,,,,,,,,,,
2020-10-23T04:39:00-CME-001,M2M_CATALOG,2020-10-23T04:39Z,,,2020-10-23,3T04,,,,,,,,,,,,,
2020-10-23T22:35:00-CME-001,M2M_CATALOG,2020-10-23T22:35Z,,,2020-10-23,3T22,,,,,,,,,,,,,
2020-10-26T09:12:00-CME-001,M2M_CATALOG,2020-10-26T09:12Z,,,2020-10-26,6T09,,,,,,,,,,,,,
2020-10-26T18:09:00-CME-001,M2M_CATALOG,2020-10-26T18:09Z,,,2020-10-26,6T18,,,,,,,,,,,,,
2020-10-27T03:39:00-CME-001,M2M_CATALOG,2020-10-27T03:39Z,,,2020-10-27,7T03,,,,,,,,,,,,,
2020-10-28T13:42:00-CME-001,M2M_CATALOG,2020-10-28T13:42Z,,,2020-10-28,8T13,,,,,,,,,,,,,
2020-11-18T13:24:00-CME-001,M2M_CATALOG,2020-11-18T13:24Z,,,2020-11-18,8T13,,,,,,,,,,,,,
2020-11-18T13:36:00-CME-001,M2M_CATALOG,2020-11-18T13:36Z,,,2020-11-18,8T13,,,,,,,,,,,,,
2020-10-29T01:54:00-CME-001,M2M_CATALOG,2020-10-29T01:54Z,S19W28,12779.0,2020-10-29,9T01,,,,,,,,,,,,,
2020-10-31T00:12:00-CME-001,M2M_CATALOG,2020-10-31T00:12Z,,,2020-10-31,1T00,,,,,,,,,,,,,
2020-12-11T00:36:00-CME-001,M2M_CATALOG,2020-12-11T00:36Z,,,2020-12-11,1T00,,,,,,,,,,,,,
2020-11-01T20:00:00-CME-001,M2M_CATALOG,2020-11-01T20:00Z,,,2020-11-01,1T20,,,,,,,,,,,,,
2020-11-02T05:24:00-CME-001,M2M_CATALOG,2020-11-02T05:24Z,,,2020-11-02,2T05,,,,,,,,,,,,,
2020-11-07T13:24:00-CME-001,M2M_CATALOG,2020-11-07T13:24Z,N19W01,12780.0,2020-11-07,7T13,,,,,,,,,,,,,
2020-11-08T20:12:00-CME-001,M2M_CATALOG,2020-11-08T20:12Z,,,2020-11-08,8T20,,,,,,,,,,,,,
2020-11-11T19:36:00-CME-001,M2M_CATALOG,2020-11-11T19:36Z,S22E60,12782.0,2020-11-11,1T19,,,,,,,,,,,,,
2020-11-21T19:36:00-CME-001,M2M_CATALOG,2020-11-21T19:36Z,,,2020-11-21,1T19,,,,,,,,,,,,,
2020-12-11T19:09:00-CME-001,M2M_CATALOG,2020-12-11T19:09Z,,12791.0,2020-12-11,1T19,,,,,,,,,,,,,
2020-11-12T02:24:00-CME-001,M2M_CATALOG,2020-11-12T02:24Z,,,2020-11-12,2T02,,,,,,,,,,,,,
2020-11-13T12:24:00-CME-001,M2M_CATALOG,2020-11-13T12:24Z,,,2020-11-13,3T12,,,,,,,,,,,,,
2020-11-17T08:36:00-CME-001,M2M_CATALOG,2020-11-17T08:36Z,,,2020-11-17,7T08,,,,,,,,,,,,,
2020-11-17T19:00:00-CME-001,M2M_CATALOG,2020-11-17T19:00Z,,,2020-11-17,7T19,,,,,,,,,,,,,
2020-10-28T13:42:00-CME-001,M2M_CATALOG,2020-10-28T13:42Z,,,2020-10-28,8T13,,,,,,,,,,,,,
2020-11-18T13:24:00-CME-001,M2M_CATALOG,2020-11-18T13:24Z,,,2020-11-18,8T13,,,,,,,,,,,,,
2020-11-18T13:36:00-CME-001,M2M_CATALOG,2020-11-18T13:36Z,,,2020-11-18,8T13,,,,,,,,,,,,,
2020-10-28T13:42:00-CME-001,M2M_CATALOG,2020-10-28T13:42Z,,,2020-10-28,8T13,,,,,,,,,,,,,
2020-11-18T13:24:00-CME-001,M2M_CATALOG,2020-11-18T13:24Z,,,2020-11-18,8T13,,,,,,,,,,,,,
2020-11-18T13:36:00-CME-001,M2M_CATALOG,2020-11-18T13:36Z,,,2020-11-18,8T13,,,,,,,,,,,,,
2020-11-18T21:48:00-CME-001,M2M_CATALOG,2020-11-18T21:48Z,S20E138,,2020-11-18,8T21,,,,,,,,,,,,,
2020-11-19T02:54:00-CME-001,M2M_CATALOG,2020-11-19T02:54Z,,,2020-11-19,9T02,,,,,,,,,,,,,
2020-11-19T03:12:00-CME-001,M2M_CATALOG,2020-11-19T03:12Z,N30E40,,2020-11-19,9T03,,,,,,,,,,,,,
2020-11-19T06:48:00-CME-001,M2M_CATALOG,2020-11-19T06:48Z,S23E49,,2020-11-19,9T06,,,,,,,,,,,,,
2020-11-19T15:12:00-CME-001,M2M_CATALOG,2020-11-19T15:12Z,,,2020-11-19,9T15,,,,,,,,,,,,,
2020-11-29T15:05:00-CME-001,M2M_CATALOG,2020-11-29T15:05Z,,12783.0,2020-11-29,9T15,,,,,,,,,,,,,
2020-11-20T19:51:00-CME-001,M2M_CATALOG,2020-11-20T19:51Z,,12783.0,2020-11-20,0T19,,,,,,,,,,,,,
2020-11-20T21:12:00-CME-001,M2M_CATALOG,2020-11-20T21:12Z,,,2020-11-20,0T21,,,,,,,,,,,,,
2020-11-11T19:36:00-CME-001,M2M_CATALOG,2020-11-11T19:36Z,S22E60,12782.0,2020-11-11,1T19,,,,,,,,,,,,,
2020-11-21T19:36:00-CME-001,M2M_CATALOG,2020-11-21T19:36Z,,,2020-11-21,1T19,,,,,,,,,,,,,
2020-12-11T19:09:00-CME-001,M2M_CATALOG,2020-12-11T19:09Z,,12791.0,2020-12-11,1T19,,,,,,,,,,,,,
2020-11-21T23:12:00-CME-001,M2M_CATALOG,2020-11-21T23:12Z,,,2020-11-21,1T23,,,,,,,,,,,,,
2020-11-22T01:36:00-CME-001,M2M_CATALOG,2020-11-22T01:36Z,,,2020-11-22,2T01,,,,,,,,,,,,,
2020-11-23T18:48:00-CME-001,M2M_CATALOG,2020-11-23T18:48Z,,,2020-11-23,3T18,,,,,,,,,,,,,
2020-11-24T04:36:00-CME-001,M2M_CATALOG,2020-11-24T04:36Z,S20E65,12785.0,2020-11-24,4T04,,,,,,,,,,,,,
2020-11-24T11:24:00-CME-001,M2M_CATALOG,2020-11-24T11:24Z,,,2020-11-24,4T11,,,,,,,,,,,,,
2020-12-04T11:09:00-CME-001,M2M_CATALOG,2020-12-04T11:09Z,,,2020-12-04,4T11,,,,,,,,,,,,,
2020-11-24T13:24:00-CME-001,M2M_CATALOG,2020-11-24T13:24Z,,,2020-11-24,4T13,,,,,,,,,,,,,
2020-11-26T08:24:00-CME-001,M2M_CATALOG,2020-11-26T08:24Z,,,2020-11-26,6T08,,,,,,,,,,,,,
2020-11-26T21:24:00-CME-001,M2M_CATALOG,2020-11-26T21:24Z,N32E90,12787.0,2020-11-26,6T21,,,,,,,,,,,,,
2020-11-27T05:48:00-CME-001,M2M_CATALOG,2020-11-27T05:48Z,,,2020-11-27,7T05,,,,,,,,,,,,,
2020-11-29T13:24:00-CME-001,M2M_CATALOG,2020-11-29T13:24Z,S23E97,,2020-11-29,9T13,,,,,,,,,,,,,
2020-11-19T15:12:00-CME-001,M2M_CATALOG,2020-11-19T15:12Z,,,2020-11-19,9T15,,,,,,,,,,,,,
2020-11-29T15:05:00-CME-001,M2M_CATALOG,2020-11-29T15:05Z,,12783.0,2020-11-29,9T15,,,,,,,,,,,,,
2020-11-30T07:09:00-CME-001,M2M_CATALOG,2020-11-30T07:09Z,,,2020-11-30,0T07,4276.0,33f0e0bd-2e3c-4898-9a14-bd11c8bdc846,Rolling Rock,Nugget Nectar,Belgian Strong Ale,Crystal,2035 - American Lager,Munich,91 IBU,5.8%,10.6°Blg,Estados Unidos,1939.0
2020-12-01T05:48:00-CME-001,M2M_CATALOG,2020-12-01T05:48Z,S25E80,12790.0,2020-12-01,1T05,,,,,,,,,,,,,
2020-12-01T07:12:00-CME-001,M2M_CATALOG,2020-12-01T07:12Z,N35E30,12787.0,2020-12-01,1T07,,,,,,,,,,,,,
2020-12-03T11:12:00-CME-001,M2M_CATALOG,2020-12-03T11:12Z,S30E137,,2020-12-03,3T11,,,,,,,,,,,,,
2020-12-04T02:48:00-CME-001,M2M_CATALOG,2020-12-04T02:48Z,,,2020-12-04,4T02,,,,,,,,,,,,,
2020-11-24T11:24:00-CME-001,M2M_CATALOG,2020-11-24T11:24Z,,,2020-11-24,4T11,,,,,,,,,,,,,
2020-12-04T11:09:00-CME-001,M2M_CATALOG,2020-12-04T11:09Z,,,2020-12-04,4T11,,,,,,,,,,,,,
2020-12-06T22:00:00-CME-001,M2M_CATALOG,2020-12-06T22:00Z,,,2020-12-06,6T22,,,,,,,,,,,,,
2020-12-07T16:24:00-CME-001,M2M_CATALOG,2020-12-07T16:24Z,S23W11,12790.0,2020-12-07,7T16,,,,,,,,,,,,,
2020-12-07T18:36:00-CME-001,M2M_CATALOG,2020-12-07T18:36Z,S40W30,,2020-12-07,7T18,,,,,,,,,,,,,
2020-10-31T00:12:00-CME-001,M2M_CATALOG,2020-10-31T00:12Z,,,2020-10-31,1T00,,,,,,,,,,,,,
2020-12-11T00:36:00-CME-001,M2M_CATALOG,2020-12-11T00:36Z,,,2020-12-11,1T00,,,,,,,,,,,,,
2020-11-11T19:36:00-CME-001,M2M_CATALOG,2020-11-11T19:36Z,S22E60,12782.0,2020-11-11,1T19,,,,,,,,,,,,,
2020-11-21T19:36:00-CME-001,M2M_CATALOG,2020-11-21T19:36Z,,,2020-11-21,1T19,,,,,,,,,,,,,
2020-12-11T19:09:00-CME-001,M2M_CATALOG,2020-12-11T19:09Z,,12791.0,2020-12-11,1T19,,,,,,,,,,,,,
2020-12-12T04:12:00-CME-001,M2M_CATALOG,2020-12-12T04:12Z,,,2020-12-12,2T04,,,,,,,,,,,,,
2020-12-13T09:24:00-CME-001,M2M_CATALOG,2020-12-13T09:24Z,,,2020-12-13,3T09,,,,,,,,,,,,,
2020-12-14T15:12:00-CME-001,M2M_CATALOG,2020-12-14T15:12Z,S22E44,12792.0,2020-12-14,4T15,,,,,,,,,,,,,
2020-12-14T21:12:00-CME-001,M2M_CATALOG,2020-12-14T21:12Z,N40E110,,2020-12-14,4T21,,,,,,,,,,,,,
2020-12-17T06:48:00-CME-001,M2M_CATALOG,2020-12-17T06:48Z,,,2020-12-17,7T06,,,,,,,,,,,,,
2020-12-27T00:48:00-CME-001,M2M_CATALOG,2020-12-27T00:48Z,,,2020-12-27,7T00,,,,,,,,,,,,,
2020-12-30T02:24:00-CME-001,M2M_CATALOG,2020-12-30T02:24Z,S20E08,12795.0,2020-12-30,0T02,,,,,,,,,,,,,
2020-10-10T04:24:00-CME-001,M2M_CATALOG,2020-10-10T04:24Z,,,2020-10-10,0T04,,,,,,,,,,,,,
2020-10-13T21:12:00-CME-001,M2M_CATALOG,2020-10-13T21:12Z,S23W37,12775.0,2020-10-13,3T21,,,,,,,,,,,,,
2020-10-14T03:24:00-CME-001,M2M_CATALOG,2020-10-14T03:24Z,,,2020-10-14,4T03,,,,,,,,,,,,,
2020-10-15T11:24:00-CME-001,M2M_CATALOG,2020-10-15T11:24Z,,,2020-10-15,5T11,,,,,,,,,,,,,
2020-10-15T16:36:00-CME-001,M2M_CATALOG,2020-10-15T16:36Z,,,2020-10-15,5T16,,,,,,,,,,,,,
2020-10-16T13:36:00-CME-001,M2M_CATALOG,2020-10-16T13:36Z,,12774.0,2020-10-16,6T13,,,,,,,,,,,,,
2020-10-16T16:03:00-CME-001,M2M_CATALOG,2020-10-16T16:03Z,S23W66,12775.0,2020-10-16,6T16,,,,,,,,,,,,,
2020-10-18T09:24:00-CME-001,M2M_CATALOG,2020-10-18T09:24Z,,,2020-10-18,8T09,,,,,,,,,,,,,
2020-10-22T13:09:00-CME-001,M2M_CATALOG,2020-10-22T13:09Z,,,2020-10-22,2T13,,,,,,,,,,,,,
2020-10-23T04:39:00-CME-001,M2M_CATALOG,2020-10-23T04:39Z,,,2020-10-23,3T04,,,,,,,,,,,,,
2020-10-23T22:35:00-CME-001,M2M_CATALOG,2020-10-23T22:35Z,,,2020-10-23,3T22,,,,,,,,,,,,,
2020-10-26T09:12:00-CME-001,M2M_CATALOG,2020-10-26T09:12Z,,,2020-10-26,6T09,,,,,,,,,,,,,
2020-10-26T18:09:00-CME-001,M2M_CATALOG,2020-10-26T18:09Z,,,2020-10-26,6T18,,,,,,,,,,,,,
2020-10-27T03:39:00-CME-001,M2M_CATALOG,2020-10-27T03:39Z,,,2020-10-27,7T03,,,,,,,,,,,,,
2020-10-28T13:42:00-CME-001,M2M_CATALOG,2020-10-28T13:42Z,,,2020-10-28,8T13,,,,,,,,,,,,,
2020-11-18T13:24:00-CME-001,M2M_CATALOG,2020-11-18T13:24Z,,,2020-11-18,8T13,,,,,,,,,,,,,
2020-11-18T13:36:00-CME-001,M2M_CATALOG,2020-11-18T13:36Z,,,2020-11-18,8T13,,,,,,,,,,,,,
2020-10-29T01:54:00-CME-001,M2M_CATALOG,2020-10-29T01:54Z,S19W28,12779.0,2020-10-29,9T01,,,,,,,,,,,,,
2020-10-31T00:12:00-CME-001,M2M_CATALOG,2020-10-31T00:12Z,,,2020-10-31,1T00,,,,,,,,,,,,,
2020-12-11T00:36:00-CME-001,M2M_CATALOG,2020-12-11T00:36Z,,,2020-12-11,1T00,,,,,,,,,,,,,
2020-11-01T20:00:00-CME-001,M2M_CATALOG,2020-11-01T20:00Z,,,2020-11-01,1T20,,,,,,,,,,,,,
2020-11-02T05:24:00-CME-001,M2M_CATALOG,2020-11-02T05:24Z,,,2020-11-02,2T05,,,,,,,,,,,,,
2020-11-07T13:24:00-CME-001,M2M_CATALOG,2020-11-07T13:24Z,N19W01,12780.0,2020-11-07,7T13,,,,,,,,,,,,,
2020-11-08T20:12:00-CME-001,M2M_CATALOG,2020-11-08T20:12Z,,,2020-11-08,8T20,,,,,,,,,,,,,
2020-11-11T19:36:00-CME-001,M2M_CATALOG,2020-11-11T19:36Z,S22E60,12782.0,2020-11-11,1T19,,,,,,,,,,,,,
2020-11-21T19:36:00-CME-001,M2M_CATALOG,2020-11-21T19:36Z,,,2020-11-21,1T19,,,,,,,,,,,,,
2020-12-11T19:09:00-CME-001,M2M_CATALOG,2020-12-11T19:09Z,,12791.0,2020-12-11,1T19,,,,,,,,,,,,,
2020-11-12T02:24:00-CME-001,M2M_CATALOG,2020-11-12T02:24Z,,,2020-11-12,2T02,,,,,,,,,,,,,
2020-11-13T12:24:00-CME-001,M2M_CATALOG,2020-11-13T12:24Z,,,2020-11-13,3T12,,,,,,,,,,,,,
2020-11-17T08:36:00-CME-001,M2M_CATALOG,2020-11-17T08:36Z,,,2020-11-17,7T08,,,,,,,,,,,,,
2020-11-17T19:00:00-CME-001,M2M_CATALOG,2020-11-17T19:00Z,,,2020-11-17,7T19,,,,,,,,,,,,,
2020-10-28T13:42:00-CME-001,M2M_CATALOG,2020-10-28T13:42Z,,,2020-10-28,8T13,,,,,,,,,,,,,
2020-11-18T13:24:00-CME-001,M2M_CATALOG,2020-11-18T13:24Z,,,2020-11-18,8T13,,,,,,,,,,,,,
2020-11-18T13:36:00-CME-001,M2M_CATALOG,2020-11-18T13:36Z,,,2020-11-18,8T13,,,,,,,,,,,,,
2020-10-28T13:42:00-CME-001,M2M_CATALOG,2020-10-28T13:42Z,,,2020-10-28,8T13,,,,,,,,,,,,,
2020-11-18T13:24:00-CME-001,M2M_CATALOG,2020-11-18T13:24Z,,,2020-11-18,8T13,,,,,,,,,,,,,
2020-11-18T13:36:00-CME-001,M2M_CATALOG,2020-11-18T13:36Z,,,2020-11-18,8T13,,,,,,,,,,,,,
2020-11-18T21:48:00-CME-001,M2M_CATALOG,2020-11-18T21:48Z,S20E138,,2020-11-18,8T21,,,,,,,,,,,,,
2020-11-19T02:54:00-CME-001,M2M_CATALOG,2020-11-19T02:54Z,,,2020-11-19,9T02,,,,,,,,,,,,,
2020-11-19T03:12:00-CME-001,M2M_CATALOG,2020-11-19T03:12Z,N30E40,,2020-11-19,9T03,,,,,,,,,,,,,
2020-11-19T06:48:00-CME-001,M2M_CATALOG,2020-11-19T06:48Z,S23E49,,2020-11-19,9T06,,,,,,,,,,,,,
2020-11-19T15:12:00-CME-001,M2M_CATALOG,2020-11-19T15:12Z,,,2020-11-19,9T15,,,,,,,,,,,,,
2020-11-29T15:05:00-CME-001,M2M_CATALOG,2020-11-29T15:05Z,,12783.0,2020-11-29,9T15,,,,,,,,,,,,,
2020-11-20T19:51:00-CME-001,M2M_CATALOG,2020-11-20T19:51Z,,12783.0,2020-11-20,0T19,,,,,,,,,,,,,
2020-10-10T04:24:00-CME-001,M2M_CATALOG,2020-10-10T04:24Z,,,2020-10-10,0T04,,,,,,,,,,,,,
2020-10-13T21:12:00-CME-001,M2M_CATALOG,2020-10-13T21:12Z,S23W37,12775.0,2020-10-13,3T21,,,,,,,,,,,,,
2020-10-14T03:24:00-CME-001,M2M_CATALOG,2020-10-14T03:24Z,,,2020-10-14,4T03,,,,,,,,,,,,,
2020-10-15T11:24:00-CME-001,M2M_CATALOG,2020-10-15T11:24Z,,,2020-10-15,5T11,,,,,,,,,,,,,
2020-10-15T16:36:00-CME-001,M2M_CATALOG,2020-10-15T16:36Z,,,2020-10-15,5T16,,,,,,,,,,,,,
2020-10-16T13:36:00-CME-001,M2M_CATALOG,2020-10-16T13:36Z,,12774.0,2020-10-16,6T13,,,,,,,,,,,,,
2020-10-16T16:03:00-CME-001,M2M_CATALOG,2020-10-16T16:03Z,S23W66,12775.0,2020-10-16,6T16,,,,,,,,,,,,,
2020-10-18T09:24:00-CME-001,M2M_CATALOG,2020-10-18T09:24Z,,,2020-10-18,8T09,,,,,,,,,,,,,
2020-10-22T13:09:00-CME-001,M2M_CATALOG,2020-10-22T13:09Z,,,2020-10-22,2T13,,,,,,,,,,,,,
2020-10-23T04:39:00-CME-001,M2M_CATALOG,2020-10-23T04:39Z,,,2020-10-23,3T04,,,,,,,,,,,,,
2020-10-23T22:35:00-CME-001,M2M_CATALOG,2020-10-23T22:35Z,,,2020-10-23,3T22,,,,,,,,,,,,,
2020-10-26T09:12:00-CME-001,M2M_CATALOG,2020-10-26T09:12Z,,,2020-10-26,6T09,,,,,,,,,,,,,
2020-10-26T18:09:00-CME-001,M2M_CATALOG,2020-10-26T18:09Z,,,2020-10-26,6T18,,,,,,,,,,,,,
2020-10-27T03:39:00-CME-001,M2M_CATALOG,2020-10-27T03:39Z,,,2020-10-27,7T03,,,,,,,,,,,,,
2020-10-28T13:42:00-CME-001,M2M_CATALOG,2020-10-28T13:42Z,,,2020-10-28,8T13,,,,,,,,,,,,,
2020-11-18T13:24:00-CME-001,M2M_CATALOG,2020-11-18T13:24Z,,,2020-11-18,8T13,,,,,,,,,,,,,
2020-11-18T13:36:00-CME-001,M2M_CATALOG,2020-11-18T13:36Z,,,2020-11-18,8T13,,,,,,,,,,,,,
2020-10-29T01:54:00-CME-001,M2M_CATALOG,2020-10-29T01:54Z,S19W28,12779.0,2020-10-29,9T01,,,,,,,,,,,,,
2020-10-31T00:12:00-CME-001,M2M_CATALOG,2020-10-31T00:12Z,,,2020-10-31,1T00,,,,,,,,,,,,,
2020-12-11T00:36:00-CME-001,M2M_CATALOG,2020-12-11T00:36Z,,,2020-12-11,1T00,,,,,,,,,,,,,
2020-11-01T20:00:00-CME-001,M2M_CATALOG,2020-11-01T20:00Z,,,2020-11-01,1T20,,,,,,,,,,,,,
2020-11-02T05:24:00-CME-001,M2M_CATALOG,2020-11-02T05:24Z,,,2020-11-02,2T05,,,,,,,,,,,,,
2020-11-07T13:24:00-CME-001,M2M_CATALOG,2020-11-07T13:24Z,N19W01,12780.0,2020-11-07,7T13,,,,,,,,,,,,,
2020-11-08T20:12:00-CME-001,M2M_CATALOG,2020-11-08T20:12Z,,,2020-11-08,8T20,,,,,,,,,,,,,
2020-11-11T19:36:00-CME-001,M2M_CATALOG,2020-11-11T19:36Z,S22E60,12782.0,2020-11-11,1T19,,,,,,,,,,,,,
2020-11-21T19:36:00-CME-001,M2M_CATALOG,2020-11-21T19:36Z,,,2020-11-21,1T19,,,,,,,,,,,,,
2020-12-11T19:09:00-CME-001,M2M_CATALOG,2020-12-11T19:09Z,,12791.0,2020-12-11,1T19,,,,,,,,,,,,,
2020-11-12T02:24:00-CME-001,M2M_CATALOG,2020-11-12T02:24Z,,,2020-11-12,2T02,,,,,,,,,,,,,
2020-11-13T12:24:00-CME-001,M2M_CATALOG,2020-11-13T12:24Z,,,2020-11-13,3T12,,,,,,,,,,,,,
2020-11-17T08:36:00-CME-001,M2M_CATALOG,2020-11-17T08:36Z,,,2020-11-17,7T08,,,,,,,,,,,,,
2020-11-17T19:00:00-CME-001,M2M_CATALOG,2020-11-17T19:00Z,,,2020-11-17,7T19,,,,,,,,,,,,,
2020-10-28T13:42:00-CME-001,M2M_CATALOG,2020-10-28T13:42Z,,,2020-10-28,8T13,,,,,,,,,,,,,
2020-11-18T13:24:00-CME-001,M2M_CATALOG,2020-11-18T13:24Z,,,2020-11-18,8T13,,,,,,,,,,,,,
2020-11-18T13:36:00-CME-001,M2M_CATALOG,2020-11-18T13:36Z,,,2020-11-18,8T13,,,,,,,,,,,,,
2020-10-28T13:42:00-CME-001,M2M_CATALOG,2020-10-28T13:42Z,,,2020-10-28,8T13,,,,,,,,,,,,,
2020-11-18T13:24:00-CME-001,M2M_CATALOG,2020-11-18T13:24Z,,,2020-11-18,8T13,,,,,,,,,,,,,
2020-11-18T13:36:00-CME-001,M2M_CATALOG,2020-11-18T13:36Z,,,2020-11-18,8T13,,,,,,,,,,,,,
2020-11-18T21:48:00-CME-001,M2M_CATALOG,2020-11-18T21:48Z,S20E138,,2020-11-18,8T21,,,,,,,,,,,,,
2020-11-19T02:54:00-CME-001,M2M_CATALOG,2020-11-19T02:54Z,,,2020-11-19,9T02,,,,,,,,,,,,,
2020-11-19T03:12:00-CME-001,M2M_CATALOG,2020-11-19T03:12Z,N30E40,,2020-11-19,9T03,,,,,,,,,,,,,
2020-11-19T06:48:00-CME-001,M2M_CATALOG,2020-11-19T06:48Z,S23E49,,2020-11-19,9T06,,,,,,,,,,,,,
2020-11-19T15:12:00-CME-001,M2M_CATALOG,2020-11-19T15:12Z,,,2020-11-19,9T15,,,,,,,,,,,,,
2020-11-29T15:05:00-CME-001,M2M_CATALOG,2020-11-29T15:05Z,,12783.0,2020-11-29,9T15,,,,,,,,,,,,,
2020-11-20T19:51:00-CME-001,M2M_CATALOG,2020-11-20T19:51Z,,12783.0,2020-11-20,0T19,,,,,,,,,,,,,
2020-11-20T21:12:00-CME-001,M2M_CATALOG,2020-11-20T21:12Z,,,2020-11-20,0T21,,,,,,,,,,,,,
2020-11-11T19:36:00-CME-001,M2M_CATALOG,2020-11-11T19:36Z,S22E60,12782.0,2020-11-11,1T19,,,,,,,,,,,,,
2020-11-21T19:36:00-CME-001,M2M_CATALOG,2020-11-21T19:36Z,,,2020-11-21,1T19,,,,,,,,,,,,,
2020-12-11T19:09:00-CME-001,M2M_CATALOG,2020-12-11T19:09Z,,12791.0,2020-12-11,1T19,,,,,,,,,,,,,
2020-11-21T23:12:00-CME-001,M2M_CATALOG,2020-11-21T23:12Z,,,2020-11-21,1T23,,,,,,,,,,,,,
2020-11-22T01:36:00-CME-001,M2M_CATALOG,2020-11-22T01:36Z,,,2020-11-22,2T01,,,,,,,,,,,,,
2020-11-23T18:48:00-CME-001,M2M_CATALOG,2020-11-23T18:48Z,,,2020-11-23,3T18,,,,,,,,,,,,,
2020-11-24T04:36:00-CME-001,M2M_CATALOG,2020-11-24T04:36Z,S20E65,12785.0,2020-11-24,4T04,,,,,,,,,,,,,
2020-11-24T11:24:00-CME-001,M2M_CATALOG,2020-11-24T11:24Z,,,2020-11-24,4T11,,,,,,,,,,,,,
2020-12-04T11:09:00-CME-001,M2M_CATALOG,2020-12-04T11:09Z,,,2020-12-04,4T11,,,,,,,,,,,,,
2020-11-24T13:24:00-CME-001,M2M_CATALOG,2020-11-24T13:24Z,,,2020-11-24,4T13,,,,,,,,,,,,,
2020-11-26T08:24:00-CME-001,M2M_CATALOG,2020-11-26T08:24Z,,,2020-11-26,6T08,,,,,,,,,,,,,
2020-11-26T21:24:00-CME-001,M2M_CATALOG,2020-11-26T21:24Z,N32E90,12787.0,2020-11-26,6T21,,,,,,,,,,,,,
2020-11-27T05:48:00-CME-001,M2M_CATALOG,2020-11-27T05:48Z,,,2020-11-27,7T05,,,,,,,,,,,,,
2020-11-29T13:24:00-CME-001,M2M_CATALOG,2020-11-29T13:24Z,S23E97,,2020-11-29,9T13,,,,,,,,,,,,,
2020-11-19T15:12:00-CME-001,M2M_CATALOG,2020-11-19T15:12Z,,,2020-11-19,9T15,,,,,,,,,,,,,
2020-11-29T15:05:00-CME-001,M2M_CATALOG,2020-11-29T15:05Z,,12783.0,2020-11-29,9T15,,,,,,,,,,,,,
2020-11-30T07:09:00-CME-001,M2M_CATALOG,2020-11-30T07:09Z,,,2020-11-30,0T07,,,,,,,,,,,,,
2020-12-01T05:48:00-CME-001,M2M_CATALOG,2020-12-01T05:48Z,S25E80,12790.0,2020-12-01,1T05,,,,,,,,,,,,,
2020-12-01T07:12:00-CME-001,M2M_CATALOG,2020-12-01T07:12Z,N35E30,12787.0,2020-12-01,1T07,,,,,,,,,,,,,
2020-12-03T11:12:00-CME-001,M2M_CATALOG,2020-12-03T11:12Z,S30E137,,2020-12-03,3T11,,,,,,,,,,,,,
2020-12-04T02:48:00-CME-001,M2M_CATALOG,2020-12-04T02:48Z,,,2020-12-04,4T02,,,,,,,,,,,,,
2020-11-24T11:24:00-CME-001,M2M_CATALOG,2020-11-24T11:24Z,,,2020-11-24,4T11,,,,,,,,,,,,,
2020-12-04T11:09:00-CME-001,M2M_CATALOG,2020-12-04T11:09Z,,,2020-12-04,4T11,,,,,,,,,,,,,
2020-12-06T22:00:00-CME-001,M2M_CATALOG,2020-12-06T22:00Z,,,2020-12-06,6T22,,,,,,,,,,,,,
2020-12-07T16:24:00-CME-001,M2M_CATALOG,2020-12-07T16:24Z,S23W11,12790.0,2020-12-07,7T16,,,,,,,,,,,,,
2020-12-07T18:36:00-CME-001,M2M_CATALOG,2020-12-07T18:36Z,S40W30,,2020-12-07,7T18,,,,,,,,,,,,,
2020-10-31T00:12:00-CME-001,M2M_CATALOG,2020-10-31T00:12Z,,,2020-10-31,1T00,,,,,,,,,,,,,
2020-12-11T00:36:00-CME-001,M2M_CATALOG,2020-12-11T00:36Z,,,2020-12-11,1T00,,,,,,,,,,,,,
2020-11-11T19:36:00-CME-001,M2M_CATALOG,2020-11-11T19:36Z,S22E60,12782.0,2020-11-11,1T19,,,,,,,,,,,,,
2020-11-21T19:36:00-CME-001,M2M_CATALOG,2020-11-21T19:36Z,,,2020-11-21,1T19,,,,,,,,,,,,,
2020-12-11T19:09:00-CME-001,M2M_CATALOG,2020-12-11T19:09Z,,12791.0,2020-12-11,1T19,,,,,,,,,,,,,
2020-12-12T04:12:00-CME-001,M2M_CATALOG,2020-12-12T04:12Z,,,2020-12-12,2T04,,,,,,,,,,,,,
2020-12-13T09:24:00-CME-001,M2M_CATALOG,2020-12-13T09:24Z,,,2020-12-13,3T09,,,,,,,,,,,,,
2020-12-14T15:12:00-CME-001,M2M_CATALOG,2020-12-14T15:12Z,S22E44,12792.0,2020-12-14,4T15,,,,,,,,,,,,,
2020-12-14T21:12:00-CME-001,M2M_CATALOG,2020-12-14T21:12Z,N40E110,,2020-12-14,4T21,,,,,,,,,,,,,
2020-12-17T06:48:00-CME-001,M2M_CATALOG,2020-12-17T06:48Z,,,2020-12-17,7T06,,,,,,,,,,,,,
2020-12-27T00:48:00-CME-001,M2M_CATALOG,2020-12-27T00:48Z,,,2020-12-27,7T00,,,,,,,,,,,,,
2020-12-30T02:24:00-CME-001,M2M_CATALOG,2020-12-30T02:24Z,S20E08,12795.0,2020-12-30,0T02,4392.0,8bd3509e-7f92-427f-a300-839403ed9a9b,Delirium,Pliny The Elder,Stout,Golding,1099 - Whitbread Ale,Roasted barley,80 IBU,6.1%,17.2°Blg,Belgica,1989.0
2020-10-10T04:24:00-CME-001,M2M_CATALOG,2020-10-10T04:24Z,,,2020-10-10,0T04,,,,,,,,,,,,,
2020-10-13T21:12:00-CME-001,M2M_CATALOG,2020-10-13T21:12Z,S23W37,12775.0,2020-10-13,3T21,,,,,,,,,,,,,
2020-10-14T03:24:00-CME-001,M2M_CATALOG,2020-10-14T03:24Z,,,2020-10-14,4T03,,,,,,,,,,,,,
2020-10-15T11:24:00-CME-001,M2M_CATALOG,2020-10-15T11:24Z,,,2020-10-15,5T11,,,,,,,,,,,,,
2020-10-15T16:36:00-CME-001,M2M_CATALOG,2020-10-15T16:36Z,,,2020-10-15,5T16,,,,,,,,,,,,,
2020-10-16T13:36:00-CME-001,M2M_CATALOG,2020-10-16T13:36Z,,12774.0,2020-10-16,6T13,,,,,,,,,,,,,
2020-10-16T16:03:00-CME-001,M2M_CATALOG,2020-10-16T16:03Z,S23W66,12775.0,2020-10-16,6T16,,,,,,,,,,,,,
2020-10-18T09:24:00-CME-001,M2M_CATALOG,2020-10-18T09:24Z,,,2020-10-18,8T09,,,,,,,,,,,,,
2020-10-22T13:09:00-CME-001,M2M_CATALOG,2020-10-22T13:09Z,,,2020-10-22,2T13,,,,,,,,,,,,,
2020-10-23T04:39:00-CME-001,M2M_CATALOG,2020-10-23T04:39Z,,,2020-10-23,3T04,,,,,,,,,,,,,
2020-10-23T22:35:00-CME-001,M2M_CATALOG,2020-10-23T22:35Z,,,2020-10-23,3T22,4403.0,6e6bfcde-06b4-44a5-921b-efe17a30bc16,Birra Moretti,Double Bastard Ale,European Amber Lager,Cascade,3522 - Belgian Ardennes,Caramel,51 IBU,5.5%,18.5°Blg,Italia,1859.0
2020-10-26T09:12:00-CME-001,M2M_CATALOG,2020-10-26T09:12Z,,,2020-10-26,6T09,,,,,,,,,,,,,
2020-10-26T18:09:00-CME-001,M2M_CATALOG,2020-10-26T18:09Z,,,2020-10-26,6T18,,,,,,,,,,,,,
2020-10-27T03:39:00-CME-001,M2M_CATALOG,2020-10-27T03:39Z,,,2020-10-27,7T03,,,,,,,,,,,,,
2020-10-28T13:42:00-CME-001,M2M_CATALOG,2020-10-28T13:42Z,,,2020-10-28,8T13,,,,,,,,,,,,,
2020-11-18T13:24:00-CME-001,M2M_CATALOG,2020-11-18T13:24Z,,,2020-11-18,8T13,,,,,,,,,,,,,
2020-11-18T13:36:00-CME-001,M2M_CATALOG,2020-11-18T13:36Z,,,2020-11-18,8T13,,,,,,,,,,,,,
2020-10-29T01:54:00-CME-001,M2M_CATALOG,2020-10-29T01:54Z,S19W28,12779.0,2020-10-29,9T01,,,,,,,,,,,,,
2020-10-31T00:12:00-CME-001,M2M_CATALOG,2020-10-31T00:12Z,,,2020-10-31,1T00,,,,,,,,,,,,,
2020-12-11T00:36:00-CME-001,M2M_CATALOG,2020-12-11T00:36Z,,,2020-12-11,1T00,,,,,,,,,,,,,
2020-11-01T20:00:00-CME-001,M2M_CATALOG,2020-11-01T20:00Z,,,2020-11-01,1T20,,,,,,,,,,,,,
2020-11-02T05:24:00-CME-001,M2M_CATALOG,2020-11-02T05:24Z,,,2020-11-02,2T05,,,,,,,,,,,,,
2020-11-07T13:24:00-CME-001,M2M_CATALOG,2020-11-07T13:24Z,N19W01,12780.0,2020-11-07,7T13,,,,,,,,,,,,,
2020-11-08T20:12:00-CME-001,M2M_CATALOG,2020-11-08T20:12Z,,,2020-11-08,8T20,,,,,,,,,,,,,
2020-11-11T19:36:00-CME-001,M2M_CATALOG,2020-11-11T19:36Z,S22E60,12782.0,2020-11-11,1T19,,,,,,,,,,,,,
2020-11-21T19:36:00-CME-001,M2M_CATALOG,2020-11-21T19:36Z,,,2020-11-21,1T19,,,,,,,,,,,,,
2020-12-11T19:09:00-CME-001,M2M_CATALOG,2020-12-11T19:09Z,,12791.0,2020-12-11,1T19,,,,,,,,,,,,,
2020-11-12T02:24:00-CME-001,M2M_CATALOG,2020-11-12T02:24Z,,,2020-11-12,2T02,,,,,,,,,,,,,
2020-11-13T12:24:00-CME-001,M2M_CATALOG,2020-11-13T12:24Z,,,2020-11-13,3T12,,,,,,,,,,,,,
2020-11-17T08:36:00-CME-001,M2M_CATALOG,2020-11-17T08:36Z,,,2020-11-17,7T08,,,,,,,,,,,,,
2020-11-17T19:00:00-CME-001,M2M_CATALOG,2020-11-17T19:00Z,,,2020-11-17,7T19,,,,,,,,,,,,,
2020-10-28T13:42:00-CME-001,M2M_CATALOG,2020-10-28T13:42Z,,,2020-10-28,8T13,,,,,,,,,,,,,
2020-11-18T13:24:00-CME-001,M2M_CATALOG,2020-11-18T13:24Z,,,2020-11-18,8T13,,,,,,,,,,,,,
2020-11-18T13:36:00-CME-001,M2M_CATALOG,2020-11-18T13:36Z,,,2020-11-18,8T13,,,,,,,,,,,,,
2020-10-28T13:42:00-CME-001,M2M_CATALOG,2020-10-28T13:42Z,,,2020-10-28,8T13,,,,,,,,,,,,,
2020-11-18T13:24:00-CME-001,M2M_CATALOG,2020-11-18T13:24Z,,,2020-11-18,8T13,,,,,,,,,,,,,
2020-11-18T13:36:00-CME-001,M2M_CATALOG,2020-11-18T13:36Z,,,2020-11-18,8T13,,,,,,,,,,,,,
2020-11-18T21:48:00-CME-001,M2M_CATALOG,2020-11-18T21:48Z,S20E138,,2020-11-18,8T21,,,,,,,,,,,,,
2020-11-19T02:54:00-CME-001,M2M_CATALOG,2020-11-19T02:54Z,,,2020-11-19,9T02,,,,,,,,,,,,,
2020-11-19T03:12:00-CME-001,M2M_CATALOG,2020-11-19T03:12Z,N30E40,,2020-11-19,9T03,,,,,,,,,,,,,
2020-11-19T06:48:00-CME-001,M2M_CATALOG,2020-11-19T06:48Z,S23E49,,2020-11-19,9T06,,,,,,,,,,,,,
2020-11-19T15:12:00-CME-001,M2M_CATALOG,2020-11-19T15:12Z,,,2020-11-19,9T15,,,,,,,,,,,,,
2020-11-29T15:05:00-CME-001,M2M_CATALOG,2020-11-29T15:05Z,,12783.0,2020-11-29,9T15,,,,,,,,,,,,,
2020-10-10T04:24:00-CME-001,M2M_CATALOG,2020-10-10T04:24Z,,,2020-10-10,0T04,,,,,,,,,,,,,
2020-10-13T21:12:00-CME-001,M2M_CATALOG,2020-10-13T21:12Z,S23W37,12775.0,2020-10-13,3T21,,,,,,,,,,,,,
2020-10-14T03:24:00-CME-001,M2M_CATALOG,2020-10-14T03:24Z,,,2020-10-14,4T03,,,,,,,,,,,,,
2020-10-15T11:24:00-CME-001,M2M_CATALOG,2020-10-15T11:24Z,,,2020-10-15,5T11,,,,,,,,,,,,,
2020-10-15T16:36:00-CME-001,M2M_CATALOG,2020-10-15T16:36Z,,,2020-10-15,5T16,,,,,,,,,,,,,
2020-10-16T13:36:00-CME-001,M2M_CATALOG,2020-10-16T13:36Z,,12774.0,2020-10-16,6T13,,,,,,,,,,,,,
2020-10-16T16:03:00-CME-001,M2M_CATALOG,2020-10-16T16:03Z,S23W66,12775.0,2020-10-16,6T16,,,,,,,,,,,,,
2020-10-18T09:24:00-CME-001,M2M_CATALOG,2020-10-18T09:24Z,,,2020-10-18,8T09,,,,,,,,,,,,,
2020-10-22T13:09:00-CME-001,M2M_CATALOG,2020-10-22T13:09Z,,,2020-10-22,2T13,,,,,,,,,,,,,
2020-11-02T05:24:00-CME-001,M2M_CATALOG,2020-11-02T05:24Z,,,2020-11-02,2T05,,,,,,,,,,,,,
2020-11-07T13:24:00-CME-001,M2M_CATALOG,2020-11-07T13:24Z,N19W01,12780.0,2020-11-07,7T13,,,,,,,,,,,,,
2020-11-08T20:12:00-CME-001,M2M_CATALOG,2020-11-08T20:12Z,,,2020-11-08,8T20,,,,,,,,,,,,,
2020-11-11T19:36:00-CME-001,M2M_CATALOG,2020-11-11T19:36Z,S22E60,12782.0,2020-11-11,1T19,,,,,,,,,,,,,
2020-11-21T19:36:00-CME-001,M2M_CATALOG,2020-11-21T19:36Z,,,2020-11-21,1T19,,,,,,,,,,,,,
2020-12-11T19:09:00-CME-001,M2M_CATALOG,2020-12-11T19:09Z,,12791.0,2020-12-11,1T19,,,,,,,,,,,,,
2020-11-12T02:24:00-CME-001,M2M_CATALOG,2020-11-12T02:24Z,,,2020-11-12,2T02,,,,,,,,,,,,,
2020-11-13T12:24:00-CME-001,M2M_CATALOG,2020-11-13T12:24Z,,,2020-11-13,3T12,,,,,,,,,,,,,
2020-11-17T08:36:00-CME-001,M2M_CATALOG,2020-11-17T08:36Z,,,2020-11-17,7T08,,,,,,,,,,,,,
2020-11-17T19:00:00-CME-001,M2M_CATALOG,2020-11-17T19:00Z,,,2020-11-17,7T19,,,,,,,,,,,,,
2020-11-18T21:48:00-CME-001,M2M_CATALOG,2020-11-18T21:48Z,S20E138,,2020-11-18,8T21,,,,,,,,,,,,,
2020-11-19T02:54:00-CME-001,M2M_CATALOG,2020-11-19T02:54Z,,,2020-11-19,9T02,,,,,,,,,,,,,
2020-11-27T05:48:00-CME-001,M2M_CATALOG,2020-11-27T05:48Z,,,2020-11-27,7T05,,,,,,,,,,,,,
2020-11-29T13:24:00-CME-001,M2M_CATALOG,2020-11-29T13:24Z,S23E97,,2020-11-29,9T13,,,,,,,,,,,,,
2020-11-30T07:09:00-CME-001,M2M_CATALOG,2020-11-30T07:09Z,,,2020-11-30,0T07,,,,,,,,,,,,,
2020-12-01T05:48:00-CME-001,M2M_CATALOG,2020-12-01T05:48Z,S25E80,12790.0,2020-12-01,1T05,,,,,,,,,,,,,
2020-12-01T07:12:00-CME-001,M2M_CATALOG,2020-12-01T07:12Z,N35E30,12787.0,2020-12-01,1T07,,,,,,,,,,,,,
2020-12-03T11:12:00-CME-001,M2M_CATALOG,2020-12-03T11:12Z,S30E137,,2020-12-03,3T11,,,,,,,,,,,,,
2020-12-04T02:48:00-CME-001,M2M_CATALOG,2020-12-04T02:48Z,,,2020-12-04,4T02,,,,,,,,,,,,,
2020-12-06T22:00:00-CME-001,M2M_CATALOG,2020-12-06T22:00Z,,,2020-12-06,6T22,,,,,,,,,,,,,
2020-12-07T16:24:00-CME-001,M2M_CATALOG,2020-12-07T16:24Z,S23W11,12790.0,2020-12-07,7T16,,,,,,,,,,,,,
2020-12-07T18:36:00-CME-001,M2M_CATALOG,2020-12-07T18:36Z,S40W30,,2020-12-07,7T18,,,,,,,,,,,,,
2020-12-17T06:48:00-CME-001,M2M_CATALOG,2020-12-17T06:48Z,,,2020-12-17,7T06,,,,,,,,,,,,,
2020-12-27T00:48:00-CME-001,M2M_CATALOG,2020-12-27T00:48Z,,,2020-12-27,7T00,,,,,,,,,,,,,
2020-12-30T02:24:00-CME-001,M2M_CATALOG,2020-12-30T02:24Z,S20E08,12795.0,2020-12-30,0T02,,,,,,,,,,,,,
2020-10-10T04:24:00-CME-001,M2M_CATALOG,2020-10-10T04:24Z,,,2020-10-10,0T04,,,,,,,,,,,,,
2020-10-13T21:12:00-CME-001,M2M_CATALOG,2020-10-13T21:12Z,S23W37,12775.0,2020-10-13,3T21,,,,,,,,,,,,,
2020-10-14T03:24:00-CME-001,M2M_CATALOG,2020-10-14T03:24Z,,,2020-10-14,4T03,,,,,,,,,,,,,
2020-10-15T11:24:00-CME-001,M2M_CATALOG,2020-10-15T11:24Z,,,2020-10-15,5T11,,,,,,,,,,,,,
2020-10-15T16:36:00-CME-001,M2M_CATALOG,2020-10-15T16:36Z,,,2020-10-15,5T16,,,,,,,,,,,,,
2020-10-16T13:36:00-CME-001,M2M_CATALOG,2020-10-16T13:36Z,,12774.0,2020-10-16,6T13,,,,,,,,,,,,,
2020-10-16T16:03:00-CME-001,M2M_CATALOG,2020-10-16T16:03Z,S23W66,12775.0,2020-10-16,6T16,,,,,,,,,,,,,
2020-10-18T09:24:00-CME-001,M2M_CATALOG,2020-10-18T09:24Z,,,2020-10-18,8T09,,,,,,,,,,,,,
2020-10-22T13:09:00-CME-001,M2M_CATALOG,2020-10-22T13:09Z,,,2020-10-22,2T13,,,,,,,,,,,,,
2020-11-02T05:24:00-CME-001,M2M_CATALOG,2020-11-02T05:24Z,,,2020-11-02,2T05,,,,,,,,,,,,,
2020-11-07T13:24:00-CME-001,M2M_CATALOG,2020-11-07T13:24Z,N19W01,12780.0,2020-11-07,7T13,,,,,,,,,,,,,
2020-11-08T20:12:00-CME-001,M2M_CATALOG,2020-11-08T20:12Z,,,2020-11-08,8T20,,,,,,,,,,,,,
2020-11-11T19:36:00-CME-001,M2M_CATALOG,2020-11-11T19:36Z,S22E60,12782.0,2020-11-11,1T19,,,,,,,,,,,,,
2020-11-21T19:36:00-CME-001,M2M_CATALOG,2020-11-21T19:36Z,,,2020-11-21,1T19,,,,,,,,,,,,,
2020-12-11T19:09:00-CME-001,M2M_CATALOG,2020-12-11T19:09Z,,12791.0,2020-12-11,1T19,,,,,,,,,,,,,
2020-11-12T02:24:00-CME-001,M2M_CATALOG,2020-11-12T02:24Z,,,2020-11-12,2T02,,,,,,,,,,,,,
2020-11-13T12:24:00-CME-001,M2M_CATALOG,2020-11-13T12:24Z,,,2020-11-13,3T12,,,,,,,,,,,,,
2020-11-17T08:36:00-CME-001,M2M_CATALOG,2020-11-17T08:36Z,,,2020-11-17,7T08,,,,,,,,,,,,,
2020-11-17T19:00:00-CME-001,M2M_CATALOG,2020-11-17T19:00Z,,,2020-11-17,7T19,,,,,,,,,,,,,
2020-11-18T21:48:00-CME-001,M2M_CATALOG,2020-11-18T21:48Z,S20E138,,2020-11-18,8T21,,,,,,,,,,,,,
2020-11-19T02:54:00-CME-001,M2M_CATALOG,2020-11-19T02:54Z,,,2020-11-19,9T02,,,,,,,,,,,,,
2020-11-27T05:48:00-CME-001,M2M_CATALOG,2020-11-27T05:48Z,,,2020-11-27,7T05,,,,,,,,,,,,,
2020-11-29T13:24:00-CME-001,M2M_CATALOG,2020-11-29T13:24Z,S23E97,,2020-11-29,9T13,,,,,,,,,,,,,
2020-11-30T07:09:00-CME-001,M2M_CATALOG,2020-11-30T07:09Z,,,2020-11-30,0T07,,,,,,,,,,,,,
2020-12-01T05:48:00-CME-001,M2M_CATALOG,2020-12-01T05:48Z,S25E80,12790.0,2020-12-01,1T05,,,,,,,,,,,,,
2020-12-01T07:12:00-CME-001,M2M_CATALOG,2020-12-01T07:12Z,N35E30,12787.0,2020-12-01,1T07,,,,,,,,,,,,,
2020-12-03T11:12:00-CME-001,M2M_CATALOG,2020-12-03T11:12Z,S30E137,,2020-12-03,3T11,,,,,,,,,,,,,
2020-12-04T02:48:00-CME-001,M2M_CATALOG,2020-12-04T02:48Z,,,2020-12-04,4T02,,,,,,,,,,,,,
2020-12-06T22:00:00-CME-001,M2M_CATALOG,2020-12-06T22:00Z,,,2020-12-06,6T22,,,,,,,,,,,,,
2020-12-07T16:24:00-CME-001,M2M_CATALOG,2020-12-07T16:24Z,S23W11,12790.0,2020-12-07,7T16,,,,,,,,,,,,,
2020-12-07T18:36:00-CME-001,M2M_CATALOG,2020-12-07T18:36Z,S40W30,,2020-12-07,7T18,,,,,,,,,,,,,
2020-12-17T06:48:00-CME-001,M2M_CATALOG,2020-12-17T06:48Z,,,2020-12-17,7T06,,,,,,,,,,,,,
2020-12-27T00:48:00-CME-001,M2M_CATALOG,2020-12-27T00:48Z,,,2020-12-27,7T00,,,,,,,,,,,,,
2020-12-30T02:24:00-CME-001,M2M_CATALOG,2020-12-30T02:24Z,S20E08,12795.0,2020-12-30,0T02,,,,,,,,,,,,,
2020-10-10T04:24:00-CME-001,M2M_CATALOG,2020-10-10T04:24Z,,,2020-10-10,0T04,,,,,,,,,,,,,
2020-10-13T21:12:00-CME-001,M2M_CATALOG,2020-10-13T21:12Z,S23W37,12775.0,2020-10-13,3T21,,,,,,,,,,,,,
2020-10-14T03:24:00-CME-001,M2M_CATALOG,2020-10-14T03:24Z,,,2020-10-14,4T03,,,,,,,,,,,,,
2020-10-15T11:24:00-CME-001,M2M_CATALOG,2020-10-15T11:24Z,,,2020-10-15,5T11,,,,,,,,,,,,,
2020-10-15T16:36:00-CME-001,M2M_CATALOG,2020-10-15T16:36Z,,,2020-10-15,5T16,,,,,,,,,,,,,
2020-10-16T13:36:00-CME-001,M2M_CATALOG,2020-10-16T13:36Z,,12774.0,2020-10-16,6T13,,,,,,,,,,,,,
2020-10-16T16:03:00-CME-001,M2M_CATALOG,2020-10-16T16:03Z,S23W66,12775.0,2020-10-16,6T16,,,,,,,,,,,,,
2020-10-18T09:24:00-CME-001,M2M_CATALOG,2020-10-18T09:24Z,,,2020-10-18,8T09,,,,,,,,,,,,,
2020-10-22T13:09:00-CME-001,M2M_CATALOG,2020-10-22T13:09Z,,,2020-10-22,2T13,,,,,,,,,,,,,
2020-11-02T05:24:00-CME-001,M2M_CATALOG,2020-11-02T05:24Z,,,2020-11-02,2T05,,,,,,,,,,,,,
2020-11-07T13:24:00-CME-001,M2M_CATALOG,2020-11-07T13:24Z,N19W01,12780.0,2020-11-07,7T13,,,,,,,,,,,,,
2020-11-08T20:12:00-CME-001,M2M_CATALOG,2020-11-08T20:12Z,,,2020-11-08,8T20,,,,,,,,,,,,,
2020-11-11T19:36:00-CME-001,M2M_CATALOG,2020-11-11T19:36Z,S22E60,12782.0,2020-11-11,1T19,,,,,,,,,,,,,
2020-11-21T19:36:00-CME-001,M2M_CATALOG,2020-11-21T19:36Z,,,2020-11-21,1T19,,,,,,,,,,,,,
2020-12-11T19:09:00-CME-001,M2M_CATALOG,2020-12-11T19:09Z,,12791.0,2020-12-11,1T19,,,,,,,,,,,,,
2020-11-12T02:24:00-CME-001,M2M_CATALOG,2020-11-12T02:24Z,,,2020-11-12,2T02,,,,,,,,,,,,,
2020-11-13T12:24:00-CME-001,M2M_CATALOG,2020-11-13T12:24Z,,,2020-11-13,3T12,,,,,,,,,,,,,
2020-11-17T08:36:00-CME-001,M2M_CATALOG,2020-11-17T08:36Z,,,2020-11-17,7T08,,,,,,,,,,,,,
2020-11-17T19:00:00-CME-001,M2M_CATALOG,2020-11-17T19:00Z,,,2020-11-17,7T19,,,,,,,,,,,,,
2020-11-18T21:48:00-CME-001,M2M_CATALOG,2020-11-18T21:48Z,S20E138,,2020-11-18,8T21,,,,,,,,,,,,,
2020-11-19T02:54:00-CME-001,M2M_CATALOG,2020-11-19T02:54Z,,,2020-11-19,9T02,,,,,,,,,,,,,
2020-11-27T05:48:00-CME-001,M2M_CATALOG,2020-11-27T05:48Z,,,2020-11-27,7T05,,,,,,,,,,,,,
2020-11-29T13:24:00-CME-001,M2M_CATALOG,2020-11-29T13:24Z,S23E97,,2020-11-29,9T13,,,,,,,,,,,,,
2020-11-30T07:09:00-CME-001,M2M_CATALOG,2020-11-30T07:09Z,,,2020-11-30,0T07,,,,,,,,,,,,,
2020-12-01T05:48:00-CME-001,M2M_CATALOG,2020-12-01T05:48Z,S25E80,12790.0,2020-12-01,1T05,,,,,,,,,,,,,
2020-12-01T07:12:00-CME-001,M2M_CATALOG,2020-12-01T07:12Z,N35E30,12787.0,2020-12-01,1T07,,,,,,,,,,,,,
2020-12-03T11:12:00-CME-001,M2M_CATALOG,2020-12-03T11:12Z,S30E137,,2020-12-03,3T11,,,,,,,,,,,,,
2020-12-04T02:48:00-CME-001,M2M_CATALOG,2020-12-04T02:48Z,,,2020-12-04,4T02,,,,,,,,,,,,,
2020-12-06T22:00:00-CME-001,M2M_CATALOG,2020-12-06T22:00Z,,,2020-12-06,6T22,,,,,,,,,,,,,
2020-12-07T16:24:00-CME-001,M2M_CATALOG,2020-12-07T16:24Z,S23W11,12790.0,2020-12-07,7T16,,,,,,,,,,,,,
2020-12-07T18:36:00-CME-001,M2M_CATALOG,2020-12-07T18:36Z,S40W30,,2020-12-07,7T18,,,,,,,,,,,,,
2020-12-17T06:48:00-CME-001,M2M_CATALOG,2020-12-17T06:48Z,,,2020-12-17,7T06,,,,,,,,,,,,,
2020-12-27T00:48:00-CME-001,M2M_CATALOG,2020-12-27T00:48Z,,,2020-12-27,7T00,,,,,,,,,,,,,
2020-12-30T02:24:00-CME-001,M2M_CATALOG,2020-12-30T02:24Z,S20E08,12795.0,2020-12-30,0T02,,,,,,,,,,,,,
2020-10-23T04:39:00-CME-001,M2M_CATALOG,2020-10-23T04:39Z,,,2020-10-23,3T04,,,,,,,,,,,,,
2020-10-23T22:35:00-CME-001,M2M_CATALOG,2020-10-23T22:35Z,,,2020-10-23,3T22,,,,,,,,,,,,,
2020-10-10T04:24:00-CME-001,M2M_CATALOG,2020-10-10T04:24Z,,,2020-10-10,0T04,,,,,,,,,,,,,
2020-10-13T21:12:00-CME-001,M2M_CATALOG,2020-10-13T21:12Z,S23W37,12775.0,2020-10-13,3T21,,,,,,,,,,,,,
2020-10-14T03:24:00-CME-001,M2M_CATALOG,2020-10-14T03:24Z,,,2020-10-14,4T03,,,,,,,,,,,,,
2020-10-15T11:24:00-CME-001,M2M_CATALOG,2020-10-15T11:24Z,,,2020-10-15,5T11,,,,,,,,,,,,,
2020-10-15T16:36:00-CME-001,M2M_CATALOG,2020-10-15T16:36Z,,,2020-10-15,5T16,,,,,,,,,,,,,
2020-10-16T13:36:00-CME-001,M2M_CATALOG,2020-10-16T13:36Z,,12774.0,2020-10-16,6T13,,,,,,,,,,,,,
2020-10-16T16:03:00-CME-001,M2M_CATALOG,2020-10-16T16:03Z,S23W66,12775.0,2020-10-16,6T16,,,,,,,,,,,,,
2020-10-18T09:24:00-CME-001,M2M_CATALOG,2020-10-18T09:24Z,,,2020-10-18,8T09,,,,,,,,,,,,,
2020-10-22T13:09:00-CME-001,M2M_CATALOG,2020-10-22T13:09Z,,,2020-10-22,2T13,,,,,,,,,,,,,
2020-10-23T04:39:00-CME-001,M2M_CATALOG,2020-10-23T04:39Z,,,2020-10-23,3T04,,,,,,,,,,,,,
2020-10-23T22:35:00-CME-001,M2M_CATALOG,2020-10-23T22:35Z,,,2020-10-23,3T22,,,,,,,,,,,,,
2020-10-26T09:12:00-CME-001,M2M_CATALOG,2020-10-26T09:12Z,,,2020-10-26,6T09,,,,,,,,,,,,,
2020-10-26T18:09:00-CME-001,M2M_CATALOG,2020-10-26T18:09Z,,,2020-10-26,6T18,,,,,,,,,,,,,
2020-10-27T03:39:00-CME-001,M2M_CATALOG,2020-10-27T03:39Z,,,2020-10-27,7T03,,,,,,,,,,,,,
2020-10-28T13:42:00-CME-001,M2M_CATALOG,2020-10-28T13:42Z,,,2020-10-28,8T13,,,,,,,,,,,,,
2020-11-18T13:24:00-CME-001,M2M_CATALOG,2020-11-18T13:24Z,,,2020-11-18,8T13,,,,,,,,,,,,,
2020-11-18T13:36:00-CME-001,M2M_CATALOG,2020-11-18T13:36Z,,,2020-11-18,8T13,,,,,,,,,,,,,
2020-10-29T01:54:00-CME-001,M2M_CATALOG,2020-10-29T01:54Z,S19W28,12779.0,2020-10-29,9T01,,,,,,,,,,,,,
2020-10-31T00:12:00-CME-001,M2M_CATALOG,2020-10-31T00:12Z,,,2020-10-31,1T00,,,,,,,,,,,,,
2020-12-11T00:36:00-CME-001,M2M_CATALOG,2020-12-11T00:36Z,,,2020-12-11,1T00,,,,,,,,,,,,,
2020-11-01T20:00:00-CME-001,M2M_CATALOG,2020-11-01T20:00Z,,,2020-11-01,1T20,,,,,,,,,,,,,
2020-11-02T05:24:00-CME-001,M2M_CATALOG,2020-11-02T05:24Z,,,2020-11-02,2T05,,,,,,,,,,,,,
2020-11-07T13:24:00-CME-001,M2M_CATALOG,2020-11-07T13:24Z,N19W01,12780.0,2020-11-07,7T13,,,,,,,,,,,,,
2020-11-08T20:12:00-CME-001,M2M_CATALOG,2020-11-08T20:12Z,,,2020-11-08,8T20,,,,,,,,,,,,,
2020-11-11T19:36:00-CME-001,M2M_CATALOG,2020-11-11T19:36Z,S22E60,12782.0,2020-11-11,1T19,,,,,,,,,,,,,
2020-11-21T19:36:00-CME-001,M2M_CATALOG,2020-11-21T19:36Z,,,2020-11-21,1T19,,,,,,,,,,,,,
2020-12-11T19:09:00-CME-001,M2M_CATALOG,2020-12-11T19:09Z,,12791.0,2020-12-11,1T19,,,,,,,,,,,,,
2020-11-12T02:24:00-CME-001,M2M_CATALOG,2020-11-12T02:24Z,,,2020-11-12,2T02,,,,,,,,,,,,,
2020-11-13T12:24:00-CME-001,M2M_CATALOG,2020-11-13T12:24Z,,,2020-11-13,3T12,,,,,,,,,,,,,
2020-11-17T08:36:00-CME-001,M2M_CATALOG,2020-11-17T08:36Z,,,2020-11-17,7T08,,,,,,,,,,,,,
2020-11-17T19:00:00-CME-001,M2M_CATALOG,2020-11-17T19:00Z,,,2020-11-17,7T19,,,,,,,,,,,,,
2020-10-28T13:42:00-CME-001,M2M_CATALOG,2020-10-28T13:42Z,,,2020-10-28,8T13,,,,,,,,,,,,,
2020-11-18T13:24:00-CME-001,M2M_CATALOG,2020-11-18T13:24Z,,,2020-11-18,8T13,,,,,,,,,,,,,
2020-11-18T13:36:00-CME-001,M2M_CATALOG,2020-11-18T13:36Z,,,2020-11-18,8T13,,,,,,,,,,,,,
2020-10-28T13:42:00-CME-001,M2M_CATALOG,2020-10-28T13:42Z,,,2020-10-28,8T13,,,,,,,,,,,,,
2020-11-18T13:24:00-CME-001,M2M_CATALOG,2020-11-18T13:24Z,,,2020-11-18,8T13,,,,,,,,,,,,,
2020-11-18T13:36:00-CME-001,M2M_CATALOG,2020-11-18T13:36Z,,,2020-11-18,8T13,,,,,,,,,,,,,
2020-11-18T21:48:00-CME-001,M2M_CATALOG,2020-11-18T21:48Z,S20E138,,2020-11-18,8T21,,,,,,,,,,,,,
2020-11-19T02:54:00-CME-001,M2M_CATALOG,2020-11-19T02:54Z,,,2020-11-19,9T02,,,,,,,,,,,,,
2020-11-19T03:12:00-CME-001,M2M_CATALOG,2020-11-19T03:12Z,N30E40,,2020-11-19,9T03,,,,,,,,,,,,,
2020-11-19T06:48:00-CME-001,M2M_CATALOG,2020-11-19T06:48Z,S23E49,,2020-11-19,9T06,,,,,,,,,,,,,
2020-11-19T15:12:00-CME-001,M2M_CATALOG,2020-11-19T15:12Z,,,2020-11-19,9T15,,,,,,,,,,,,,
2020-11-29T15:05:00-CME-001,M2M_CATALOG,2020-11-29T15:05Z,,12783.0,2020-11-29,9T15,,,,,,,,,,,,,
2020-11-20T19:51:00-CME-001,M2M_CATALOG,2020-11-20T19:51Z,,12783.0,2020-11-20,0T19,,,,,,,,,,,,,
2020-11-20T21:12:00-CME-001,M2M_CATALOG,2020-11-20T21:12Z,,,2020-11-20,0T21,,,,,,,,,,,,,
2020-11-11T19:36:00-CME-001,M2M_CATALOG,2020-11-11T19:36Z,S22E60,12782.0,2020-11-11,1T19,,,,,,,,,,,,,
2020-11-21T19:36:00-CME-001,M2M_CATALOG,2020-11-21T19:36Z,,,2020-11-21,1T19,,,,,,,,,,,,,
2020-12-11T19:09:00-CME-001,M2M_CATALOG,2020-12-11T19:09Z,,12791.0,2020-12-11,1T19,,,,,,,,,,,,,
2020-11-21T23:12:00-CME-001,M2M_CATALOG,2020-11-21T23:12Z,,,2020-11-21,1T23,,,,,,,,,,,,,
2020-11-22T01:36:00-CME-001,M2M_CATALOG,2020-11-22T01:36Z,,,2020-11-22,2T01,,,,,,,,,,,,,
2020-11-23T18:48:00-CME-001,M2M_CATALOG,2020-11-23T18:48Z,,,2020-11-23,3T18,,,,,,,,,,,,,
2020-11-24T04:36:00-CME-001,M2M_CATALOG,2020-11-24T04:36Z,S20E65,12785.0,2020-11-24,4T04,,,,,,,,,,,,,
2020-11-24T11:24:00-CME-001,M2M_CATALOG,2020-11-24T11:24Z,,,2020-11-24,4T11,,,,,,,,,,,,,
2020-12-04T11:09:00-CME-001,M2M_CATALOG,2020-12-04T11:09Z,,,2020-12-04,4T11,,,,,,,,,,,,,
2020-11-24T13:24:00-CME-001,M2M_CATALOG,2020-11-24T13:24Z,,,2020-11-24,4T13,,,,,,,,,,,,,
2020-11-26T08:24:00-CME-001,M2M_CATALOG,2020-11-26T08:24Z,,,2020-11-26,6T08,,,,,,,,,,,,,
2020-11-26T21:24:00-CME-001,M2M_CATALOG,2020-11-26T21:24Z,N32E90,12787.0,2020-11-26,6T21,,,,,,,,,,,,,
2020-11-27T05:48:00-CME-001,M2M_CATALOG,2020-11-27T05:48Z,,,2020-11-27,7T05,,,,,,,,,,,,,
2020-11-29T13:24:00-CME-001,M2M_CATALOG,2020-11-29T13:24Z,S23E97,,2020-11-29,9T13,,,,,,,,,,,,,
2020-11-19T15:12:00-CME-001,M2M_CATALOG,2020-11-19T15:12Z,,,2020-11-19,9T15,,,,,,,,,,,,,
2020-11-29T15:05:00-CME-001,M2M_CATALOG,2020-11-29T15:05Z,,12783.0,2020-11-29,9T15,,,,,,,,,,,,,
2020-11-30T07:09:00-CME-001,M2M_CATALOG,2020-11-30T07:09Z,,,2020-11-30,0T07,,,,,,,,,,,,,
2020-12-01T05:48:00-CME-001,M2M_CATALOG,2020-12-01T05:48Z,S25E80,12790.0,2020-12-01,1T05,,,,,,,,,,,,,
2020-12-01T07:12:00-CME-001,M2M_CATALOG,2020-12-01T07:12Z,N35E30,12787.0,2020-12-01,1T07,,,,,,,,,,,,,
2020-12-03T11:12:00-CME-001,M2M_CATALOG,2020-12-03T11:12Z,S30E137,,2020-12-03,3T11,,,,,,,,,,,,,
2020-12-04T02:48:00-CME-001,M2M_CATALOG,2020-12-04T02:48Z,,,2020-12-04,4T02,,,,,,,,,,,,,
2020-11-24T11:24:00-CME-001,M2M_CATALOG,2020-11-24T11:24Z,,,2020-11-24,4T11,,,,,,,,,,,,,
2020-12-04T11:09:00-CME-001,M2M_CATALOG,2020-12-04T11:09Z,,,2020-12-04,4T11,,,,,,,,,,,,,
2020-12-06T22:00:00-CME-001,M2M_CATALOG,2020-12-06T22:00Z,,,2020-12-06,6T22,,,,,,,,,,,,,
2020-12-07T16:24:00-CME-001,M2M_CATALOG,2020-12-07T16:24Z,S23W11,12790.0,2020-12-07,7T16,,,,,,,,,,,,,
2020-12-07T18:36:00-CME-001,M2M_CATALOG,2020-12-07T18:36Z,S40W30,,2020-12-07,7T18,,,,,,,,,,,,,
2020-10-31T00:12:00-CME-001,M2M_CATALOG,2020-10-31T00:12Z,,,2020-10-31,1T00,,,,,,,,,,,,,
2020-12-11T00:36:00-CME-001,M2M_CATALOG,2020-12-11T00:36Z,,,2020-12-11,1T00,,,,,,,,,,,,,
2020-11-11T19:36:00-CME-001,M2M_CATALOG,2020-11-11T19:36Z,S22E60,12782.0,2020-11-11,1T19,,,,,,,,,,,,,
2020-11-21T19:36:00-CME-001,M2M_CATALOG,2020-11-21T19:36Z,,,2020-11-21,1T19,,,,,,,,,,,,,
2020-12-11T19:09:00-CME-001,M2M_CATALOG,2020-12-11T19:09Z,,12791.0,2020-12-11,1T19,,,,,,,,,,,,,
2020-12-12T04:12:00-CME-001,M2M_CATALOG,2020-12-12T04:12Z,,,2020-12-12,2T04,,,,,,,,,,,,,
2020-12-13T09:24:00-CME-001,M2M_CATALOG,2020-12-13T09:24Z,,,2020-12-13,3T09,,,,,,,,,,,,,
2020-12-14T15:12:00-CME-001,M2M_CATALOG,2020-12-14T15:12Z,S22E44,12792.0,2020-12-14,4T15,,,,,,,,,,,,,
2020-12-14T21:12:00-CME-001,M2M_CATALOG,2020-12-14T21:12Z,N40E110,,2020-12-14,4T21,,,,,,,,,,,,,
2020-12-17T06:48:00-CME-001,M2M_CATALOG,2020-12-17T06:48Z,,,2020-12-17,7T06,,,,,,,,,,,,,
2020-12-27T00:48:00-CME-001,M2M_CATALOG,2020-12-27T00:48Z,,,2020-12-27,7T00,,,,,,,,,,,,,
2020-12-30T02:24:00-CME-001,M2M_CATALOG,2020-12-30T02:24Z,S20E08,12795.0,2020-12-30,0T02,,,,,,,,,,,,,
2020-10-10T04:24:00-CME-001,M2M_CATALOG,2020-10-10T04:24Z,,,2020-10-10,0T04,,,,,,,,,,,,,
2020-10-13T21:12:00-CME-001,M2M_CATALOG,2020-10-13T21:12Z,S23W37,12775.0,2020-10-13,3T21,,,,,,,,,,,,,
2020-10-14T03:24:00-CME-001,M2M_CATALOG,2020-10-14T03:24Z,,,2020-10-14,4T03,,,,,,,,,,,,,
2020-10-15T11:24:00-CME-001,M2M_CATALOG,2020-10-15T11:24Z,,,2020-10-15,5T11,,,,,,,,,,,,,
2020-10-15T16:36:00-CME-001,M2M_CATALOG,2020-10-15T16:36Z,,,2020-10-15,5T16,,,,,,,,,,,,,
2020-10-16T13:36:00-CME-001,M2M_CATALOG,2020-10-16T13:36Z,,12774.0,2020-10-16,6T13,,,,,,,,,,,,,
2020-10-16T16:03:00-CME-001,M2M_CATALOG,2020-10-16T16:03Z,S23W66,12775.0,2020-10-16,6T16,,,,,,,,,,,,,
2020-10-18T09:24:00-CME-001,M2M_CATALOG,2020-10-18T09:24Z,,,2020-10-18,8T09,,,,,,,,,,,,,
2020-10-22T13:09:00-CME-001,M2M_CATALOG,2020-10-22T13:09Z,,,2020-10-22,2T13,,,,,,,,,,,,,
2020-10-23T04:39:00-CME-001,M2M_CATALOG,2020-10-23T04:39Z,,,2020-10-23,3T04,,,,,,,,,,,,,
2020-10-23T22:35:00-CME-001,M2M_CATALOG,2020-10-23T22:35Z,,,2020-10-23,3T22,,,,,,,,,,,,,
2020-10-26T09:12:00-CME-001,M2M_CATALOG,2020-10-26T09:12Z,,,2020-10-26,6T09,,,,,,,,,,,,,
2020-10-26T18:09:00-CME-001,M2M_CATALOG,2020-10-26T18:09Z,,,2020-10-26,6T18,,,,,,,,,,,,,
2020-10-27T03:39:00-CME-001,M2M_CATALOG,2020-10-27T03:39Z,,,2020-10-27,7T03,,,,,,,,,,,,,
2020-10-28T13:42:00-CME-001,M2M_CATALOG,2020-10-28T13:42Z,,,2020-10-28,8T13,,,,,,,,,,,,,
2020-11-18T13:24:00-CME-001,M2M_CATALOG,2020-11-18T13:24Z,,,2020-11-18,8T13,,,,,,,,,,,,,
2020-11-18T13:36:00-CME-001,M2M_CATALOG,2020-11-18T13:36Z,,,2020-11-18,8T13,,,,,,,,,,,,,
2020-10-29T01:54:00-CME-001,M2M_CATALOG,2020-10-29T01:54Z,S19W28,12779.0,2020-10-29,9T01,,,,,,,,,,,,,
2020-10-31T00:12:00-CME-001,M2M_CATALOG,2020-10-31T00:12Z,,,2020-10-31,1T00,,,,,,,,,,,,,
2020-12-11T00:36:00-CME-001,M2M_CATALOG,2020-12-11T00:36Z,,,2020-12-11,1T00,,,,,,,,,,,,,
2020-11-01T20:00:00-CME-001,M2M_CATALOG,2020-11-01T20:00Z,,,2020-11-01,1T20,,,,,,,,,,,,,
2020-11-02T05:24:00-CME-001,M2M_CATALOG,2020-11-02T05:24Z,,,2020-11-02,2T05,,,,,,,,,,,,,
2020-11-07T13:24:00-CME-001,M2M_CATALOG,2020-11-07T13:24Z,N19W01,12780.0,2020-11-07,7T13,,,,,,,,,,,,,
2020-11-08T20:12:00-CME-001,M2M_CATALOG,2020-11-08T20:12Z,,,2020-11-08,8T20,,,,,,,,,,,,,
2020-11-11T19:36:00-CME-001,M2M_CATALOG,2020-11-11T19:36Z,S22E60,12782.0,2020-11-11,1T19,,,,,,,,,,,,,
2020-11-21T19:36:00-CME-001,M2M_CATALOG,2020-11-21T19:36Z,,,2020-11-21,1T19,,,,,,,,,,,,,
2020-12-11T19:09:00-CME-001,M2M_CATALOG,2020-12-11T19:09Z,,12791.0,2020-12-11,1T19,,,,,,,,,,,,,
2020-11-12T02:24:00-CME-001,M2M_CATALOG,2020-11-12T02:24Z,,,2020-11-12,2T02,,,,,,,,,,,,,
2020-11-13T12:24:00-CME-001,M2M_CATALOG,2020-11-13T12:24Z,,,2020-11-13,3T12,,,,,,,,,,,,,
2020-11-17T08:36:00-CME-001,M2M_CATALOG,2020-11-17T08:36Z,,,2020-11-17,7T08,,,,,,,,,,,,,
2020-11-17T19:00:00-CME-001,M2M_CATALOG,2020-11-17T19:00Z,,,2020-11-17,7T19,,,,,,,,,,,,,
2020-10-28T13:42:00-CME-001,M2M_CATALOG,2020-10-28T13:42Z,,,2020-10-28,8T13,,,,,,,,,,,,,
2020-11-18T13:24:00-CME-001,M2M_CATALOG,2020-11-18T13:24Z,,,2020-11-18,8T13,,,,,,,,,,,,,
2020-11-18T13:36:00-CME-001,M2M_CATALOG,2020-11-18T13:36Z,,,2020-11-18,8T13,,,,,,,,,,,,,
2020-10-28T13:42:00-CME-001,M2M_CATALOG,2020-10-28T13:42Z,,,2020-10-28,8T13,,,,,,,,,,,,,
2020-11-18T13:24:00-CME-001,M2M_CATALOG,2020-11-18T13:24Z,,,2020-11-18,8T13,,,,,,,,,,,,,
2020-11-18T13:36:00-CME-001,M2M_CATALOG,2020-11-18T13:36Z,,,2020-11-18,8T13,,,,,,,,,,,,,
2020-11-18T21:48:00-CME-001,M2M_CATALOG,2020-11-18T21:48Z,S20E138,,2020-11-18,8T21,,,,,,,,,,,,,
2020-11-19T02:54:00-CME-001,M2M_CATALOG,2020-11-19T02:54Z,,,2020-11-19,9T02,,,,,,,,,,,,,
2020-11-19T03:12:00-CME-001,M2M_CATALOG,2020-11-19T03:12Z,N30E40,,2020-11-19,9T03,,,,,,,,,,,,,
2020-11-19T06:48:00-CME-001,M2M_CATALOG,2020-11-19T06:48Z,S23E49,,2020-11-19,9T06,,,,,,,,,,,,,
2020-11-19T15:12:00-CME-001,M2M_CATALOG,2020-11-19T15:12Z,,,2020-11-19,9T15,,,,,,,,,,,,,
2020-11-29T15:05:00-CME-001,M2M_CATALOG,2020-11-29T15:05Z,,12783.0,2020-11-29,9T15,,,,,,,,,,,,,
2020-11-20T19:51:00-CME-001,M2M_CATALOG,2020-11-20T19:51Z,,12783.0,2020-11-20,0T19,,,,,,,,,,,,,
2020-10-10T04:24:00-CME-001,M2M_CATALOG,2020-10-10T04:24Z,,,2020-10-10,0T04,,,,,,,,,,,,,
2020-10-13T21:12:00-CME-001,M2M_CATALOG,2020-10-13T21:12Z,S23W37,12775.0,2020-10-13,3T21,,,,,,,,,,,,,
2020-10-14T03:24:00-CME-001,M2M_CATALOG,2020-10-14T03:24Z,,,2020-10-14,4T03,,,,,,,,,,,,,
2020-10-15T11:24:00-CME-001,M2M_CATALOG,2020-10-15T11:24Z,,,2020-10-15,5T11,,,,,,,,,,,,,
2020-10-15T16:36:00-CME-001,M2M_CATALOG,2020-10-15T16:36Z,,,2020-10-15,5T16,,,,,,,,,,,,,
2020-10-16T13:36:00-CME-001,M2M_CATALOG,2020-10-16T13:36Z,,12774.0,2020-10-16,6T13,4628.0,10aeceef-b86f-4ccb-b292-ec83982391a2,Fosters,Delirium Tremens,India Pale Ale,Chinook,3068 - Weihenstephan Weizen,Rye malt,10 IBU,5.4%,8.2°Blg,Australia,1888.0
2020-10-16T16:03:00-CME-001,M2M_CATALOG,2020-10-16T16:03Z,S23W66,12775.0,2020-10-16,6T16,,,,,,,,,,,,,
2020-10-18T09:24:00-CME-001,M2M_CATALOG,2020-10-18T09:24Z,,,2020-10-18,8T09,,,,,,,,,,,,,
2020-10-22T13:09:00-CME-001,M2M_CATALOG,2020-10-22T13:09Z,,,2020-10-22,2T13,,,,,,,,,,,,,
2020-10-23T04:39:00-CME-001,M2M_CATALOG,2020-10-23T04:39Z,,,2020-10-23,3T04,,,,,,,,,,,,,
2020-10-23T22:35:00-CME-001,M2M_CATALOG,2020-10-23T22:35Z,,,2020-10-23,3T22,,,,,,,,,,,,,
2020-10-26T09:12:00-CME-001,M2M_CATALOG,2020-10-26T09:12Z,,,2020-10-26,6T09,,,,,,,,,,,,,
2020-10-26T18:09:00-CME-001,M2M_CATALOG,2020-10-26T18:09Z,,,2020-10-26,6T18,,,,,,,,,,,,,
2020-10-27T03:39:00-CME-001,M2M_CATALOG,2020-10-27T03:39Z,,,2020-10-27,7T03,,,,,,,,,,,,,
2020-10-28T13:42:00-CME-001,M2M_CATALOG,2020-10-28T13:42Z,,,2020-10-28,8T13,,,,,,,,,,,,,
2020-11-18T13:24:00-CME-001,M2M_CATALOG,2020-11-18T13:24Z,,,2020-11-18,8T13,,,,,,,,,,,,,
2020-11-18T13:36:00-CME-001,M2M_CATALOG,2020-11-18T13:36Z,,,2020-11-18,8T13,,,,,,,,,,,,,
2020-10-29T01:54:00-CME-001,M2M_CATALOG,2020-10-29T01:54Z,S19W28,12779.0,2020-10-29,9T01,,,,,,,,,,,,,
2020-10-31T00:12:00-CME-001,M2M_CATALOG,2020-10-31T00:12Z,,,2020-10-31,1T00,,,,,,,,,,,,,
2020-12-11T00:36:00-CME-001,M2M_CATALOG,2020-12-11T00:36Z,,,2020-12-11,1T00,,,,,,,,,,,,,
2020-11-01T20:00:00-CME-001,M2M_CATALOG,2020-11-01T20:00Z,,,2020-11-01,1T20,,,,,,,,,,,,,
2020-11-02T05:24:00-CME-001,M2M_CATALOG,2020-11-02T05:24Z,,,2020-11-02,2T05,,,,,,,,,,,,,
2020-11-07T13:24:00-CME-001,M2M_CATALOG,2020-11-07T13:24Z,N19W01,12780.0,2020-11-07,7T13,,,,,,,,,,,,,
2020-11-08T20:12:00-CME-001,M2M_CATALOG,2020-11-08T20:12Z,,,2020-11-08,8T20,,,,,,,,,,,,,
2020-11-11T19:36:00-CME-001,M2M_CATALOG,2020-11-11T19:36Z,S22E60,12782.0,2020-11-11,1T19,,,,,,,,,,,,,
2020-11-21T19:36:00-CME-001,M2M_CATALOG,2020-11-21T19:36Z,,,2020-11-21,1T19,,,,,,,,,,,,,
2020-12-11T19:09:00-CME-001,M2M_CATALOG,2020-12-11T19:09Z,,12791.0,2020-12-11,1T19,,,,,,,,,,,,,
2020-11-12T02:24:00-CME-001,M2M_CATALOG,2020-11-12T02:24Z,,,2020-11-12,2T02,,,,,,,,,,,,,
2020-11-13T12:24:00-CME-001,M2M_CATALOG,2020-11-13T12:24Z,,,2020-11-13,3T12,,,,,,,,,,,,,
2020-11-17T08:36:00-CME-001,M2M_CATALOG,2020-11-17T08:36Z,,,2020-11-17,7T08,,,,,,,,,,,,,
2020-11-17T19:00:00-CME-001,M2M_CATALOG,2020-11-17T19:00Z,,,2020-11-17,7T19,,,,,,,,,,,,,
2020-10-28T13:42:00-CME-001,M2M_CATALOG,2020-10-28T13:42Z,,,2020-10-28,8T13,,,,,,,,,,,,,
2020-11-18T13:24:00-CME-001,M2M_CATALOG,2020-11-18T13:24Z,,,2020-11-18,8T13,,,,,,,,,,,,,
2020-11-18T13:36:00-CME-001,M2M_CATALOG,2020-11-18T13:36Z,,,2020-11-18,8T13,,,,,,,,,,,,,
2020-10-28T13:42:00-CME-001,M2M_CATALOG,2020-10-28T13:42Z,,,2020-10-28,8T13,,,,,,,,,,,,,
2020-11-18T13:24:00-CME-001,M2M_CATALOG,2020-11-18T13:24Z,,,2020-11-18,8T13,,,,,,,,,,,,,
2020-11-18T13:36:00-CME-001,M2M_CATALOG,2020-11-18T13:36Z,,,2020-11-18,8T13,,,,,,,,,,,,,
2020-11-18T21:48:00-CME-001,M2M_CATALOG,2020-11-18T21:48Z,S20E138,,2020-11-18,8T21,,,,,,,,,,,,,
2020-11-19T02:54:00-CME-001,M2M_CATALOG,2020-11-19T02:54Z,,,2020-11-19,9T02,,,,,,,,,,,,,
2020-11-19T03:12:00-CME-001,M2M_CATALOG,2020-11-19T03:12Z,N30E40,,2020-11-19,9T03,,,,,,,,,,,,,
2020-11-19T06:48:00-CME-001,M2M_CATALOG,2020-11-19T06:48Z,S23E49,,2020-11-19,9T06,,,,,,,,,,,,,
2020-11-19T15:12:00-CME-001,M2M_CATALOG,2020-11-19T15:12Z,,,2020-11-19,9T15,,,,,,,,,,,,,
2020-11-29T15:05:00-CME-001,M2M_CATALOG,2020-11-29T15:05Z,,12783.0,2020-11-29,9T15,,,,,,,,,,,,,
2020-11-20T19:51:00-CME-001,M2M_CATALOG,2020-11-20T19:51Z,,12783.0,2020-11-20,0T19,,,,,,,,,,,,,
2020-11-20T21:12:00-CME-001,M2M_CATALOG,2020-11-20T21:12Z,,,2020-11-20,0T21,,,,,,,,,,,,,
2020-11-11T19:36:00-CME-001,M2M_CATALOG,2020-11-11T19:36Z,S22E60,12782.0,2020-11-11,1T19,,,,,,,,,,,,,
2020-11-21T19:36:00-CME-001,M2M_CATALOG,2020-11-21T19:36Z,,,2020-11-21,1T19,,,,,,,,,,,,,
2020-12-11T19:09:00-CME-001,M2M_CATALOG,2020-12-11T19:09Z,,12791.0,2020-12-11,1T19,,,,,,,,,,,,,
2020-11-21T23:12:00-CME-001,M2M_CATALOG,2020-11-21T23:12Z,,,2020-11-21,1T23,,,,,,,,,,,,,
2020-11-22T01:36:00-CME-001,M2M_CATALOG,2020-11-22T01:36Z,,,2020-11-22,2T01,4660.0,b5cb34dc-1097-4719-bc48-2ad83885bc6a,Quimes,Oaked Arrogant Bastard Ale,English Brown Ale,Millennium,1728 - Scottish Ale,Vienna,44 IBU,8.2%,9.1°Blg,Argentina,1890.0
2020-11-23T18:48:00-CME-001,M2M_CATALOG,2020-11-23T18:48Z,,,2020-11-23,3T18,,,,,,,,,,,,,
2020-11-24T04:36:00-CME-001,M2M_CATALOG,2020-11-24T04:36Z,S20E65,12785.0,2020-11-24,4T04,,,,,,,,,,,,,
2020-11-24T11:24:00-CME-001,M2M_CATALOG,2020-11-24T11:24Z,,,2020-11-24,4T11,,,,,,,,,,,,,
2020-12-04T11:09:00-CME-001,M2M_CATALOG,2020-12-04T11:09Z,,,2020-12-04,4T11,,,,,,,,,,,,,
2020-11-24T13:24:00-CME-001,M2M_CATALOG,2020-11-24T13:24Z,,,2020-11-24,4T13,4664.0,27759d23-5a60-49b7-8117-d48a5d1e493f,Quimes,Ruination IPA,Wood-aged Beer,Magnum,1318 - London Ale III,Caramel,39 IBU,7.6%,9.2°Blg,Argentina,1890.0
2020-11-26T08:24:00-CME-001,M2M_CATALOG,2020-11-26T08:24Z,,,2020-11-26,6T08,,,,,,,,,,,,,
2020-11-26T21:24:00-CME-001,M2M_CATALOG,2020-11-26T21:24Z,N32E90,12787.0,2020-11-26,6T21,,,,,,,,,,,,,
2020-11-27T05:48:00-CME-001,M2M_CATALOG,2020-11-27T05:48Z,,,2020-11-27,7T05,,,,,,,,,,,,,
2020-11-29T13:24:00-CME-001,M2M_CATALOG,2020-11-29T13:24Z,S23E97,,2020-11-29,9T13,,,,,,,,,,,,,
2020-11-19T15:12:00-CME-001,M2M_CATALOG,2020-11-19T15:12Z,,,2020-11-19,9T15,,,,,,,,,,,,,
2020-11-29T15:05:00-CME-001,M2M_CATALOG,2020-11-29T15:05Z,,12783.0,2020-11-29,9T15,,,,,,,,,,,,,
2020-11-30T07:09:00-CME-001,M2M_CATALOG,2020-11-30T07:09Z,,,2020-11-30,0T07,,,,,,,,,,,,,
2020-12-01T05:48:00-CME-001,M2M_CATALOG,2020-12-01T05:48Z,S25E80,12790.0,2020-12-01,1T05,,,,,,,,,,,,,
2020-12-01T07:12:00-CME-001,M2M_CATALOG,2020-12-01T07:12Z,N35E30,12787.0,2020-12-01,1T07,,,,,,,,,,,,,
2020-12-03T11:12:00-CME-001,M2M_CATALOG,2020-12-03T11:12Z,S30E137,,2020-12-03,3T11,,,,,,,,,,,,,
2020-12-04T02:48:00-CME-001,M2M_CATALOG,2020-12-04T02:48Z,,,2020-12-04,4T02,,,,,,,,,,,,,
2020-11-24T11:24:00-CME-001,M2M_CATALOG,2020-11-24T11:24Z,,,2020-11-24,4T11,,,,,,,,,,,,,
2020-12-04T11:09:00-CME-001,M2M_CATALOG,2020-12-04T11:09Z,,,2020-12-04,4T11,,,,,,,,,,,,,
2020-12-06T22:00:00-CME-001,M2M_CATALOG,2020-12-06T22:00Z,,,2020-12-06,6T22,,,,,,,,,,,,,
2020-12-07T16:24:00-CME-001,M2M_CATALOG,2020-12-07T16:24Z,S23W11,12790.0,2020-12-07,7T16,,,,,,,,,,,,,
2020-12-07T18:36:00-CME-001,M2M_CATALOG,2020-12-07T18:36Z,S40W30,,2020-12-07,7T18,,,,,,,,,,,,,
2020-10-31T00:12:00-CME-001,M2M_CATALOG,2020-10-31T00:12Z,,,2020-10-31,1T00,,,,,,,,,,,,,
2020-12-11T00:36:00-CME-001,M2M_CATALOG,2020-12-11T00:36Z,,,2020-12-11,1T00,,,,,,,,,,,,,
2020-11-11T19:36:00-CME-001,M2M_CATALOG,2020-11-11T19:36Z,S22E60,12782.0,2020-11-11,1T19,,,,,,,,,,,,,
2020-11-21T19:36:00-CME-001,M2M_CATALOG,2020-11-21T19:36Z,,,2020-11-21,1T19,,,,,,,,,,,,,
2020-12-11T19:09:00-CME-001,M2M_CATALOG,2020-12-11T19:09Z,,12791.0,2020-12-11,1T19,,,,,,,,,,,,,
2020-12-12T04:12:00-CME-001,M2M_CATALOG,2020-12-12T04:12Z,,,2020-12-12,2T04,,,,,,,,,,,,,
2020-12-13T09:24:00-CME-001,M2M_CATALOG,2020-12-13T09:24Z,,,2020-12-13,3T09,,,,,,,,,,,,,
2020-12-14T15:12:00-CME-001,M2M_CATALOG,2020-12-14T15:12Z,S22E44,12792.0,2020-12-14,4T15,,,,,,,,,,,,,
2020-12-14T21:12:00-CME-001,M2M_CATALOG,2020-12-14T21:12Z,N40E110,,2020-12-14,4T21,,,,,,,,,,,,,
2020-12-17T06:48:00-CME-001,M2M_CATALOG,2020-12-17T06:48Z,,,2020-12-17,7T06,,,,,,,,,,,,,
2020-12-27T00:48:00-CME-001,M2M_CATALOG,2020-12-27T00:48Z,,,2020-12-27,7T00,,,,,,,,,,,,,
2020-12-30T02:24:00-CME-001,M2M_CATALOG,2020-12-30T02:24Z,S20E08,12795.0,2020-12-30,0T02,,,,,,,,,,,,,
2020-10-10T04:24:00-CME-001,M2M_CATALOG,2020-10-10T04:24Z,,,2020-10-10,0T04,,,,,,,,,,,,,
2020-10-13T21:12:00-CME-001,M2M_CATALOG,2020-10-13T21:12Z,S23W37,12775.0,2020-10-13,3T21,,,,,,,,,,,,,
2020-10-14T03:24:00-CME-001,M2M_CATALOG,2020-10-14T03:24Z,,,2020-10-14,4T03,,,,,,,,,,,,,
2020-10-15T11:24:00-CME-001,M2M_CATALOG,2020-10-15T11:24Z,,,2020-10-15,5T11,,,,,,,,,,,,,
2020-10-15T16:36:00-CME-001,M2M_CATALOG,2020-10-15T16:36Z,,,2020-10-15,5T16,,,,,,,,,,,,,
2020-10-16T13:36:00-CME-001,M2M_CATALOG,2020-10-16T13:36Z,,12774.0,2020-10-16,6T13,,,,,,,,,,,,,
2020-10-16T16:03:00-CME-001,M2M_CATALOG,2020-10-16T16:03Z,S23W66,12775.0,2020-10-16,6T16,,,,,,,,,,,,,
2020-10-18T09:24:00-CME-001,M2M_CATALOG,2020-10-18T09:24Z,,,2020-10-18,8T09,,,,,,,,,,,,,
2020-10-22T13:09:00-CME-001,M2M_CATALOG,2020-10-22T13:09Z,,,2020-10-22,2T13,,,,,,,,,,,,,
2020-10-23T04:39:00-CME-001,M2M_CATALOG,2020-10-23T04:39Z,,,2020-10-23,3T04,4697.0,c4b59963-7bee-4cbb-a2b7-023934f92e2b,Becks,Hennepin,Belgian Strong Ale,Magnum,2001 - Urquell Lager,Special roast,86 IBU,7.4%,18.3°Blg,Alemania,1873.0
2020-10-23T22:35:00-CME-001,M2M_CATALOG,2020-10-23T22:35Z,,,2020-10-23,3T22,,,,,,,,,,,,,
2020-10-26T09:12:00-CME-001,M2M_CATALOG,2020-10-26T09:12Z,,,2020-10-26,6T09,,,,,,,,,,,,,
2020-10-26T18:09:00-CME-001,M2M_CATALOG,2020-10-26T18:09Z,,,2020-10-26,6T18,,,,,,,,,,,,,
2020-10-27T03:39:00-CME-001,M2M_CATALOG,2020-10-27T03:39Z,,,2020-10-27,7T03,,,,,,,,,,,,,
2020-10-28T13:42:00-CME-001,M2M_CATALOG,2020-10-28T13:42Z,,,2020-10-28,8T13,,,,,,,,,,,,,
2020-11-18T13:24:00-CME-001,M2M_CATALOG,2020-11-18T13:24Z,,,2020-11-18,8T13,,,,,,,,,,,,,
2020-11-18T13:36:00-CME-001,M2M_CATALOG,2020-11-18T13:36Z,,,2020-11-18,8T13,,,,,,,,,,,,,
2020-10-29T01:54:00-CME-001,M2M_CATALOG,2020-10-29T01:54Z,S19W28,12779.0,2020-10-29,9T01,,,,,,,,,,,,,
2020-10-31T00:12:00-CME-001,M2M_CATALOG,2020-10-31T00:12Z,,,2020-10-31,1T00,,,,,,,,,,,,,
2020-12-11T00:36:00-CME-001,M2M_CATALOG,2020-12-11T00:36Z,,,2020-12-11,1T00,,,,,,,,,,,,,
2020-11-01T20:00:00-CME-001,M2M_CATALOG,2020-11-01T20:00Z,,,2020-11-01,1T20,,,,,,,,,,,,,
2020-11-02T05:24:00-CME-001,M2M_CATALOG,2020-11-02T05:24Z,,,2020-11-02,2T05,,,,,,,,,,,,,
2020-11-07T13:24:00-CME-001,M2M_CATALOG,2020-11-07T13:24Z,N19W01,12780.0,2020-11-07,7T13,,,,,,,,,,,,,
2020-11-08T20:12:00-CME-001,M2M_CATALOG,2020-11-08T20:12Z,,,2020-11-08,8T20,,,,,,,,,,,,,
2020-11-11T19:36:00-CME-001,M2M_CATALOG,2020-11-11T19:36Z,S22E60,12782.0,2020-11-11,1T19,,,,,,,,,,,,,
2020-11-21T19:36:00-CME-001,M2M_CATALOG,2020-11-21T19:36Z,,,2020-11-21,1T19,,,,,,,,,,,,,
2020-12-11T19:09:00-CME-001,M2M_CATALOG,2020-12-11T19:09Z,,12791.0,2020-12-11,1T19,,,,,,,,,,,,,
2020-11-12T02:24:00-CME-001,M2M_CATALOG,2020-11-12T02:24Z,,,2020-11-12,2T02,,,,,,,,,,,,,
2020-11-13T12:24:00-CME-001,M2M_CATALOG,2020-11-13T12:24Z,,,2020-11-13,3T12,,,,,,,,,,,,,
2020-11-17T08:36:00-CME-001,M2M_CATALOG,2020-11-17T08:36Z,,,2020-11-17,7T08,,,,,,,,,,,,,
2020-11-17T19:00:00-CME-001,M2M_CATALOG,2020-11-17T19:00Z,,,2020-11-17,7T19,,,,,,,,,,,,,
2020-10-28T13:42:00-CME-001,M2M_CATALOG,2020-10-28T13:42Z,,,2020-10-28,8T13,,,,,,,,,,,,,
2020-11-18T13:24:00-CME-001,M2M_CATALOG,2020-11-18T13:24Z,,,2020-11-18,8T13,,,,,,,,,,,,,
2020-11-18T13:36:00-CME-001,M2M_CATALOG,2020-11-18T13:36Z,,,2020-11-18,8T13,,,,,,,,,,,,,
2020-10-28T13:42:00-CME-001,M2M_CATALOG,2020-10-28T13:42Z,,,2020-10-28,8T13,,,,,,,,,,,,,
2020-11-18T13:24:00-CME-001,M2M_CATALOG,2020-11-18T13:24Z,,,2020-11-18,8T13,,,,,,,,,,,,,
2020-11-18T13:36:00-CME-001,M2M_CATALOG,2020-11-18T13:36Z,,,2020-11-18,8T13,,,,,,,,,,,,,
2020-11-18T21:48:00-CME-001,M2M_CATALOG,2020-11-18T21:48Z,S20E138,,2020-11-18,8T21,,,,,,,,,,,,,
2020-11-19T02:54:00-CME-001,M2M_CATALOG,2020-11-19T02:54Z,,,2020-11-19,9T02,,,,,,,,,,,,,
2020-11-19T03:12:00-CME-001,M2M_CATALOG,2020-11-19T03:12Z,N30E40,,2020-11-19,9T03,,,,,,,,,,,,,
2020-11-19T06:48:00-CME-001,M2M_CATALOG,2020-11-19T06:48Z,S23E49,,2020-11-19,9T06,,,,,,,,,,,,,
2020-11-19T15:12:00-CME-001,M2M_CATALOG,2020-11-19T15:12Z,,,2020-11-19,9T15,,,,,,,,,,,,,
2020-11-29T15:05:00-CME-001,M2M_CATALOG,2020-11-29T15:05Z,,12783.0,2020-11-29,9T15,,,,,,,,,,,,,
2020-10-10T04:24:00-CME-001,M2M_CATALOG,2020-10-10T04:24Z,,,2020-10-10,0T04,,,,,,,,,,,,,
2020-10-13T21:12:00-CME-001,M2M_CATALOG,2020-10-13T21:12Z,S23W37,12775.0,2020-10-13,3T21,,,,,,,,,,,,,
2020-10-14T03:24:00-CME-001,M2M_CATALOG,2020-10-14T03:24Z,,,2020-10-14,4T03,,,,,,,,,,,,,
2020-10-15T11:24:00-CME-001,M2M_CATALOG,2020-10-15T11:24Z,,,2020-10-15,5T11,,,,,,,,,,,,,
2020-10-15T16:36:00-CME-001,M2M_CATALOG,2020-10-15T16:36Z,,,2020-10-15,5T16,,,,,,,,,,,,,
2020-10-16T13:36:00-CME-001,M2M_CATALOG,2020-10-16T13:36Z,,12774.0,2020-10-16,6T13,,,,,,,,,,,,,
2020-10-16T16:03:00-CME-001,M2M_CATALOG,2020-10-16T16:03Z,S23W66,12775.0,2020-10-16,6T16,,,,,,,,,,,,,
2020-10-18T09:24:00-CME-001,M2M_CATALOG,2020-10-18T09:24Z,,,2020-10-18,8T09,,,,,,,,,,,,,
2020-10-22T13:09:00-CME-001,M2M_CATALOG,2020-10-22T13:09Z,,,2020-10-22,2T13,,,,,,,,,,,,,
2020-11-02T05:24:00-CME-001,M2M_CATALOG,2020-11-02T05:24Z,,,2020-11-02,2T05,,,,,,,,,,,,,
2020-11-07T13:24:00-CME-001,M2M_CATALOG,2020-11-07T13:24Z,N19W01,12780.0,2020-11-07,7T13,,,,,,,,,,,,,
2020-11-08T20:12:00-CME-001,M2M_CATALOG,2020-11-08T20:12Z,,,2020-11-08,8T20,,,,,,,,,,,,,
2020-11-11T19:36:00-CME-001,M2M_CATALOG,2020-11-11T19:36Z,S22E60,12782.0,2020-11-11,1T19,,,,,,,,,,,,,
2020-11-21T19:36:00-CME-001,M2M_CATALOG,2020-11-21T19:36Z,,,2020-11-21,1T19,,,,,,,,,,,,,
2020-12-11T19:09:00-CME-001,M2M_CATALOG,2020-12-11T19:09Z,,12791.0,2020-12-11,1T19,,,,,,,,,,,,,
2020-11-12T02:24:00-CME-001,M2M_CATALOG,2020-11-12T02:24Z,,,2020-11-12,2T02,,,,,,,,,,,,,
2020-11-13T12:24:00-CME-001,M2M_CATALOG,2020-11-13T12:24Z,,,2020-11-13,3T12,,,,,,,,,,,,,
2020-11-17T08:36:00-CME-001,M2M_CATALOG,2020-11-17T08:36Z,,,2020-11-17,7T08,,,,,,,,,,,,,
2020-11-17T19:00:00-CME-001,M2M_CATALOG,2020-11-17T19:00Z,,,2020-11-17,7T19,,,,,,,,,,,,,
2020-11-18T21:48:00-CME-001,M2M_CATALOG,2020-11-18T21:48Z,S20E138,,2020-11-18,8T21,,,,,,,,,,,,,
2020-11-19T02:54:00-CME-001,M2M_CATALOG,2020-11-19T02:54Z,,,2020-11-19,9T02,,,,,,,,,,,,,
2020-11-27T05:48:00-CME-001,M2M_CATALOG,2020-11-27T05:48Z,,,2020-11-27,7T05,,,,,,,,,,,,,
2020-11-29T13:24:00-CME-001,M2M_CATALOG,2020-11-29T13:24Z,S23E97,,2020-11-29,9T13,,,,,,,,,,,,,
2020-11-30T07:09:00-CME-001,M2M_CATALOG,2020-11-30T07:09Z,,,2020-11-30,0T07,,,,,,,,,,,,,
2020-12-01T05:48:00-CME-001,M2M_CATALOG,2020-12-01T05:48Z,S25E80,12790.0,2020-12-01,1T05,,,,,,,,,,,,,
2020-12-01T07:12:00-CME-001,M2M_CATALOG,2020-12-01T07:12Z,N35E30,12787.0,2020-12-01,1T07,,,,,,,,,,,,,
2020-12-03T11:12:00-CME-001,M2M_CATALOG,2020-12-03T11:12Z,S30E137,,2020-12-03,3T11,,,,,,,,,,,,,
2020-12-04T02:48:00-CME-001,M2M_CATALOG,2020-12-04T02:48Z,,,2020-12-04,4T02,,,,,,,,,,,,,
2020-12-06T22:00:00-CME-001,M2M_CATALOG,2020-12-06T22:00Z,,,2020-12-06,6T22,,,,,,,,,,,,,
2020-12-07T16:24:00-CME-001,M2M_CATALOG,2020-12-07T16:24Z,S23W11,12790.0,2020-12-07,7T16,,,,,,,,,,,,,
2020-12-07T18:36:00-CME-001,M2M_CATALOG,2020-12-07T18:36Z,S40W30,,2020-12-07,7T18,,,,,,,,,,,,,
2020-12-17T06:48:00-CME-001,M2M_CATALOG,2020-12-17T06:48Z,,,2020-12-17,7T06,,,,,,,,,,,,,
2020-12-27T00:48:00-CME-001,M2M_CATALOG,2020-12-27T00:48Z,,,2020-12-27,7T00,,,,,,,,,,,,,
2020-12-30T02:24:00-CME-001,M2M_CATALOG,2020-12-30T02:24Z,S20E08,12795.0,2020-12-30,0T02,,,,,,,,,,,,,
2020-10-10T04:24:00-CME-001,M2M_CATALOG,2020-10-10T04:24Z,,,2020-10-10,0T04,,,,,,,,,,,,,
2020-10-13T21:12:00-CME-001,M2M_CATALOG,2020-10-13T21:12Z,S23W37,12775.0,2020-10-13,3T21,,,,,,,,,,,,,
2020-10-14T03:24:00-CME-001,M2M_CATALOG,2020-10-14T03:24Z,,,2020-10-14,4T03,,,,,,,,,,,,,
2020-10-15T11:24:00-CME-001,M2M_CATALOG,2020-10-15T11:24Z,,,2020-10-15,5T11,,,,,,,,,,,,,
2020-10-15T16:36:00-CME-001,M2M_CATALOG,2020-10-15T16:36Z,,,2020-10-15,5T16,,,,,,,,,,,,,
2020-10-16T13:36:00-CME-001,M2M_CATALOG,2020-10-16T13:36Z,,12774.0,2020-10-16,6T13,,,,,,,,,,,,,
2020-10-16T16:03:00-CME-001,M2M_CATALOG,2020-10-16T16:03Z,S23W66,12775.0,2020-10-16,6T16,4759.0,0fb53fc5-837b-454f-9681-5c4134e57d7b,Blue Moon,Schneider Aventinus,Fruit Beer,Hallertau,1010 - American Wheat,Caramel,68 IBU,3.3%,12.8°Blg,Estados Unidos,1995.0
2020-10-18T09:24:00-CME-001,M2M_CATALOG,2020-10-18T09:24Z,,,2020-10-18,8T09,,,,,,,,,,,,,
2020-10-22T13:09:00-CME-001,M2M_CATALOG,2020-10-22T13:09Z,,,2020-10-22,2T13,,,,,,,,,,,,,
2020-11-02T05:24:00-CME-001,M2M_CATALOG,2020-11-02T05:24Z,,,2020-11-02,2T05,,,,,,,,,,,,,
2020-11-07T13:24:00-CME-001,M2M_CATALOG,2020-11-07T13:24Z,N19W01,12780.0,2020-11-07,7T13,,,,,,,,,,,,,
2020-11-08T20:12:00-CME-001,M2M_CATALOG,2020-11-08T20:12Z,,,2020-11-08,8T20,,,,,,,,,,,,,
2020-11-11T19:36:00-CME-001,M2M_CATALOG,2020-11-11T19:36Z,S22E60,12782.0,2020-11-11,1T19,,,,,,,,,,,,,
2020-11-21T19:36:00-CME-001,M2M_CATALOG,2020-11-21T19:36Z,,,2020-11-21,1T19,,,,,,,,,,,,,
2020-12-11T19:09:00-CME-001,M2M_CATALOG,2020-12-11T19:09Z,,12791.0,2020-12-11,1T19,,,,,,,,,,,,,
2020-11-12T02:24:00-CME-001,M2M_CATALOG,2020-11-12T02:24Z,,,2020-11-12,2T02,,,,,,,,,,,,,
2020-11-13T12:24:00-CME-001,M2M_CATALOG,2020-11-13T12:24Z,,,2020-11-13,3T12,,,,,,,,,,,,,
2020-11-17T08:36:00-CME-001,M2M_CATALOG,2020-11-17T08:36Z,,,2020-11-17,7T08,,,,,,,,,,,,,
2020-11-17T19:00:00-CME-001,M2M_CATALOG,2020-11-17T19:00Z,,,2020-11-17,7T19,,,,,,,,,,,,,
2020-11-18T21:48:00-CME-001,M2M_CATALOG,2020-11-18T21:48Z,S20E138,,2020-11-18,8T21,,,,,,,,,,,,,
2020-11-19T02:54:00-CME-001,M2M_CATALOG,2020-11-19T02:54Z,,,2020-11-19,9T02,,,,,,,,,,,,,
2020-11-27T05:48:00-CME-001,M2M_CATALOG,2020-11-27T05:48Z,,,2020-11-27,7T05,,,,,,,,,,,,,
2020-11-29T13:24:00-CME-001,M2M_CATALOG,2020-11-29T13:24Z,S23E97,,2020-11-29,9T13,,,,,,,,,,,,,
2020-11-30T07:09:00-CME-001,M2M_CATALOG,2020-11-30T07:09Z,,,2020-11-30,0T07,,,,,,,,,,,,,
2020-12-01T05:48:00-CME-001,M2M_CATALOG,2020-12-01T05:48Z,S25E80,12790.0,2020-12-01,1T05,,,,,,,,,,,,,
2020-12-01T07:12:00-CME-001,M2M_CATALOG,2020-12-01T07:12Z,N35E30,12787.0,2020-12-01,1T07,,,,,,,,,,,,,
2020-12-03T11:12:00-CME-001,M2M_CATALOG,2020-12-03T11:12Z,S30E137,,2020-12-03,3T11,,,,,,,,,,,,,
2020-12-04T02:48:00-CME-001,M2M_CATALOG,2020-12-04T02:48Z,,,2020-12-04,4T02,,,,,,,,,,,,,
2020-12-06T22:00:00-CME-001,M2M_CATALOG,2020-12-06T22:00Z,,,2020-12-06,6T22,,,,,,,,,,,,,
2020-12-07T16:24:00-CME-001,M2M_CATALOG,2020-12-07T16:24Z,S23W11,12790.0,2020-12-07,7T16,,,,,,,,,,,,,
2020-12-07T18:36:00-CME-001,M2M_CATALOG,2020-12-07T18:36Z,S40W30,,2020-12-07,7T18,,,,,,,,,,,,,
2020-12-17T06:48:00-CME-001,M2M_CATALOG,2020-12-17T06:48Z,,,2020-12-17,7T06,,,,,,,,,,,,,
2020-12-27T00:48:00-CME-001,M2M_CATALOG,2020-12-27T00:48Z,,,2020-12-27,7T00,,,,,,,,,,,,,
2020-12-30T02:24:00-CME-001,M2M_CATALOG,2020-12-30T02:24Z,S20E08,12795.0,2020-12-30,0T02,,,,,,,,,,,,,
2020-10-10T04:24:00-CME-001,M2M_CATALOG,2020-10-10T04:24Z,,,2020-10-10,0T04,,,,,,,,,,,,,
2020-10-13T21:12:00-CME-001,M2M_CATALOG,2020-10-13T21:12Z,S23W37,12775.0,2020-10-13,3T21,,,,,,,,,,,,,
2020-10-14T03:24:00-CME-001,M2M_CATALOG,2020-10-14T03:24Z,,,2020-10-14,4T03,,,,,,,,,,,,,
2020-10-15T11:24:00-CME-001,M2M_CATALOG,2020-10-15T11:24Z,,,2020-10-15,5T11,,,,,,,,,,,,,
2020-10-15T16:36:00-CME-001,M2M_CATALOG,2020-10-15T16:36Z,,,2020-10-15,5T16,,,,,,,,,,,,,
2020-10-16T13:36:00-CME-001,M2M_CATALOG,2020-10-16T13:36Z,,12774.0,2020-10-16,6T13,,,,,,,,,,,,,
2020-10-16T16:03:00-CME-001,M2M_CATALOG,2020-10-16T16:03Z,S23W66,12775.0,2020-10-16,6T16,,,,,,,,,,,,,
2020-10-18T09:24:00-CME-001,M2M_CATALOG,2020-10-18T09:24Z,,,2020-10-18,8T09,,,,,,,,,,,,,
2020-10-22T13:09:00-CME-001,M2M_CATALOG,2020-10-22T13:09Z,,,2020-10-22,2T13,,,,,,,,,,,,,
2020-11-02T05:24:00-CME-001,M2M_CATALOG,2020-11-02T05:24Z,,,2020-11-02,2T05,,,,,,,,,,,,,
2020-11-07T13:24:00-CME-001,M2M_CATALOG,2020-11-07T13:24Z,N19W01,12780.0,2020-11-07,7T13,,,,,,,,,,,,,
2020-11-08T20:12:00-CME-001,M2M_CATALOG,2020-11-08T20:12Z,,,2020-11-08,8T20,,,,,,,,,,,,,
2020-11-11T19:36:00-CME-001,M2M_CATALOG,2020-11-11T19:36Z,S22E60,12782.0,2020-11-11,1T19,,,,,,,,,,,,,
2020-11-21T19:36:00-CME-001,M2M_CATALOG,2020-11-21T19:36Z,,,2020-11-21,1T19,,,,,,,,,,,,,
2020-12-11T19:09:00-CME-001,M2M_CATALOG,2020-12-11T19:09Z,,12791.0,2020-12-11,1T19,,,,,,,,,,,,,
2020-11-12T02:24:00-CME-001,M2M_CATALOG,2020-11-12T02:24Z,,,2020-11-12,2T02,,,,,,,,,,,,,
2020-11-13T12:24:00-CME-001,M2M_CATALOG,2020-11-13T12:24Z,,,2020-11-13,3T12,,,,,,,,,,,,,
2020-11-17T08:36:00-CME-001,M2M_CATALOG,2020-11-17T08:36Z,,,2020-11-17,7T08,,,,,,,,,,,,,
2020-11-17T19:00:00-CME-001,M2M_CATALOG,2020-11-17T19:00Z,,,2020-11-17,7T19,,,,,,,,,,,,,
2020-11-18T21:48:00-CME-001,M2M_CATALOG,2020-11-18T21:48Z,S20E138,,2020-11-18,8T21,,,,,,,,,,,,,
2020-11-19T02:54:00-CME-001,M2M_CATALOG,2020-11-19T02:54Z,,,2020-11-19,9T02,,,,,,,,,,,,,
2020-11-27T05:48:00-CME-001,M2M_CATALOG,2020-11-27T05:48Z,,,2020-11-27,7T05,,,,,,,,,,,,,
2020-11-29T13:24:00-CME-001,M2M_CATALOG,2020-11-29T13:24Z,S23E97,,2020-11-29,9T13,,,,,,,,,,,,,
2020-11-30T07:09:00-CME-001,M2M_CATALOG,2020-11-30T07:09Z,,,2020-11-30,0T07,,,,,,,,,,,,,
2020-12-01T05:48:00-CME-001,M2M_CATALOG,2020-12-01T05:48Z,S25E80,12790.0,2020-12-01,1T05,,,,,,,,,,,,,
2020-12-01T07:12:00-CME-001,M2M_CATALOG,2020-12-01T07:12Z,N35E30,12787.0,2020-12-01,1T07,,,,,,,,,,,,,
2020-12-03T11:12:00-CME-001,M2M_CATALOG,2020-12-03T11:12Z,S30E137,,2020-12-03,3T11,,,,,,,,,,,,,
2020-12-04T02:48:00-CME-001,M2M_CATALOG,2020-12-04T02:48Z,,,2020-12-04,4T02,,,,,,,,,,,,,
2020-12-06T22:00:00-CME-001,M2M_CATALOG,2020-12-06T22:00Z,,,2020-12-06,6T22,,,,,,,,,,,,,
2020-12-07T16:24:00-CME-001,M2M_CATALOG,2020-12-07T16:24Z,S23W11,12790.0,2020-12-07,7T16,,,,,,,,,,,,,
2020-12-07T18:36:00-CME-001,M2M_CATALOG,2020-12-07T18:36Z,S40W30,,2020-12-07,7T18,,,,,,,,,,,,,
2020-12-17T06:48:00-CME-001,M2M_CATALOG,2020-12-17T06:48Z,,,2020-12-17,7T06,,,,,,,,,,,,,
2020-12-27T00:48:00-CME-001,M2M_CATALOG,2020-12-27T00:48Z,,,2020-12-27,7T00,,,,,,,,,,,,,
2020-12-30T02:24:00-CME-001,M2M_CATALOG,2020-12-30T02:24Z,S20E08,12795.0,2020-12-30,0T02,,,,,,,,,,,,,
2020-10-23T04:39:00-CME-001,M2M_CATALOG,2020-10-23T04:39Z,,,2020-10-23,3T04,,,,,,,,,,,,,
2020-10-23T22:35:00-CME-001,M2M_CATALOG,2020-10-23T22:35Z,,,2020-10-23,3T22,,,,,,,,,,,,,
2020-10-10T04:24:00-CME-001,M2M_CATALOG,2020-10-10T04:24Z,,,2020-10-10,0T04,,,,,,,,,,,,,
2020-10-13T21:12:00-CME-001,M2M_CATALOG,2020-10-13T21:12Z,S23W37,12775.0,2020-10-13,3T21,,,,,,,,,,,,,
2020-10-14T03:24:00-CME-001,M2M_CATALOG,2020-10-14T03:24Z,,,2020-10-14,4T03,,,,,,,,,,,,,
2020-10-15T11:24:00-CME-001,M2M_CATALOG,2020-10-15T11:24Z,,,2020-10-15,5T11,,,,,,,,,,,,,
2020-10-15T16:36:00-CME-001,M2M_CATALOG,2020-10-15T16:36Z,,,2020-10-15,5T16,,,,,,,,,,,,,
2020-10-16T13:36:00-CME-001,M2M_CATALOG,2020-10-16T13:36Z,,12774.0,2020-10-16,6T13,4824.0,a76e95f3-c227-4e9b-a2c8-093633acd30d,Stella Artois,Samuel Smith’s Imperial IPA,Porter,Perle,3944 - Belgian Witbier,Wheat mal,77 IBU,8.5%,10.4°Blg,Belgica,1926.0
2020-10-16T16:03:00-CME-001,M2M_CATALOG,2020-10-16T16:03Z,S23W66,12775.0,2020-10-16,6T16,,,,,,,,,,,,,
2020-10-18T09:24:00-CME-001,M2M_CATALOG,2020-10-18T09:24Z,,,2020-10-18,8T09,,,,,,,,,,,,,
2020-10-22T13:09:00-CME-001,M2M_CATALOG,2020-10-22T13:09Z,,,2020-10-22,2T13,,,,,,,,,,,,,
2020-10-23T04:39:00-CME-001,M2M_CATALOG,2020-10-23T04:39Z,,,2020-10-23,3T04,,,,,,,,,,,,,
2020-10-23T22:35:00-CME-001,M2M_CATALOG,2020-10-23T22:35Z,,,2020-10-23,3T22,,,,,,,,,,,,,
2020-10-26T09:12:00-CME-001,M2M_CATALOG,2020-10-26T09:12Z,,,2020-10-26,6T09,,,,,,,,,,,,,
2020-10-26T18:09:00-CME-001,M2M_CATALOG,2020-10-26T18:09Z,,,2020-10-26,6T18,,,,,,,,,,,,,
2020-10-27T03:39:00-CME-001,M2M_CATALOG,2020-10-27T03:39Z,,,2020-10-27,7T03,,,,,,,,,,,,,
2020-10-28T13:42:00-CME-001,M2M_CATALOG,2020-10-28T13:42Z,,,2020-10-28,8T13,,,,,,,,,,,,,
2020-11-18T13:24:00-CME-001,M2M_CATALOG,2020-11-18T13:24Z,,,2020-11-18,8T13,,,,,,,,,,,,,
2020-11-18T13:36:00-CME-001,M2M_CATALOG,2020-11-18T13:36Z,,,2020-11-18,8T13,,,,,,,,,,,,,
2020-10-29T01:54:00-CME-001,M2M_CATALOG,2020-10-29T01:54Z,S19W28,12779.0,2020-10-29,9T01,,,,,,,,,,,,,
2020-10-31T00:12:00-CME-001,M2M_CATALOG,2020-10-31T00:12Z,,,2020-10-31,1T00,,,,,,,,,,,,,
2020-12-11T00:36:00-CME-001,M2M_CATALOG,2020-12-11T00:36Z,,,2020-12-11,1T00,,,,,,,,,,,,,
2020-11-01T20:00:00-CME-001,M2M_CATALOG,2020-11-01T20:00Z,,,2020-11-01,1T20,,,,,,,,,,,,,
2020-11-02T05:24:00-CME-001,M2M_CATALOG,2020-11-02T05:24Z,,,2020-11-02,2T05,,,,,,,,,,,,,
2020-11-07T13:24:00-CME-001,M2M_CATALOG,2020-11-07T13:24Z,N19W01,12780.0,2020-11-07,7T13,,,,,,,,,,,,,
2020-11-08T20:12:00-CME-001,M2M_CATALOG,2020-11-08T20:12Z,,,2020-11-08,8T20,,,,,,,,,,,,,
2020-11-11T19:36:00-CME-001,M2M_CATALOG,2020-11-11T19:36Z,S22E60,12782.0,2020-11-11,1T19,,,,,,,,,,,,,
2020-11-21T19:36:00-CME-001,M2M_CATALOG,2020-11-21T19:36Z,,,2020-11-21,1T19,,,,,,,,,,,,,
2020-12-11T19:09:00-CME-001,M2M_CATALOG,2020-12-11T19:09Z,,12791.0,2020-12-11,1T19,,,,,,,,,,,,,
2020-11-12T02:24:00-CME-001,M2M_CATALOG,2020-11-12T02:24Z,,,2020-11-12,2T02,,,,,,,,,,,,,
2020-11-13T12:24:00-CME-001,M2M_CATALOG,2020-11-13T12:24Z,,,2020-11-13,3T12,,,,,,,,,,,,,
2020-11-17T08:36:00-CME-001,M2M_CATALOG,2020-11-17T08:36Z,,,2020-11-17,7T08,,,,,,,,,,,,,
2020-11-17T19:00:00-CME-001,M2M_CATALOG,2020-11-17T19:00Z,,,2020-11-17,7T19,,,,,,,,,,,,,
2020-10-28T13:42:00-CME-001,M2M_CATALOG,2020-10-28T13:42Z,,,2020-10-28,8T13,,,,,,,,,,,,,
2020-11-18T13:24:00-CME-001,M2M_CATALOG,2020-11-18T13:24Z,,,2020-11-18,8T13,,,,,,,,,,,,,
2020-11-18T13:36:00-CME-001,M2M_CATALOG,2020-11-18T13:36Z,,,2020-11-18,8T13,,,,,,,,,,,,,
2020-10-28T13:42:00-CME-001,M2M_CATALOG,2020-10-28T13:42Z,,,2020-10-28,8T13,,,,,,,,,,,,,
2020-11-18T13:24:00-CME-001,M2M_CATALOG,2020-11-18T13:24Z,,,2020-11-18,8T13,,,,,,,,,,,,,
2020-11-18T13:36:00-CME-001,M2M_CATALOG,2020-11-18T13:36Z,,,2020-11-18,8T13,,,,,,,,,,,,,
2020-11-18T21:48:00-CME-001,M2M_CATALOG,2020-11-18T21:48Z,S20E138,,2020-11-18,8T21,,,,,,,,,,,,,
2020-11-19T02:54:00-CME-001,M2M_CATALOG,2020-11-19T02:54Z,,,2020-11-19,9T02,,,,,,,,,,,,,
2020-11-19T03:12:00-CME-001,M2M_CATALOG,2020-11-19T03:12Z,N30E40,,2020-11-19,9T03,,,,,,,,,,,,,
2020-11-19T06:48:00-CME-001,M2M_CATALOG,2020-11-19T06:48Z,S23E49,,2020-11-19,9T06,,,,,,,,,,,,,
2020-11-19T15:12:00-CME-001,M2M_CATALOG,2020-11-19T15:12Z,,,2020-11-19,9T15,,,,,,,,,,,,,
2020-11-29T15:05:00-CME-001,M2M_CATALOG,2020-11-29T15:05Z,,12783.0,2020-11-29,9T15,,,,,,,,,,,,,
2020-11-20T19:51:00-CME-001,M2M_CATALOG,2020-11-20T19:51Z,,12783.0,2020-11-20,0T19,,,,,,,,,,,,,
2020-11-20T21:12:00-CME-001,M2M_CATALOG,2020-11-20T21:12Z,,,2020-11-20,0T21,,,,,,,,,,,,,
2020-11-11T19:36:00-CME-001,M2M_CATALOG,2020-11-11T19:36Z,S22E60,12782.0,2020-11-11,1T19,,,,,,,,,,,,,
2020-11-21T19:36:00-CME-001,M2M_CATALOG,2020-11-21T19:36Z,,,2020-11-21,1T19,,,,,,,,,,,,,
2020-12-11T19:09:00-CME-001,M2M_CATALOG,2020-12-11T19:09Z,,12791.0,2020-12-11,1T19,,,,,,,,,,,,,
2020-11-21T23:12:00-CME-001,M2M_CATALOG,2020-11-21T23:12Z,,,2020-11-21,1T23,,,,,,,,,,,,,
2020-11-22T01:36:00-CME-001,M2M_CATALOG,2020-11-22T01:36Z,,,2020-11-22,2T01,,,,,,,,,,,,,
2020-11-23T18:48:00-CME-001,M2M_CATALOG,2020-11-23T18:48Z,,,2020-11-23,3T18,,,,,,,,,,,,,
2020-11-24T04:36:00-CME-001,M2M_CATALOG,2020-11-24T04:36Z,S20E65,12785.0,2020-11-24,4T04,,,,,,,,,,,,,
2020-11-24T11:24:00-CME-001,M2M_CATALOG,2020-11-24T11:24Z,,,2020-11-24,4T11,,,,,,,,,,,,,
2020-12-04T11:09:00-CME-001,M2M_CATALOG,2020-12-04T11:09Z,,,2020-12-04,4T11,,,,,,,,,,,,,
2020-11-24T13:24:00-CME-001,M2M_CATALOG,2020-11-24T13:24Z,,,2020-11-24,4T13,,,,,,,,,,,,,
2020-11-26T08:24:00-CME-001,M2M_CATALOG,2020-11-26T08:24Z,,,2020-11-26,6T08,,,,,,,,,,,,,
2020-11-26T21:24:00-CME-001,M2M_CATALOG,2020-11-26T21:24Z,N32E90,12787.0,2020-11-26,6T21,4862.0,72db4594-bba6-45fa-b56a-3bddee9e0a8c,Guinness,90 Minute IPA,Sour Ale,Summit,2308 - Munich Lager,Black malt,45 IBU,2.0%,16.1°Blg,Irlanda,1759.0
2020-11-27T05:48:00-CME-001,M2M_CATALOG,2020-11-27T05:48Z,,,2020-11-27,7T05,,,,,,,,,,,,,
2020-11-29T13:24:00-CME-001,M2M_CATALOG,2020-11-29T13:24Z,S23E97,,2020-11-29,9T13,,,,,,,,,,,,,
2020-11-19T15:12:00-CME-001,M2M_CATALOG,2020-11-19T15:12Z,,,2020-11-19,9T15,4865.0,5e3f8a2a-ae99-4977-b60f-ee9931ce80ee,Stella Artois,Celebrator Doppelbock,Strong Ale,Amarillo,5733 - Pediococcus,Special roast,55 IBU,7.3%,9.5°Blg,Belgica,1926.0
2020-11-29T15:05:00-CME-001,M2M_CATALOG,2020-11-29T15:05Z,,12783.0,2020-11-29,9T15,4865.0,5e3f8a2a-ae99-4977-b60f-ee9931ce80ee,Stella Artois,Celebrator Doppelbock,Strong Ale,Amarillo,5733 - Pediococcus,Special roast,55 IBU,7.3%,9.5°Blg,Belgica,1926.0
2020-11-30T07:09:00-CME-001,M2M_CATALOG,2020-11-30T07:09Z,,,2020-11-30,0T07,,,,,,,,,,,,,
2020-12-01T05:48:00-CME-001,M2M_CATALOG,2020-12-01T05:48Z,S25E80,12790.0,2020-12-01,1T05,,,,,,,,,,,,,
2020-12-01T07:12:00-CME-001,M2M_CATALOG,2020-12-01T07:12Z,N35E30,12787.0,2020-12-01,1T07,,,,,,,,,,,,,
2020-12-03T11:12:00-CME-001,M2M_CATALOG,2020-12-03T11:12Z,S30E137,,2020-12-03,3T11,4869.0,1c57452d-b602-4376-aafd-a86f6ab50477,Murphys,Brooklyn Black,Bock,Comet,2007 - Pilsen Lager,Vienna,76 IBU,9.6%,12.4°Blg,Irlanda,1856.0
2020-12-04T02:48:00-CME-001,M2M_CATALOG,2020-12-04T02:48Z,,,2020-12-04,4T02,,,,,,,,,,,,,
2020-11-24T11:24:00-CME-001,M2M_CATALOG,2020-11-24T11:24Z,,,2020-11-24,4T11,,,,,,,,,,,,,
2020-12-04T11:09:00-CME-001,M2M_CATALOG,2020-12-04T11:09Z,,,2020-12-04,4T11,,,,,,,,,,,,,
2020-12-06T22:00:00-CME-001,M2M_CATALOG,2020-12-06T22:00Z,,,2020-12-06,6T22,,,,,,,,,,,,,
2020-12-07T16:24:00-CME-001,M2M_CATALOG,2020-12-07T16:24Z,S23W11,12790.0,2020-12-07,7T16,,,,,,,,,,,,,
2020-12-07T18:36:00-CME-001,M2M_CATALOG,2020-12-07T18:36Z,S40W30,,2020-12-07,7T18,,,,,,,,,,,,,
2020-10-31T00:12:00-CME-001,M2M_CATALOG,2020-10-31T00:12Z,,,2020-10-31,1T00,,,,,,,,,,,,,
2020-12-11T00:36:00-CME-001,M2M_CATALOG,2020-12-11T00:36Z,,,2020-12-11,1T00,,,,,,,,,,,,,
2020-11-11T19:36:00-CME-001,M2M_CATALOG,2020-11-11T19:36Z,S22E60,12782.0,2020-11-11,1T19,,,,,,,,,,,,,
2020-11-21T19:36:00-CME-001,M2M_CATALOG,2020-11-21T19:36Z,,,2020-11-21,1T19,,,,,,,,,,,,,
2020-12-11T19:09:00-CME-001,M2M_CATALOG,2020-12-11T19:09Z,,12791.0,2020-12-11,1T19,,,,,,,,,,,,,
2020-12-12T04:12:00-CME-001,M2M_CATALOG,2020-12-12T04:12Z,,,2020-12-12,2T04,,,,,,,,,,,,,
2020-12-13T09:24:00-CME-001,M2M_CATALOG,2020-12-13T09:24Z,,,2020-12-13,3T09,,,,,,,,,,,,,
2020-12-14T15:12:00-CME-001,M2M_CATALOG,2020-12-14T15:12Z,S22E44,12792.0,2020-12-14,4T15,,,,,,,,,,,,,
2020-12-14T21:12:00-CME-001,M2M_CATALOG,2020-12-14T21:12Z,N40E110,,2020-12-14,4T21,,,,,,,,,,,,,
2020-12-17T06:48:00-CME-001,M2M_CATALOG,2020-12-17T06:48Z,,,2020-12-17,7T06,,,,,,,,,,,,,
2020-12-27T00:48:00-CME-001,M2M_CATALOG,2020-12-27T00:48Z,,,2020-12-27,7T00,,,,,,,,,,,,,
2020-12-30T02:24:00-CME-001,M2M_CATALOG,2020-12-30T02:24Z,S20E08,12795.0,2020-12-30,0T02,,,,,,,,,,,,,
2020-10-10T04:24:00-CME-001,M2M_CATALOG,2020-10-10T04:24Z,,,2020-10-10,0T04,,,,,,,,,,,,,
2020-10-13T21:12:00-CME-001,M2M_CATALOG,2020-10-13T21:12Z,S23W37,12775.0,2020-10-13,3T21,,,,,,,,,,,,,
2020-10-14T03:24:00-CME-001,M2M_CATALOG,2020-10-14T03:24Z,,,2020-10-14,4T03,,,,,,,,,,,,,
2020-10-15T11:24:00-CME-001,M2M_CATALOG,2020-10-15T11:24Z,,,2020-10-15,5T11,,,,,,,,,,,,,
2020-10-15T16:36:00-CME-001,M2M_CATALOG,2020-10-15T16:36Z,,,2020-10-15,5T16,,,,,,,,,,,,,
2020-10-16T13:36:00-CME-001,M2M_CATALOG,2020-10-16T13:36Z,,12774.0,2020-10-16,6T13,,,,,,,,,,,,,
2020-10-16T16:03:00-CME-001,M2M_CATALOG,2020-10-16T16:03Z,S23W66,12775.0,2020-10-16,6T16,,,,,,,,,,,,,
2020-10-18T09:24:00-CME-001,M2M_CATALOG,2020-10-18T09:24Z,,,2020-10-18,8T09,,,,,,,,,,,,,
2020-10-22T13:09:00-CME-001,M2M_CATALOG,2020-10-22T13:09Z,,,2020-10-22,2T13,,,,,,,,,,,,,
2020-10-23T04:39:00-CME-001,M2M_CATALOG,2020-10-23T04:39Z,,,2020-10-23,3T04,,,,,,,,,,,,,
2020-10-23T22:35:00-CME-001,M2M_CATALOG,2020-10-23T22:35Z,,,2020-10-23,3T22,,,,,,,,,,,,,
2020-10-26T09:12:00-CME-001,M2M_CATALOG,2020-10-26T09:12Z,,,2020-10-26,6T09,,,,,,,,,,,,,
2020-10-26T18:09:00-CME-001,M2M_CATALOG,2020-10-26T18:09Z,,,2020-10-26,6T18,,,,,,,,,,,,,
2020-10-27T03:39:00-CME-001,M2M_CATALOG,2020-10-27T03:39Z,,,2020-10-27,7T03,,,,,,,,,,,,,
2020-10-28T13:42:00-CME-001,M2M_CATALOG,2020-10-28T13:42Z,,,2020-10-28,8T13,,,,,,,,,,,,,
2020-11-18T13:24:00-CME-001,M2M_CATALOG,2020-11-18T13:24Z,,,2020-11-18,8T13,,,,,,,,,,,,,
2020-11-18T13:36:00-CME-001,M2M_CATALOG,2020-11-18T13:36Z,,,2020-11-18,8T13,,,,,,,,,,,,,
2020-10-29T01:54:00-CME-001,M2M_CATALOG,2020-10-29T01:54Z,S19W28,12779.0,2020-10-29,9T01,,,,,,,,,,,,,
2020-10-31T00:12:00-CME-001,M2M_CATALOG,2020-10-31T00:12Z,,,2020-10-31,1T00,,,,,,,,,,,,,
2020-12-11T00:36:00-CME-001,M2M_CATALOG,2020-12-11T00:36Z,,,2020-12-11,1T00,,,,,,,,,,,,,
2020-11-01T20:00:00-CME-001,M2M_CATALOG,2020-11-01T20:00Z,,,2020-11-01,1T20,,,,,,,,,,,,,
2020-11-02T05:24:00-CME-001,M2M_CATALOG,2020-11-02T05:24Z,,,2020-11-02,2T05,,,,,,,,,,,,,
2020-11-07T13:24:00-CME-001,M2M_CATALOG,2020-11-07T13:24Z,N19W01,12780.0,2020-11-07,7T13,,,,,,,,,,,,,
2020-11-08T20:12:00-CME-001,M2M_CATALOG,2020-11-08T20:12Z,,,2020-11-08,8T20,,,,,,,,,,,,,
2020-11-11T19:36:00-CME-001,M2M_CATALOG,2020-11-11T19:36Z,S22E60,12782.0,2020-11-11,1T19,,,,,,,,,,,,,
2020-11-21T19:36:00-CME-001,M2M_CATALOG,2020-11-21T19:36Z,,,2020-11-21,1T19,,,,,,,,,,,,,
2020-12-11T19:09:00-CME-001,M2M_CATALOG,2020-12-11T19:09Z,,12791.0,2020-12-11,1T19,,,,,,,,,,,,,
2020-11-12T02:24:00-CME-001,M2M_CATALOG,2020-11-12T02:24Z,,,2020-11-12,2T02,,,,,,,,,,,,,
2020-11-13T12:24:00-CME-001,M2M_CATALOG,2020-11-13T12:24Z,,,2020-11-13,3T12,,,,,,,,,,,,,
2020-11-17T08:36:00-CME-001,M2M_CATALOG,2020-11-17T08:36Z,,,2020-11-17,7T08,,,,,,,,,,,,,
2020-11-17T19:00:00-CME-001,M2M_CATALOG,2020-11-17T19:00Z,,,2020-11-17,7T19,,,,,,,,,,,,,
2020-10-28T13:42:00-CME-001,M2M_CATALOG,2020-10-28T13:42Z,,,2020-10-28,8T13,,,,,,,,,,,,,
2020-11-18T13:24:00-CME-001,M2M_CATALOG,2020-11-18T13:24Z,,,2020-11-18,8T13,,,,,,,,,,,,,
2020-11-18T13:36:00-CME-001,M2M_CATALOG,2020-11-18T13:36Z,,,2020-11-18,8T13,,,,,,,,,,,,,
2020-10-28T13:42:00-CME-001,M2M_CATALOG,2020-10-28T13:42Z,,,2020-10-28,8T13,,,,,,,,,,,,,
2020-11-18T13:24:00-CME-001,M2M_CATALOG,2020-11-18T13:24Z,,,2020-11-18,8T13,,,,,,,,,,,,,
2020-11-18T13:36:00-CME-001,M2M_CATALOG,2020-11-18T13:36Z,,,2020-11-18,8T13,,,,,,,,,,,,,
2020-11-18T21:48:00-CME-001,M2M_CATALOG,2020-11-18T21:48Z,S20E138,,2020-11-18,8T21,,,,,,,,,,,,,
2020-11-19T02:54:00-CME-001,M2M_CATALOG,2020-11-19T02:54Z,,,2020-11-19,9T02,,,,,,,,,,,,,
2020-11-19T03:12:00-CME-001,M2M_CATALOG,2020-11-19T03:12Z,N30E40,,2020-11-19,9T03,,,,,,,,,,,,,
2020-11-19T06:48:00-CME-001,M2M_CATALOG,2020-11-19T06:48Z,S23E49,,2020-11-19,9T06,,,,,,,,,,,,,
2020-11-19T15:12:00-CME-001,M2M_CATALOG,2020-11-19T15:12Z,,,2020-11-19,9T15,,,,,,,,,,,,,
2020-11-29T15:05:00-CME-001,M2M_CATALOG,2020-11-29T15:05Z,,12783.0,2020-11-29,9T15,,,,,,,,,,,,,
2020-11-20T19:51:00-CME-001,M2M_CATALOG,2020-11-20T19:51Z,,12783.0,2020-11-20,0T19,,,,,,,,,,,,,
2020-10-10T04:24:00-CME-001,M2M_CATALOG,2020-10-10T04:24Z,,,2020-10-10,0T04,,,,,,,,,,,,,
2020-10-13T21:12:00-CME-001,M2M_CATALOG,2020-10-13T21:12Z,S23W37,12775.0,2020-10-13,3T21,,,,,,,,,,,,,
2020-10-14T03:24:00-CME-001,M2M_CATALOG,2020-10-14T03:24Z,,,2020-10-14,4T03,,,,,,,,,,,,,
2020-10-15T11:24:00-CME-001,M2M_CATALOG,2020-10-15T11:24Z,,,2020-10-15,5T11,,,,,,,,,,,,,
2020-10-15T16:36:00-CME-001,M2M_CATALOG,2020-10-15T16:36Z,,,2020-10-15,5T16,,,,,,,,,,,,,
2020-10-16T13:36:00-CME-001,M2M_CATALOG,2020-10-16T13:36Z,,12774.0,2020-10-16,6T13,,,,,,,,,,,,,
2020-10-16T16:03:00-CME-001,M2M_CATALOG,2020-10-16T16:03Z,S23W66,12775.0,2020-10-16,6T16,,,,,,,,,,,,,
2020-10-18T09:24:00-CME-001,M2M_CATALOG,2020-10-18T09:24Z,,,2020-10-18,8T09,,,,,,,,,,,,,
2020-10-22T13:09:00-CME-001,M2M_CATALOG,2020-10-22T13:09Z,,,2020-10-22,2T13,,,,,,,,,,,,,
2020-10-23T04:39:00-CME-001,M2M_CATALOG,2020-10-23T04:39Z,,,2020-10-23,3T04,,,,,,,,,,,,,
2020-10-23T22:35:00-CME-001,M2M_CATALOG,2020-10-23T22:35Z,,,2020-10-23,3T22,,,,,,,,,,,,,
2020-10-26T09:12:00-CME-001,M2M_CATALOG,2020-10-26T09:12Z,,,2020-10-26,6T09,,,,,,,,,,,,,
2020-10-26T18:09:00-CME-001,M2M_CATALOG,2020-10-26T18:09Z,,,2020-10-26,6T18,4930.0,7b96cda6-46b7-4bcd-9bd1-8703d24d90cb,Murphys,Sierra Nevada Bigfoot Barleywine Style Ale,Wood-aged Beer,Citra,1010 - American Wheat,Victory,30 IBU,3.1%,6.6°Blg,Irlanda,1856.0
2020-10-27T03:39:00-CME-001,M2M_CATALOG,2020-10-27T03:39Z,,,2020-10-27,7T03,,,,,,,,,,,,,
2020-10-28T13:42:00-CME-001,M2M_CATALOG,2020-10-28T13:42Z,,,2020-10-28,8T13,,,,,,,,,,,,,
2020-11-18T13:24:00-CME-001,M2M_CATALOG,2020-11-18T13:24Z,,,2020-11-18,8T13,,,,,,,,,,,,,
2020-11-18T13:36:00-CME-001,M2M_CATALOG,2020-11-18T13:36Z,,,2020-11-18,8T13,,,,,,,,,,,,,
2020-10-29T01:54:00-CME-001,M2M_CATALOG,2020-10-29T01:54Z,S19W28,12779.0,2020-10-29,9T01,,,,,,,,,,,,,
2020-10-31T00:12:00-CME-001,M2M_CATALOG,2020-10-31T00:12Z,,,2020-10-31,1T00,,,,,,,,,,,,,
2020-12-11T00:36:00-CME-001,M2M_CATALOG,2020-12-11T00:36Z,,,2020-12-11,1T00,,,,,,,,,,,,,
2020-11-01T20:00:00-CME-001,M2M_CATALOG,2020-11-01T20:00Z,,,2020-11-01,1T20,,,,,,,,,,,,,
2020-11-02T05:24:00-CME-001,M2M_CATALOG,2020-11-02T05:24Z,,,2020-11-02,2T05,,,,,,,,,,,,,
2020-11-07T13:24:00-CME-001,M2M_CATALOG,2020-11-07T13:24Z,N19W01,12780.0,2020-11-07,7T13,,,,,,,,,,,,,
2020-11-08T20:12:00-CME-001,M2M_CATALOG,2020-11-08T20:12Z,,,2020-11-08,8T20,,,,,,,,,,,,,
2020-11-11T19:36:00-CME-001,M2M_CATALOG,2020-11-11T19:36Z,S22E60,12782.0,2020-11-11,1T19,,,,,,,,,,,,,
2020-11-21T19:36:00-CME-001,M2M_CATALOG,2020-11-21T19:36Z,,,2020-11-21,1T19,,,,,,,,,,,,,
2020-12-11T19:09:00-CME-001,M2M_CATALOG,2020-12-11T19:09Z,,12791.0,2020-12-11,1T19,,,,,,,,,,,,,
2020-11-12T02:24:00-CME-001,M2M_CATALOG,2020-11-12T02:24Z,,,2020-11-12,2T02,,,,,,,,,,,,,
2020-11-13T12:24:00-CME-001,M2M_CATALOG,2020-11-13T12:24Z,,,2020-11-13,3T12,,,,,,,,,,,,,
2020-11-17T08:36:00-CME-001,M2M_CATALOG,2020-11-17T08:36Z,,,2020-11-17,7T08,,,,,,,,,,,,,
2020-11-17T19:00:00-CME-001,M2M_CATALOG,2020-11-17T19:00Z,,,2020-11-17,7T19,,,,,,,,,,,,,
2020-10-28T13:42:00-CME-001,M2M_CATALOG,2020-10-28T13:42Z,,,2020-10-28,8T13,,,,,,,,,,,,,
2020-11-18T13:24:00-CME-001,M2M_CATALOG,2020-11-18T13:24Z,,,2020-11-18,8T13,,,,,,,,,,,,,
2020-11-18T13:36:00-CME-001,M2M_CATALOG,2020-11-18T13:36Z,,,2020-11-18,8T13,,,,,,,,,,,,,
2020-10-28T13:42:00-CME-001,M2M_CATALOG,2020-10-28T13:42Z,,,2020-10-28,8T13,,,,,,,,,,,,,
2020-11-18T13:24:00-CME-001,M2M_CATALOG,2020-11-18T13:24Z,,,2020-11-18,8T13,,,,,,,,,,,,,
2020-11-18T13:36:00-CME-001,M2M_CATALOG,2020-11-18T13:36Z,,,2020-11-18,8T13,,,,,,,,,,,,,
2020-11-18T21:48:00-CME-001,M2M_CATALOG,2020-11-18T21:48Z,S20E138,,2020-11-18,8T21,,,,,,,,,,,,,
2020-11-19T02:54:00-CME-001,M2M_CATALOG,2020-11-19T02:54Z,,,2020-11-19,9T02,,,,,,,,,,,,,
2020-11-19T03:12:00-CME-001,M2M_CATALOG,2020-11-19T03:12Z,N30E40,,2020-11-19,9T03,,,,,,,,,,,,,
2020-11-19T06:48:00-CME-001,M2M_CATALOG,2020-11-19T06:48Z,S23E49,,2020-11-19,9T06,,,,,,,,,,,,,
2020-11-19T15:12:00-CME-001,M2M_CATALOG,2020-11-19T15:12Z,,,2020-11-19,9T15,,,,,,,,,,,,,
2020-11-29T15:05:00-CME-001,M2M_CATALOG,2020-11-29T15:05Z,,12783.0,2020-11-29,9T15,,,,,,,,,,,,,
2020-11-20T19:51:00-CME-001,M2M_CATALOG,2020-11-20T19:51Z,,12783.0,2020-11-20,0T19,,,,,,,,,,,,,
2020-11-20T21:12:00-CME-001,M2M_CATALOG,2020-11-20T21:12Z,,,2020-11-20,0T21,,,,,,,,,,,,,
2020-11-11T19:36:00-CME-001,M2M_CATALOG,2020-11-11T19:36Z,S22E60,12782.0,2020-11-11,1T19,,,,,,,,,,,,,
2020-11-21T19:36:00-CME-001,M2M_CATALOG,2020-11-21T19:36Z,,,2020-11-21,1T19,,,,,,,,,,,,,
2020-12-11T19:09:00-CME-001,M2M_CATALOG,2020-12-11T19:09Z,,12791.0,2020-12-11,1T19,,,,,,,,,,,,,
2020-11-21T23:12:00-CME-001,M2M_CATALOG,2020-11-21T23:12Z,,,2020-11-21,1T23,,,,,,,,,,,,,
2020-11-22T01:36:00-CME-001,M2M_CATALOG,2020-11-22T01:36Z,,,2020-11-22,2T01,,,,,,,,,,,,,
2020-11-23T18:48:00-CME-001,M2M_CATALOG,2020-11-23T18:48Z,,,2020-11-23,3T18,,,,,,,,,,,,,
2020-11-24T04:36:00-CME-001,M2M_CATALOG,2020-11-24T04:36Z,S20E65,12785.0,2020-11-24,4T04,,,,,,,,,,,,,
2020-11-24T11:24:00-CME-001,M2M_CATALOG,2020-11-24T11:24Z,,,2020-11-24,4T11,,,,,,,,,,,,,
2020-12-04T11:09:00-CME-001,M2M_CATALOG,2020-12-04T11:09Z,,,2020-12-04,4T11,,,,,,,,,,,,,
2020-11-24T13:24:00-CME-001,M2M_CATALOG,2020-11-24T13:24Z,,,2020-11-24,4T13,,,,,,,,,,,,,
2020-11-26T08:24:00-CME-001,M2M_CATALOG,2020-11-26T08:24Z,,,2020-11-26,6T08,,,,,,,,,,,,,
2020-11-26T21:24:00-CME-001,M2M_CATALOG,2020-11-26T21:24Z,N32E90,12787.0,2020-11-26,6T21,,,,,,,,,,,,,
2020-11-27T05:48:00-CME-001,M2M_CATALOG,2020-11-27T05:48Z,,,2020-11-27,7T05,,,,,,,,,,,,,
2020-11-29T13:24:00-CME-001,M2M_CATALOG,2020-11-29T13:24Z,S23E97,,2020-11-29,9T13,,,,,,,,,,,,,
2020-11-19T15:12:00-CME-001,M2M_CATALOG,2020-11-19T15:12Z,,,2020-11-19,9T15,,,,,,,,,,,,,
2020-11-29T15:05:00-CME-001,M2M_CATALOG,2020-11-29T15:05Z,,12783.0,2020-11-29,9T15,,,,,,,,,,,,,
2020-11-30T07:09:00-CME-001,M2M_CATALOG,2020-11-30T07:09Z,,,2020-11-30,0T07,,,,,,,,,,,,,
2020-12-01T05:48:00-CME-001,M2M_CATALOG,2020-12-01T05:48Z,S25E80,12790.0,2020-12-01,1T05,,,,,,,,,,,,,
2020-12-01T07:12:00-CME-001,M2M_CATALOG,2020-12-01T07:12Z,N35E30,12787.0,2020-12-01,1T07,,,,,,,,,,,,,
2020-12-03T11:12:00-CME-001,M2M_CATALOG,2020-12-03T11:12Z,S30E137,,2020-12-03,3T11,,,,,,,,,,,,,
2020-12-04T02:48:00-CME-001,M2M_CATALOG,2020-12-04T02:48Z,,,2020-12-04,4T02,,,,,,,,,,,,,
2020-11-24T11:24:00-CME-001,M2M_CATALOG,2020-11-24T11:24Z,,,2020-11-24,4T11,,,,,,,,,,,,,
2020-12-04T11:09:00-CME-001,M2M_CATALOG,2020-12-04T11:09Z,,,2020-12-04,4T11,,,,,,,,,,,,,
2020-12-06T22:00:00-CME-001,M2M_CATALOG,2020-12-06T22:00Z,,,2020-12-06,6T22,,,,,,,,,,,,,
2020-12-07T16:24:00-CME-001,M2M_CATALOG,2020-12-07T16:24Z,S23W11,12790.0,2020-12-07,7T16,,,,,,,,,,,,,
2020-12-07T18:36:00-CME-001,M2M_CATALOG,2020-12-07T18:36Z,S40W30,,2020-12-07,7T18,,,,,,,,,,,,,
2020-10-31T00:12:00-CME-001,M2M_CATALOG,2020-10-31T00:12Z,,,2020-10-31,1T00,,,,,,,,,,,,,
2020-12-11T00:36:00-CME-001,M2M_CATALOG,2020-12-11T00:36Z,,,2020-12-11,1T00,,,,,,,,,,,,,
2020-11-11T19:36:00-CME-001,M2M_CATALOG,2020-11-11T19:36Z,S22E60,12782.0,2020-11-11,1T19,,,,,,,,,,,,,
2020-11-21T19:36:00-CME-001,M2M_CATALOG,2020-11-21T19:36Z,,,2020-11-21,1T19,,,,,,,,,,,,,
2020-12-11T19:09:00-CME-001,M2M_CATALOG,2020-12-11T19:09Z,,12791.0,2020-12-11,1T19,,,,,,,,,,,,,
2020-12-12T04:12:00-CME-001,M2M_CATALOG,2020-12-12T04:12Z,,,2020-12-12,2T04,,,,,,,,,,,,,
2020-12-13T09:24:00-CME-001,M2M_CATALOG,2020-12-13T09:24Z,,,2020-12-13,3T09,,,,,,,,,,,,,
2020-12-14T15:12:00-CME-001,M2M_CATALOG,2020-12-14T15:12Z,S22E44,12792.0,2020-12-14,4T15,,,,,,,,,,,,,
2020-12-14T21:12:00-CME-001,M2M_CATALOG,2020-12-14T21:12Z,N40E110,,2020-12-14,4T21,,,,,,,,,,,,,
2020-12-17T06:48:00-CME-001,M2M_CATALOG,2020-12-17T06:48Z,,,2020-12-17,7T06,,,,,,,,,,,,,
2020-12-27T00:48:00-CME-001,M2M_CATALOG,2020-12-27T00:48Z,,,2020-12-27,7T00,,,,,,,,,,,,,
2020-12-30T02:24:00-CME-001,M2M_CATALOG,2020-12-30T02:24Z,S20E08,12795.0,2020-12-30,0T02,,,,,,,,,,,,,
2020-10-10T04:24:00-CME-001,M2M_CATALOG,2020-10-10T04:24Z,,,2020-10-10,0T04,,,,,,,,,,,,,
2020-10-13T21:12:00-CME-001,M2M_CATALOG,2020-10-13T21:12Z,S23W37,12775.0,2020-10-13,3T21,,,,,,,,,,,,,
2020-10-14T03:24:00-CME-001,M2M_CATALOG,2020-10-14T03:24Z,,,2020-10-14,4T03,,,,,,,,,,,,,
2020-10-15T11:24:00-CME-001,M2M_CATALOG,2020-10-15T11:24Z,,,2020-10-15,5T11,,,,,,,,,,,,,
2020-10-15T16:36:00-CME-001,M2M_CATALOG,2020-10-15T16:36Z,,,2020-10-15,5T16,,,,,,,,,,,,,
2020-10-16T13:36:00-CME-001,M2M_CATALOG,2020-10-16T13:36Z,,12774.0,2020-10-16,6T13,,,,,,,,,,,,,
2020-10-16T16:03:00-CME-001,M2M_CATALOG,2020-10-16T16:03Z,S23W66,12775.0,2020-10-16,6T16,,,,,,,,,,,,,
2020-10-18T09:24:00-CME-001,M2M_CATALOG,2020-10-18T09:24Z,,,2020-10-18,8T09,,,,,,,,,,,,,
2020-10-22T13:09:00-CME-001,M2M_CATALOG,2020-10-22T13:09Z,,,2020-10-22,2T13,,,,,,,,,,,,,
2020-10-23T04:39:00-CME-001,M2M_CATALOG,2020-10-23T04:39Z,,,2020-10-23,3T04,,,,,,,,,,,,,
2020-10-23T22:35:00-CME-001,M2M_CATALOG,2020-10-23T22:35Z,,,2020-10-23,3T22,,,,,,,,,,,,,
2020-10-26T09:12:00-CME-001,M2M_CATALOG,2020-10-26T09:12Z,,,2020-10-26,6T09,,,,,,,,,,,,,
2020-10-26T18:09:00-CME-001,M2M_CATALOG,2020-10-26T18:09Z,,,2020-10-26,6T18,,,,,,,,,,,,,
2020-10-27T03:39:00-CME-001,M2M_CATALOG,2020-10-27T03:39Z,,,2020-10-27,7T03,,,,,,,,,,,,,
2020-10-28T13:42:00-CME-001,M2M_CATALOG,2020-10-28T13:42Z,,,2020-10-28,8T13,,,,,,,,,,,,,
2020-11-18T13:24:00-CME-001,M2M_CATALOG,2020-11-18T13:24Z,,,2020-11-18,8T13,,,,,,,,,,,,,
2020-11-18T13:36:00-CME-001,M2M_CATALOG,2020-11-18T13:36Z,,,2020-11-18,8T13,,,,,,,,,,,,,
2020-10-29T01:54:00-CME-001,M2M_CATALOG,2020-10-29T01:54Z,S19W28,12779.0,2020-10-29,9T01,,,,,,,,,,,,,
2020-10-31T00:12:00-CME-001,M2M_CATALOG,2020-10-31T00:12Z,,,2020-10-31,1T00,,,,,,,,,,,,,
2020-12-11T00:36:00-CME-001,M2M_CATALOG,2020-12-11T00:36Z,,,2020-12-11,1T00,,,,,,,,,,,,,
2020-11-01T20:00:00-CME-001,M2M_CATALOG,2020-11-01T20:00Z,,,2020-11-01,1T20,,,,,,,,,,,,,
2020-11-02T05:24:00-CME-001,M2M_CATALOG,2020-11-02T05:24Z,,,2020-11-02,2T05,,,,,,,,,,,,,
2020-11-07T13:24:00-CME-001,M2M_CATALOG,2020-11-07T13:24Z,N19W01,12780.0,2020-11-07,7T13,,,,,,,,,,,,,
2020-11-08T20:12:00-CME-001,M2M_CATALOG,2020-11-08T20:12Z,,,2020-11-08,8T20,,,,,,,,,,,,,
2020-11-11T19:36:00-CME-001,M2M_CATALOG,2020-11-11T19:36Z,S22E60,12782.0,2020-11-11,1T19,,,,,,,,,,,,,
2020-11-21T19:36:00-CME-001,M2M_CATALOG,2020-11-21T19:36Z,,,2020-11-21,1T19,,,,,,,,,,,,,
2020-12-11T19:09:00-CME-001,M2M_CATALOG,2020-12-11T19:09Z,,12791.0,2020-12-11,1T19,,,,,,,,,,,,,
2020-11-12T02:24:00-CME-001,M2M_CATALOG,2020-11-12T02:24Z,,,2020-11-12,2T02,,,,,,,,,,,,,
2020-11-13T12:24:00-CME-001,M2M_CATALOG,2020-11-13T12:24Z,,,2020-11-13,3T12,,,,,,,,,,,,,
2020-11-17T08:36:00-CME-001,M2M_CATALOG,2020-11-17T08:36Z,,,2020-11-17,7T08,,,,,,,,,,,,,
2020-11-17T19:00:00-CME-001,M2M_CATALOG,2020-11-17T19:00Z,,,2020-11-17,7T19,,,,,,,,,,,,,
2020-10-28T13:42:00-CME-001,M2M_CATALOG,2020-10-28T13:42Z,,,2020-10-28,8T13,5009.0,4cead161-2955-4233-af14-b2e91ab76db6,Becks,Brooklyn Black,India Pale Ale,Eroica,1084 - Irish Ale,Special roast,13 IBU,5.1%,11.7°Blg,Alemania,1873.0
2020-11-18T13:24:00-CME-001,M2M_CATALOG,2020-11-18T13:24Z,,,2020-11-18,8T13,5009.0,4cead161-2955-4233-af14-b2e91ab76db6,Becks,Brooklyn Black,India Pale Ale,Eroica,1084 - Irish Ale,Special roast,13 IBU,5.1%,11.7°Blg,Alemania,1873.0
2020-11-18T13:36:00-CME-001,M2M_CATALOG,2020-11-18T13:36Z,,,2020-11-18,8T13,5009.0,4cead161-2955-4233-af14-b2e91ab76db6,Becks,Brooklyn Black,India Pale Ale,Eroica,1084 - Irish Ale,Special roast,13 IBU,5.1%,11.7°Blg,Alemania,1873.0
2020-10-28T13:42:00-CME-001,M2M_CATALOG,2020-10-28T13:42Z,,,2020-10-28,8T13,5010.0,c27af470-c81b-4537-a120-8ce9ffdbde06,Sierra Nevada,Sierra Nevada Bigfoot Barleywine Style Ale,Stout,Newport,2124 - Bohemian Lager,Chocolate,36 IBU,5.7%,6.5°Blg,Estados Unidos,1979.0
2020-11-18T13:24:00-CME-001,M2M_CATALOG,2020-11-18T13:24Z,,,2020-11-18,8T13,5010.0,c27af470-c81b-4537-a120-8ce9ffdbde06,Sierra Nevada,Sierra Nevada Bigfoot Barleywine Style Ale,Stout,Newport,2124 - Bohemian Lager,Chocolate,36 IBU,5.7%,6.5°Blg,Estados Unidos,1979.0
2020-11-18T13:36:00-CME-001,M2M_CATALOG,2020-11-18T13:36Z,,,2020-11-18,8T13,5010.0,c27af470-c81b-4537-a120-8ce9ffdbde06,Sierra Nevada,Sierra Nevada Bigfoot Barleywine Style Ale,Stout,Newport,2124 - Bohemian Lager,Chocolate,36 IBU,5.7%,6.5°Blg,Estados Unidos,1979.0
2020-11-18T21:48:00-CME-001,M2M_CATALOG,2020-11-18T21:48Z,S20E138,,2020-11-18,8T21,,,,,,,,,,,,,
2020-11-19T02:54:00-CME-001,M2M_CATALOG,2020-11-19T02:54Z,,,2020-11-19,9T02,,,,,,,,,,,,,
2020-11-19T03:12:00-CME-001,M2M_CATALOG,2020-11-19T03:12Z,N30E40,,2020-11-19,9T03,,,,,,,,,,,,,
2020-11-19T06:48:00-CME-001,M2M_CATALOG,2020-11-19T06:48Z,S23E49,,2020-11-19,9T06,,,,,,,,,,,,,
2020-11-19T15:12:00-CME-001,M2M_CATALOG,2020-11-19T15:12Z,,,2020-11-19,9T15,,,,,,,,,,,,,
2020-11-29T15:05:00-CME-001,M2M_CATALOG,2020-11-29T15:05Z,,12783.0,2020-11-29,9T15,,,,,,,,,,,,,
2020-10-10T04:24:00-CME-001,M2M_CATALOG,2020-10-10T04:24Z,,,2020-10-10,0T04,,,,,,,,,,,,,
2020-10-13T21:12:00-CME-001,M2M_CATALOG,2020-10-13T21:12Z,S23W37,12775.0,2020-10-13,3T21,,,,,,,,,,,,,
2020-10-14T03:24:00-CME-001,M2M_CATALOG,2020-10-14T03:24Z,,,2020-10-14,4T03,,,,,,,,,,,,,
2020-10-15T11:24:00-CME-001,M2M_CATALOG,2020-10-15T11:24Z,,,2020-10-15,5T11,,,,,,,,,,,,,
2020-10-15T16:36:00-CME-001,M2M_CATALOG,2020-10-15T16:36Z,,,2020-10-15,5T16,,,,,,,,,,,,,
2020-10-16T13:36:00-CME-001,M2M_CATALOG,2020-10-16T13:36Z,,12774.0,2020-10-16,6T13,,,,,,,,,,,,,
2020-10-16T16:03:00-CME-001,M2M_CATALOG,2020-10-16T16:03Z,S23W66,12775.0,2020-10-16,6T16,,,,,,,,,,,,,
2020-10-18T09:24:00-CME-001,M2M_CATALOG,2020-10-18T09:24Z,,,2020-10-18,8T09,,,,,,,,,,,,,
2020-10-22T13:09:00-CME-001,M2M_CATALOG,2020-10-22T13:09Z,,,2020-10-22,2T13,,,,,,,,,,,,,
2020-11-02T05:24:00-CME-001,M2M_CATALOG,2020-11-02T05:24Z,,,2020-11-02,2T05,,,,,,,,,,,,,
2020-11-07T13:24:00-CME-001,M2M_CATALOG,2020-11-07T13:24Z,N19W01,12780.0,2020-11-07,7T13,,,,,,,,,,,,,
2020-11-08T20:12:00-CME-001,M2M_CATALOG,2020-11-08T20:12Z,,,2020-11-08,8T20,,,,,,,,,,,,,
2020-11-11T19:36:00-CME-001,M2M_CATALOG,2020-11-11T19:36Z,S22E60,12782.0,2020-11-11,1T19,,,,,,,,,,,,,
2020-11-21T19:36:00-CME-001,M2M_CATALOG,2020-11-21T19:36Z,,,2020-11-21,1T19,,,,,,,,,,,,,
2020-12-11T19:09:00-CME-001,M2M_CATALOG,2020-12-11T19:09Z,,12791.0,2020-12-11,1T19,,,,,,,,,,,,,
2020-11-12T02:24:00-CME-001,M2M_CATALOG,2020-11-12T02:24Z,,,2020-11-12,2T02,,,,,,,,,,,,,
2020-11-13T12:24:00-CME-001,M2M_CATALOG,2020-11-13T12:24Z,,,2020-11-13,3T12,,,,,,,,,,,,,
2020-11-17T08:36:00-CME-001,M2M_CATALOG,2020-11-17T08:36Z,,,2020-11-17,7T08,,,,,,,,,,,,,
2020-11-17T19:00:00-CME-001,M2M_CATALOG,2020-11-17T19:00Z,,,2020-11-17,7T19,,,,,,,,,,,,,
2020-11-18T21:48:00-CME-001,M2M_CATALOG,2020-11-18T21:48Z,S20E138,,2020-11-18,8T21,,,,,,,,,,,,,
2020-11-19T02:54:00-CME-001,M2M_CATALOG,2020-11-19T02:54Z,,,2020-11-19,9T02,,,,,,,,,,,,,
2020-11-27T05:48:00-CME-001,M2M_CATALOG,2020-11-27T05:48Z,,,2020-11-27,7T05,,,,,,,,,,,,,
2020-11-29T13:24:00-CME-001,M2M_CATALOG,2020-11-29T13:24Z,S23E97,,2020-11-29,9T13,,,,,,,,,,,,,
2020-11-30T07:09:00-CME-001,M2M_CATALOG,2020-11-30T07:09Z,,,2020-11-30,0T07,,,,,,,,,,,,,
2020-12-01T05:48:00-CME-001,M2M_CATALOG,2020-12-01T05:48Z,S25E80,12790.0,2020-12-01,1T05,,,,,,,,,,,,,
2020-12-01T07:12:00-CME-001,M2M_CATALOG,2020-12-01T07:12Z,N35E30,12787.0,2020-12-01,1T07,,,,,,,,,,,,,
2020-12-03T11:12:00-CME-001,M2M_CATALOG,2020-12-03T11:12Z,S30E137,,2020-12-03,3T11,,,,,,,,,,,,,
2020-12-04T02:48:00-CME-001,M2M_CATALOG,2020-12-04T02:48Z,,,2020-12-04,4T02,,,,,,,,,,,,,
2020-12-06T22:00:00-CME-001,M2M_CATALOG,2020-12-06T22:00Z,,,2020-12-06,6T22,,,,,,,,,,,,,
2020-12-07T16:24:00-CME-001,M2M_CATALOG,2020-12-07T16:24Z,S23W11,12790.0,2020-12-07,7T16,,,,,,,,,,,,,
2020-12-07T18:36:00-CME-001,M2M_CATALOG,2020-12-07T18:36Z,S40W30,,2020-12-07,7T18,,,,,,,,,,,,,
2020-12-17T06:48:00-CME-001,M2M_CATALOG,2020-12-17T06:48Z,,,2020-12-17,7T06,,,,,,,,,,,,,
2020-12-27T00:48:00-CME-001,M2M_CATALOG,2020-12-27T00:48Z,,,2020-12-27,7T00,,,,,,,,,,,,,
2020-12-30T02:24:00-CME-001,M2M_CATALOG,2020-12-30T02:24Z,S20E08,12795.0,2020-12-30,0T02,,,,,,,,,,,,,
2020-10-10T04:24:00-CME-001,M2M_CATALOG,2020-10-10T04:24Z,,,2020-10-10,0T04,5048.0,6f3d8ac7-a503-4a70-bb81-a2a736e3c498,Miller Draft,Sapporo Premium,Bock,Glacier,2112 - California Lager,Caramel,79 IBU,8.8%,14.0°Blg,Estados Unidos,1855.0
2020-10-13T21:12:00-CME-001,M2M_CATALOG,2020-10-13T21:12Z,S23W37,12775.0,2020-10-13,3T21,,,,,,,,,,,,,
2020-10-14T03:24:00-CME-001,M2M_CATALOG,2020-10-14T03:24Z,,,2020-10-14,4T03,,,,,,,,,,,,,
2020-10-15T11:24:00-CME-001,M2M_CATALOG,2020-10-15T11:24Z,,,2020-10-15,5T11,,,,,,,,,,,,,
2020-10-15T16:36:00-CME-001,M2M_CATALOG,2020-10-15T16:36Z,,,2020-10-15,5T16,,,,,,,,,,,,,
2020-10-16T13:36:00-CME-001,M2M_CATALOG,2020-10-16T13:36Z,,12774.0,2020-10-16,6T13,,,,,,,,,,,,,
2020-10-16T16:03:00-CME-001,M2M_CATALOG,2020-10-16T16:03Z,S23W66,12775.0,2020-10-16,6T16,,,,,,,,,,,,,
2020-10-18T09:24:00-CME-001,M2M_CATALOG,2020-10-18T09:24Z,,,2020-10-18,8T09,,,,,,,,,,,,,
2020-10-22T13:09:00-CME-001,M2M_CATALOG,2020-10-22T13:09Z,,,2020-10-22,2T13,,,,,,,,,,,,,
2020-11-02T05:24:00-CME-001,M2M_CATALOG,2020-11-02T05:24Z,,,2020-11-02,2T05,,,,,,,,,,,,,
2020-11-07T13:24:00-CME-001,M2M_CATALOG,2020-11-07T13:24Z,N19W01,12780.0,2020-11-07,7T13,,,,,,,,,,,,,
2020-11-08T20:12:00-CME-001,M2M_CATALOG,2020-11-08T20:12Z,,,2020-11-08,8T20,,,,,,,,,,,,,
2020-11-11T19:36:00-CME-001,M2M_CATALOG,2020-11-11T19:36Z,S22E60,12782.0,2020-11-11,1T19,,,,,,,,,,,,,
2020-11-21T19:36:00-CME-001,M2M_CATALOG,2020-11-21T19:36Z,,,2020-11-21,1T19,,,,,,,,,,,,,
2020-12-11T19:09:00-CME-001,M2M_CATALOG,2020-12-11T19:09Z,,12791.0,2020-12-11,1T19,,,,,,,,,,,,,
2020-11-12T02:24:00-CME-001,M2M_CATALOG,2020-11-12T02:24Z,,,2020-11-12,2T02,,,,,,,,,,,,,
2020-11-13T12:24:00-CME-001,M2M_CATALOG,2020-11-13T12:24Z,,,2020-11-13,3T12,,,,,,,,,,,,,
2020-11-17T08:36:00-CME-001,M2M_CATALOG,2020-11-17T08:36Z,,,2020-11-17,7T08,,,,,,,,,,,,,
2020-11-17T19:00:00-CME-001,M2M_CATALOG,2020-11-17T19:00Z,,,2020-11-17,7T19,,,,,,,,,,,,,
2020-11-18T21:48:00-CME-001,M2M_CATALOG,2020-11-18T21:48Z,S20E138,,2020-11-18,8T21,,,,,,,,,,,,,
2020-11-19T02:54:00-CME-001,M2M_CATALOG,2020-11-19T02:54Z,,,2020-11-19,9T02,,,,,,,,,,,,,
2020-11-27T05:48:00-CME-001,M2M_CATALOG,2020-11-27T05:48Z,,,2020-11-27,7T05,,,,,,,,,,,,,
2020-11-29T13:24:00-CME-001,M2M_CATALOG,2020-11-29T13:24Z,S23E97,,2020-11-29,9T13,,,,,,,,,,,,,
2020-11-30T07:09:00-CME-001,M2M_CATALOG,2020-11-30T07:09Z,,,2020-11-30,0T07,,,,,,,,,,,,,
2020-12-01T05:48:00-CME-001,M2M_CATALOG,2020-12-01T05:48Z,S25E80,12790.0,2020-12-01,1T05,,,,,,,,,,,,,
2020-12-01T07:12:00-CME-001,M2M_CATALOG,2020-12-01T07:12Z,N35E30,12787.0,2020-12-01,1T07,,,,,,,,,,,,,
2020-12-03T11:12:00-CME-001,M2M_CATALOG,2020-12-03T11:12Z,S30E137,,2020-12-03,3T11,,,,,,,,,,,,,
2020-12-04T02:48:00-CME-001,M2M_CATALOG,2020-12-04T02:48Z,,,2020-12-04,4T02,,,,,,,,,,,,,
2020-12-06T22:00:00-CME-001,M2M_CATALOG,2020-12-06T22:00Z,,,2020-12-06,6T22,,,,,,,,,,,,,
2020-12-07T16:24:00-CME-001,M2M_CATALOG,2020-12-07T16:24Z,S23W11,12790.0,2020-12-07,7T16,,,,,,,,,,,,,
2020-12-07T18:36:00-CME-001,M2M_CATALOG,2020-12-07T18:36Z,S40W30,,2020-12-07,7T18,,,,,,,,,,,,,
2020-12-17T06:48:00-CME-001,M2M_CATALOG,2020-12-17T06:48Z,,,2020-12-17,7T06,,,,,,,,,,,,,
2020-12-27T00:48:00-CME-001,M2M_CATALOG,2020-12-27T00:48Z,,,2020-12-27,7T00,,,,,,,,,,,,,
2020-12-30T02:24:00-CME-001,M2M_CATALOG,2020-12-30T02:24Z,S20E08,12795.0,2020-12-30,0T02,,,,,,,,,,,,,
2020-10-10T04:24:00-CME-001,M2M_CATALOG,2020-10-10T04:24Z,,,2020-10-10,0T04,,,,,,,,,,,,,
2020-10-13T21:12:00-CME-001,M2M_CATALOG,2020-10-13T21:12Z,S23W37,12775.0,2020-10-13,3T21,,,,,,,,,,,,,
2020-10-14T03:24:00-CME-001,M2M_CATALOG,2020-10-14T03:24Z,,,2020-10-14,4T03,,,,,,,,,,,,,
2020-10-15T11:24:00-CME-001,M2M_CATALOG,2020-10-15T11:24Z,,,2020-10-15,5T11,,,,,,,,,,,,,
2020-10-15T16:36:00-CME-001,M2M_CATALOG,2020-10-15T16:36Z,,,2020-10-15,5T16,,,,,,,,,,,,,
2020-10-16T13:36:00-CME-001,M2M_CATALOG,2020-10-16T13:36Z,,12774.0,2020-10-16,6T13,,,,,,,,,,,,,
2020-10-16T16:03:00-CME-001,M2M_CATALOG,2020-10-16T16:03Z,S23W66,12775.0,2020-10-16,6T16,,,,,,,,,,,,,
2020-10-18T09:24:00-CME-001,M2M_CATALOG,2020-10-18T09:24Z,,,2020-10-18,8T09,,,,,,,,,,,,,
2020-10-22T13:09:00-CME-001,M2M_CATALOG,2020-10-22T13:09Z,,,2020-10-22,2T13,,,,,,,,,,,,,
2020-11-02T05:24:00-CME-001,M2M_CATALOG,2020-11-02T05:24Z,,,2020-11-02,2T05,,,,,,,,,,,,,
2020-11-07T13:24:00-CME-001,M2M_CATALOG,2020-11-07T13:24Z,N19W01,12780.0,2020-11-07,7T13,,,,,,,,,,,,,
2020-11-08T20:12:00-CME-001,M2M_CATALOG,2020-11-08T20:12Z,,,2020-11-08,8T20,,,,,,,,,,,,,
2020-11-11T19:36:00-CME-001,M2M_CATALOG,2020-11-11T19:36Z,S22E60,12782.0,2020-11-11,1T19,,,,,,,,,,,,,
2020-11-21T19:36:00-CME-001,M2M_CATALOG,2020-11-21T19:36Z,,,2020-11-21,1T19,,,,,,,,,,,,,
2020-12-11T19:09:00-CME-001,M2M_CATALOG,2020-12-11T19:09Z,,12791.0,2020-12-11,1T19,,,,,,,,,,,,,
2020-11-12T02:24:00-CME-001,M2M_CATALOG,2020-11-12T02:24Z,,,2020-11-12,2T02,,,,,,,,,,,,,
2020-11-13T12:24:00-CME-001,M2M_CATALOG,2020-11-13T12:24Z,,,2020-11-13,3T12,,,,,,,,,,,,,
2020-11-17T08:36:00-CME-001,M2M_CATALOG,2020-11-17T08:36Z,,,2020-11-17,7T08,,,,,,,,,,,,,
2020-11-17T19:00:00-CME-001,M2M_CATALOG,2020-11-17T19:00Z,,,2020-11-17,7T19,,,,,,,,,,,,,
2020-11-18T21:48:00-CME-001,M2M_CATALOG,2020-11-18T21:48Z,S20E138,,2020-11-18,8T21,,,,,,,,,,,,,
2020-11-19T02:54:00-CME-001,M2M_CATALOG,2020-11-19T02:54Z,,,2020-11-19,9T02,,,,,,,,,,,,,
2020-11-27T05:48:00-CME-001,M2M_CATALOG,2020-11-27T05:48Z,,,2020-11-27,7T05,,,,,,,,,,,,,
2020-11-29T13:24:00-CME-001,M2M_CATALOG,2020-11-29T13:24Z,S23E97,,2020-11-29,9T13,,,,,,,,,,,,,
2020-11-30T07:09:00-CME-001,M2M_CATALOG,2020-11-30T07:09Z,,,2020-11-30,0T07,,,,,,,,,,,,,
2020-12-01T05:48:00-CME-001,M2M_CATALOG,2020-12-01T05:48Z,S25E80,12790.0,2020-12-01,1T05,,,,,,,,,,,,,
2020-12-01T07:12:00-CME-001,M2M_CATALOG,2020-12-01T07:12Z,N35E30,12787.0,2020-12-01,1T07,,,,,,,,,,,,,
2020-12-03T11:12:00-CME-001,M2M_CATALOG,2020-12-03T11:12Z,S30E137,,2020-12-03,3T11,,,,,,,,,,,,,
2020-12-04T02:48:00-CME-001,M2M_CATALOG,2020-12-04T02:48Z,,,2020-12-04,4T02,,,,,,,,,,,,,
2020-12-06T22:00:00-CME-001,M2M_CATALOG,2020-12-06T22:00Z,,,2020-12-06,6T22,,,,,,,,,,,,,
2020-12-07T16:24:00-CME-001,M2M_CATALOG,2020-12-07T16:24Z,S23W11,12790.0,2020-12-07,7T16,,,,,,,,,,,,,
2020-12-07T18:36:00-CME-001,M2M_CATALOG,2020-12-07T18:36Z,S40W30,,2020-12-07,7T18,,,,,,,,,,,,,
2020-12-17T06:48:00-CME-001,M2M_CATALOG,2020-12-17T06:48Z,,,2020-12-17,7T06,,,,,,,,,,,,,
2020-12-27T00:48:00-CME-001,M2M_CATALOG,2020-12-27T00:48Z,,,2020-12-27,7T00,,,,,,,,,,,,,
2020-12-30T02:24:00-CME-001,M2M_CATALOG,2020-12-30T02:24Z,S20E08,12795.0,2020-12-30,0T02,,,,,,,,,,,,,
2020-10-23T04:39:00-CME-001,M2M_CATALOG,2020-10-23T04:39Z,,,2020-10-23,3T04,,,,,,,,,,,,,
2020-10-23T22:35:00-CME-001,M2M_CATALOG,2020-10-23T22:35Z,,,2020-10-23,3T22,,,,,,,,,,,,,
2020-10-10T04:24:00-CME-001,M2M_CATALOG,2020-10-10T04:24Z,,,2020-10-10,0T04,,,,,,,,,,,,,
2020-10-13T21:12:00-CME-001,M2M_CATALOG,2020-10-13T21:12Z,S23W37,12775.0,2020-10-13,3T21,,,,,,,,,,,,,
2020-10-14T03:24:00-CME-001,M2M_CATALOG,2020-10-14T03:24Z,,,2020-10-14,4T03,,,,,,,,,,,,,
2020-10-15T11:24:00-CME-001,M2M_CATALOG,2020-10-15T11:24Z,,,2020-10-15,5T11,,,,,,,,,,,,,
2020-10-15T16:36:00-CME-001,M2M_CATALOG,2020-10-15T16:36Z,,,2020-10-15,5T16,,,,,,,,,,,,,
2020-10-16T13:36:00-CME-001,M2M_CATALOG,2020-10-16T13:36Z,,12774.0,2020-10-16,6T13,,,,,,,,,,,,,
2020-10-16T16:03:00-CME-001,M2M_CATALOG,2020-10-16T16:03Z,S23W66,12775.0,2020-10-16,6T16,,,,,,,,,,,,,
2020-10-18T09:24:00-CME-001,M2M_CATALOG,2020-10-18T09:24Z,,,2020-10-18,8T09,,,,,,,,,,,,,
2020-10-22T13:09:00-CME-001,M2M_CATALOG,2020-10-22T13:09Z,,,2020-10-22,2T13,,,,,,,,,,,,,
2020-10-23T04:39:00-CME-001,M2M_CATALOG,2020-10-23T04:39Z,,,2020-10-23,3T04,,,,,,,,,,,,,
2020-10-23T22:35:00-CME-001,M2M_CATALOG,2020-10-23T22:35Z,,,2020-10-23,3T22,,,,,,,,,,,,,
2020-10-26T09:12:00-CME-001,M2M_CATALOG,2020-10-26T09:12Z,,,2020-10-26,6T09,,,,,,,,,,,,,
2020-10-26T18:09:00-CME-001,M2M_CATALOG,2020-10-26T18:09Z,,,2020-10-26,6T18,,,,,,,,,,,,,
2020-10-27T03:39:00-CME-001,M2M_CATALOG,2020-10-27T03:39Z,,,2020-10-27,7T03,,,,,,,,,,,,,
2020-10-28T13:42:00-CME-001,M2M_CATALOG,2020-10-28T13:42Z,,,2020-10-28,8T13,,,,,,,,,,,,,
2020-11-18T13:24:00-CME-001,M2M_CATALOG,2020-11-18T13:24Z,,,2020-11-18,8T13,,,,,,,,,,,,,
2020-11-18T13:36:00-CME-001,M2M_CATALOG,2020-11-18T13:36Z,,,2020-11-18,8T13,,,,,,,,,,,,,
2020-10-29T01:54:00-CME-001,M2M_CATALOG,2020-10-29T01:54Z,S19W28,12779.0,2020-10-29,9T01,,,,,,,,,,,,,
2020-10-31T00:12:00-CME-001,M2M_CATALOG,2020-10-31T00:12Z,,,2020-10-31,1T00,,,,,,,,,,,,,
2020-12-11T00:36:00-CME-001,M2M_CATALOG,2020-12-11T00:36Z,,,2020-12-11,1T00,,,,,,,,,,,,,
2020-11-01T20:00:00-CME-001,M2M_CATALOG,2020-11-01T20:00Z,,,2020-11-01,1T20,,,,,,,,,,,,,
2020-11-02T05:24:00-CME-001,M2M_CATALOG,2020-11-02T05:24Z,,,2020-11-02,2T05,,,,,,,,,,,,,
2020-11-07T13:24:00-CME-001,M2M_CATALOG,2020-11-07T13:24Z,N19W01,12780.0,2020-11-07,7T13,,,,,,,,,,,,,
2020-11-08T20:12:00-CME-001,M2M_CATALOG,2020-11-08T20:12Z,,,2020-11-08,8T20,,,,,,,,,,,,,
2020-11-11T19:36:00-CME-001,M2M_CATALOG,2020-11-11T19:36Z,S22E60,12782.0,2020-11-11,1T19,,,,,,,,,,,,,
2020-11-21T19:36:00-CME-001,M2M_CATALOG,2020-11-21T19:36Z,,,2020-11-21,1T19,,,,,,,,,,,,,
2020-12-11T19:09:00-CME-001,M2M_CATALOG,2020-12-11T19:09Z,,12791.0,2020-12-11,1T19,,,,,,,,,,,,,
2020-11-12T02:24:00-CME-001,M2M_CATALOG,2020-11-12T02:24Z,,,2020-11-12,2T02,,,,,,,,,,,,,
2020-11-13T12:24:00-CME-001,M2M_CATALOG,2020-11-13T12:24Z,,,2020-11-13,3T12,,,,,,,,,,,,,
2020-11-17T08:36:00-CME-001,M2M_CATALOG,2020-11-17T08:36Z,,,2020-11-17,7T08,,,,,,,,,,,,,
2020-11-17T19:00:00-CME-001,M2M_CATALOG,2020-11-17T19:00Z,,,2020-11-17,7T19,,,,,,,,,,,,,
2020-10-28T13:42:00-CME-001,M2M_CATALOG,2020-10-28T13:42Z,,,2020-10-28,8T13,,,,,,,,,,,,,
2020-11-18T13:24:00-CME-001,M2M_CATALOG,2020-11-18T13:24Z,,,2020-11-18,8T13,,,,,,,,,,,,,
2020-11-18T13:36:00-CME-001,M2M_CATALOG,2020-11-18T13:36Z,,,2020-11-18,8T13,,,,,,,,,,,,,
2020-10-28T13:42:00-CME-001,M2M_CATALOG,2020-10-28T13:42Z,,,2020-10-28,8T13,,,,,,,,,,,,,
2020-11-18T13:24:00-CME-001,M2M_CATALOG,2020-11-18T13:24Z,,,2020-11-18,8T13,,,,,,,,,,,,,
2020-11-18T13:36:00-CME-001,M2M_CATALOG,2020-11-18T13:36Z,,,2020-11-18,8T13,,,,,,,,,,,,,
2020-11-18T21:48:00-CME-001,M2M_CATALOG,2020-11-18T21:48Z,S20E138,,2020-11-18,8T21,5142.0,96134108-3b1e-4a9b-b712-cd568dab0e2c,Heineken,Edmund Fitzgerald Porter,Merican Ale,Equinox,2007 - Pilsen Lager,Wheat mal,42 IBU,6.9%,14.0°Blg,Paises Bajos,1864.0
2020-11-19T02:54:00-CME-001,M2M_CATALOG,2020-11-19T02:54Z,,,2020-11-19,9T02,,,,,,,,,,,,,
2020-11-19T03:12:00-CME-001,M2M_CATALOG,2020-11-19T03:12Z,N30E40,,2020-11-19,9T03,,,,,,,,,,,,,
2020-11-19T06:48:00-CME-001,M2M_CATALOG,2020-11-19T06:48Z,S23E49,,2020-11-19,9T06,,,,,,,,,,,,,
2020-11-19T15:12:00-CME-001,M2M_CATALOG,2020-11-19T15:12Z,,,2020-11-19,9T15,,,,,,,,,,,,,
2020-11-29T15:05:00-CME-001,M2M_CATALOG,2020-11-29T15:05Z,,12783.0,2020-11-29,9T15,,,,,,,,,,,,,
2020-11-20T19:51:00-CME-001,M2M_CATALOG,2020-11-20T19:51Z,,12783.0,2020-11-20,0T19,,,,,,,,,,,,,
2020-11-20T21:12:00-CME-001,M2M_CATALOG,2020-11-20T21:12Z,,,2020-11-20,0T21,,,,,,,,,,,,,
2020-11-11T19:36:00-CME-001,M2M_CATALOG,2020-11-11T19:36Z,S22E60,12782.0,2020-11-11,1T19,,,,,,,,,,,,,
2020-11-21T19:36:00-CME-001,M2M_CATALOG,2020-11-21T19:36Z,,,2020-11-21,1T19,,,,,,,,,,,,,
2020-12-11T19:09:00-CME-001,M2M_CATALOG,2020-12-11T19:09Z,,12791.0,2020-12-11,1T19,,,,,,,,,,,,,
2020-11-21T23:12:00-CME-001,M2M_CATALOG,2020-11-21T23:12Z,,,2020-11-21,1T23,,,,,,,,,,,,,
2020-11-22T01:36:00-CME-001,M2M_CATALOG,2020-11-22T01:36Z,,,2020-11-22,2T01,,,,,,,,,,,,,
2020-11-23T18:48:00-CME-001,M2M_CATALOG,2020-11-23T18:48Z,,,2020-11-23,3T18,,,,,,,,,,,,,
2020-11-24T04:36:00-CME-001,M2M_CATALOG,2020-11-24T04:36Z,S20E65,12785.0,2020-11-24,4T04,,,,,,,,,,,,,
2020-11-24T11:24:00-CME-001,M2M_CATALOG,2020-11-24T11:24Z,,,2020-11-24,4T11,,,,,,,,,,,,,
2020-12-04T11:09:00-CME-001,M2M_CATALOG,2020-12-04T11:09Z,,,2020-12-04,4T11,,,,,,,,,,,,,
2020-11-24T13:24:00-CME-001,M2M_CATALOG,2020-11-24T13:24Z,,,2020-11-24,4T13,,,,,,,,,,,,,
2020-11-26T08:24:00-CME-001,M2M_CATALOG,2020-11-26T08:24Z,,,2020-11-26,6T08,,,,,,,,,,,,,
2020-11-26T21:24:00-CME-001,M2M_CATALOG,2020-11-26T21:24Z,N32E90,12787.0,2020-11-26,6T21,,,,,,,,,,,,,
2020-11-27T05:48:00-CME-001,M2M_CATALOG,2020-11-27T05:48Z,,,2020-11-27,7T05,,,,,,,,,,,,,
2020-11-29T13:24:00-CME-001,M2M_CATALOG,2020-11-29T13:24Z,S23E97,,2020-11-29,9T13,,,,,,,,,,,,,
2020-11-19T15:12:00-CME-001,M2M_CATALOG,2020-11-19T15:12Z,,,2020-11-19,9T15,,,,,,,,,,,,,
2020-11-29T15:05:00-CME-001,M2M_CATALOG,2020-11-29T15:05Z,,12783.0,2020-11-29,9T15,,,,,,,,,,,,,
2020-11-30T07:09:00-CME-001,M2M_CATALOG,2020-11-30T07:09Z,,,2020-11-30,0T07,,,,,,,,,,,,,
2020-12-01T05:48:00-CME-001,M2M_CATALOG,2020-12-01T05:48Z,S25E80,12790.0,2020-12-01,1T05,,,,,,,,,,,,,
2020-12-01T07:12:00-CME-001,M2M_CATALOG,2020-12-01T07:12Z,N35E30,12787.0,2020-12-01,1T07,,,,,,,,,,,,,
2020-12-03T11:12:00-CME-001,M2M_CATALOG,2020-12-03T11:12Z,S30E137,,2020-12-03,3T11,,,,,,,,,,,,,
2020-12-04T02:48:00-CME-001,M2M_CATALOG,2020-12-04T02:48Z,,,2020-12-04,4T02,,,,,,,,,,,,,
2020-11-24T11:24:00-CME-001,M2M_CATALOG,2020-11-24T11:24Z,,,2020-11-24,4T11,,,,,,,,,,,,,
2020-12-04T11:09:00-CME-001,M2M_CATALOG,2020-12-04T11:09Z,,,2020-12-04,4T11,,,,,,,,,,,,,
2020-12-06T22:00:00-CME-001,M2M_CATALOG,2020-12-06T22:00Z,,,2020-12-06,6T22,,,,,,,,,,,,,
2020-12-07T16:24:00-CME-001,M2M_CATALOG,2020-12-07T16:24Z,S23W11,12790.0,2020-12-07,7T16,,,,,,,,,,,,,
2020-12-07T18:36:00-CME-001,M2M_CATALOG,2020-12-07T18:36Z,S40W30,,2020-12-07,7T18,,,,,,,,,,,,,
2020-10-31T00:12:00-CME-001,M2M_CATALOG,2020-10-31T00:12Z,,,2020-10-31,1T00,,,,,,,,,,,,,
2020-12-11T00:36:00-CME-001,M2M_CATALOG,2020-12-11T00:36Z,,,2020-12-11,1T00,,,,,,,,,,,,,
2020-11-11T19:36:00-CME-001,M2M_CATALOG,2020-11-11T19:36Z,S22E60,12782.0,2020-11-11,1T19,,,,,,,,,,,,,
2020-11-21T19:36:00-CME-001,M2M_CATALOG,2020-11-21T19:36Z,,,2020-11-21,1T19,,,,,,,,,,,,,
2020-12-11T19:09:00-CME-001,M2M_CATALOG,2020-12-11T19:09Z,,12791.0,2020-12-11,1T19,,,,,,,,,,,,,
2020-12-12T04:12:00-CME-001,M2M_CATALOG,2020-12-12T04:12Z,,,2020-12-12,2T04,,,,,,,,,,,,,
2020-12-13T09:24:00-CME-001,M2M_CATALOG,2020-12-13T09:24Z,,,2020-12-13,3T09,,,,,,,,,,,,,
2020-12-14T15:12:00-CME-001,M2M_CATALOG,2020-12-14T15:12Z,S22E44,12792.0,2020-12-14,4T15,,,,,,,,,,,,,
2020-12-14T21:12:00-CME-001,M2M_CATALOG,2020-12-14T21:12Z,N40E110,,2020-12-14,4T21,,,,,,,,,,,,,
2020-12-17T06:48:00-CME-001,M2M_CATALOG,2020-12-17T06:48Z,,,2020-12-17,7T06,,,,,,,,,,,,,
2020-12-27T00:48:00-CME-001,M2M_CATALOG,2020-12-27T00:48Z,,,2020-12-27,7T00,,,,,,,,,,,,,
2020-12-30T02:24:00-CME-001,M2M_CATALOG,2020-12-30T02:24Z,S20E08,12795.0,2020-12-30,0T02,,,,,,,,,,,,,
2020-10-10T04:24:00-CME-001,M2M_CATALOG,2020-10-10T04:24Z,,,2020-10-10,0T04,,,,,,,,,,,,,
2020-10-13T21:12:00-CME-001,M2M_CATALOG,2020-10-13T21:12Z,S23W37,12775.0,2020-10-13,3T21,,,,,,,,,,,,,
2020-10-14T03:24:00-CME-001,M2M_CATALOG,2020-10-14T03:24Z,,,2020-10-14,4T03,,,,,,,,,,,,,
2020-10-15T11:24:00-CME-001,M2M_CATALOG,2020-10-15T11:24Z,,,2020-10-15,5T11,,,,,,,,,,,,,
2020-10-15T16:36:00-CME-001,M2M_CATALOG,2020-10-15T16:36Z,,,2020-10-15,5T16,,,,,,,,,,,,,
2020-10-16T13:36:00-CME-001,M2M_CATALOG,2020-10-16T13:36Z,,12774.0,2020-10-16,6T13,,,,,,,,,,,,,
2020-10-16T16:03:00-CME-001,M2M_CATALOG,2020-10-16T16:03Z,S23W66,12775.0,2020-10-16,6T16,,,,,,,,,,,,,
2020-10-18T09:24:00-CME-001,M2M_CATALOG,2020-10-18T09:24Z,,,2020-10-18,8T09,,,,,,,,,,,,,
2020-10-22T13:09:00-CME-001,M2M_CATALOG,2020-10-22T13:09Z,,,2020-10-22,2T13,,,,,,,,,,,,,
2020-10-23T04:39:00-CME-001,M2M_CATALOG,2020-10-23T04:39Z,,,2020-10-23,3T04,,,,,,,,,,,,,
2020-10-23T22:35:00-CME-001,M2M_CATALOG,2020-10-23T22:35Z,,,2020-10-23,3T22,,,,,,,,,,,,,
2020-10-26T09:12:00-CME-001,M2M_CATALOG,2020-10-26T09:12Z,,,2020-10-26,6T09,,,,,,,,,,,,,
2020-10-26T18:09:00-CME-001,M2M_CATALOG,2020-10-26T18:09Z,,,2020-10-26,6T18,,,,,,,,,,,,,
2020-10-27T03:39:00-CME-001,M2M_CATALOG,2020-10-27T03:39Z,,,2020-10-27,7T03,,,,,,,,,,,,,
2020-10-28T13:42:00-CME-001,M2M_CATALOG,2020-10-28T13:42Z,,,2020-10-28,8T13,,,,,,,,,,,,,
2020-11-18T13:24:00-CME-001,M2M_CATALOG,2020-11-18T13:24Z,,,2020-11-18,8T13,,,,,,,,,,,,,
2020-11-18T13:36:00-CME-001,M2M_CATALOG,2020-11-18T13:36Z,,,2020-11-18,8T13,,,,,,,,,,,,,
2020-10-29T01:54:00-CME-001,M2M_CATALOG,2020-10-29T01:54Z,S19W28,12779.0,2020-10-29,9T01,,,,,,,,,,,,,
2020-10-31T00:12:00-CME-001,M2M_CATALOG,2020-10-31T00:12Z,,,2020-10-31,1T00,,,,,,,,,,,,,
2020-12-11T00:36:00-CME-001,M2M_CATALOG,2020-12-11T00:36Z,,,2020-12-11,1T00,,,,,,,,,,,,,
2020-11-01T20:00:00-CME-001,M2M_CATALOG,2020-11-01T20:00Z,,,2020-11-01,1T20,,,,,,,,,,,,,
2020-11-02T05:24:00-CME-001,M2M_CATALOG,2020-11-02T05:24Z,,,2020-11-02,2T05,,,,,,,,,,,,,
2020-11-07T13:24:00-CME-001,M2M_CATALOG,2020-11-07T13:24Z,N19W01,12780.0,2020-11-07,7T13,,,,,,,,,,,,,
2020-11-08T20:12:00-CME-001,M2M_CATALOG,2020-11-08T20:12Z,,,2020-11-08,8T20,,,,,,,,,,,,,
2020-11-11T19:36:00-CME-001,M2M_CATALOG,2020-11-11T19:36Z,S22E60,12782.0,2020-11-11,1T19,,,,,,,,,,,,,
2020-11-21T19:36:00-CME-001,M2M_CATALOG,2020-11-21T19:36Z,,,2020-11-21,1T19,,,,,,,,,,,,,
2020-12-11T19:09:00-CME-001,M2M_CATALOG,2020-12-11T19:09Z,,12791.0,2020-12-11,1T19,,,,,,,,,,,,,
2020-11-12T02:24:00-CME-001,M2M_CATALOG,2020-11-12T02:24Z,,,2020-11-12,2T02,,,,,,,,,,,,,
2020-11-13T12:24:00-CME-001,M2M_CATALOG,2020-11-13T12:24Z,,,2020-11-13,3T12,,,,,,,,,,,,,
2020-11-17T08:36:00-CME-001,M2M_CATALOG,2020-11-17T08:36Z,,,2020-11-17,7T08,,,,,,,,,,,,,
2020-11-17T19:00:00-CME-001,M2M_CATALOG,2020-11-17T19:00Z,,,2020-11-17,7T19,,,,,,,,,,,,,
2020-10-28T13:42:00-CME-001,M2M_CATALOG,2020-10-28T13:42Z,,,2020-10-28,8T13,,,,,,,,,,,,,
2020-11-18T13:24:00-CME-001,M2M_CATALOG,2020-11-18T13:24Z,,,2020-11-18,8T13,,,,,,,,,,,,,
2020-11-18T13:36:00-CME-001,M2M_CATALOG,2020-11-18T13:36Z,,,2020-11-18,8T13,,,,,,,,,,,,,
2020-10-28T13:42:00-CME-001,M2M_CATALOG,2020-10-28T13:42Z,,,2020-10-28,8T13,,,,,,,,,,,,,
2020-11-18T13:24:00-CME-001,M2M_CATALOG,2020-11-18T13:24Z,,,2020-11-18,8T13,,,,,,,,,,,,,
2020-11-18T13:36:00-CME-001,M2M_CATALOG,2020-11-18T13:36Z,,,2020-11-18,8T13,,,,,,,,,,,,,
2020-11-18T21:48:00-CME-001,M2M_CATALOG,2020-11-18T21:48Z,S20E138,,2020-11-18,8T21,,,,,,,,,,,,,
2020-11-19T02:54:00-CME-001,M2M_CATALOG,2020-11-19T02:54Z,,,2020-11-19,9T02,,,,,,,,,,,,,
2020-11-19T03:12:00-CME-001,M2M_CATALOG,2020-11-19T03:12Z,N30E40,,2020-11-19,9T03,,,,,,,,,,,,,
2020-11-19T06:48:00-CME-001,M2M_CATALOG,2020-11-19T06:48Z,S23E49,,2020-11-19,9T06,,,,,,,,,,,,,
2020-11-19T15:12:00-CME-001,M2M_CATALOG,2020-11-19T15:12Z,,,2020-11-19,9T15,,,,,,,,,,,,,
2020-11-29T15:05:00-CME-001,M2M_CATALOG,2020-11-29T15:05Z,,12783.0,2020-11-29,9T15,,,,,,,,,,,,,
2020-11-20T19:51:00-CME-001,M2M_CATALOG,2020-11-20T19:51Z,,12783.0,2020-11-20,0T19,,,,,,,,,,,,,
2020-10-10T04:24:00-CME-001,M2M_CATALOG,2020-10-10T04:24Z,,,2020-10-10,0T04,,,,,,,,,,,,,
2020-10-13T21:12:00-CME-001,M2M_CATALOG,2020-10-13T21:12Z,S23W37,12775.0,2020-10-13,3T21,,,,,,,,,,,,,
2020-10-14T03:24:00-CME-001,M2M_CATALOG,2020-10-14T03:24Z,,,2020-10-14,4T03,,,,,,,,,,,,,
2020-10-15T11:24:00-CME-001,M2M_CATALOG,2020-10-15T11:24Z,,,2020-10-15,5T11,,,,,,,,,,,,,
2020-10-15T16:36:00-CME-001,M2M_CATALOG,2020-10-15T16:36Z,,,2020-10-15,5T16,,,,,,,,,,,,,
2020-10-16T13:36:00-CME-001,M2M_CATALOG,2020-10-16T13:36Z,,12774.0,2020-10-16,6T13,,,,,,,,,,,,,
2020-10-16T16:03:00-CME-001,M2M_CATALOG,2020-10-16T16:03Z,S23W66,12775.0,2020-10-16,6T16,,,,,,,,,,,,,
2020-10-18T09:24:00-CME-001,M2M_CATALOG,2020-10-18T09:24Z,,,2020-10-18,8T09,,,,,,,,,,,,,
2020-10-22T13:09:00-CME-001,M2M_CATALOG,2020-10-22T13:09Z,,,2020-10-22,2T13,,,,,,,,,,,,,
2020-10-23T04:39:00-CME-001,M2M_CATALOG,2020-10-23T04:39Z,,,2020-10-23,3T04,,,,,,,,,,,,,
2020-10-23T22:35:00-CME-001,M2M_CATALOG,2020-10-23T22:35Z,,,2020-10-23,3T22,,,,,,,,,,,,,
2020-10-26T09:12:00-CME-001,M2M_CATALOG,2020-10-26T09:12Z,,,2020-10-26,6T09,,,,,,,,,,,,,
2020-10-26T18:09:00-CME-001,M2M_CATALOG,2020-10-26T18:09Z,,,2020-10-26,6T18,,,,,,,,,,,,,
2020-10-27T03:39:00-CME-001,M2M_CATALOG,2020-10-27T03:39Z,,,2020-10-27,7T03,,,,,,,,,,,,,
2020-10-28T13:42:00-CME-001,M2M_CATALOG,2020-10-28T13:42Z,,,2020-10-28,8T13,,,,,,,,,,,,,
2020-11-18T13:24:00-CME-001,M2M_CATALOG,2020-11-18T13:24Z,,,2020-11-18,8T13,,,,,,,,,,,,,
2020-11-18T13:36:00-CME-001,M2M_CATALOG,2020-11-18T13:36Z,,,2020-11-18,8T13,,,,,,,,,,,,,
2020-10-29T01:54:00-CME-001,M2M_CATALOG,2020-10-29T01:54Z,S19W28,12779.0,2020-10-29,9T01,,,,,,,,,,,,,
2020-10-31T00:12:00-CME-001,M2M_CATALOG,2020-10-31T00:12Z,,,2020-10-31,1T00,,,,,,,,,,,,,
2020-12-11T00:36:00-CME-001,M2M_CATALOG,2020-12-11T00:36Z,,,2020-12-11,1T00,,,,,,,,,,,,,
2020-11-01T20:00:00-CME-001,M2M_CATALOG,2020-11-01T20:00Z,,,2020-11-01,1T20,,,,,,,,,,,,,
2020-11-02T05:24:00-CME-001,M2M_CATALOG,2020-11-02T05:24Z,,,2020-11-02,2T05,,,,,,,,,,,,,
2020-11-07T13:24:00-CME-001,M2M_CATALOG,2020-11-07T13:24Z,N19W01,12780.0,2020-11-07,7T13,,,,,,,,,,,,,
2020-11-08T20:12:00-CME-001,M2M_CATALOG,2020-11-08T20:12Z,,,2020-11-08,8T20,,,,,,,,,,,,,
2020-11-11T19:36:00-CME-001,M2M_CATALOG,2020-11-11T19:36Z,S22E60,12782.0,2020-11-11,1T19,,,,,,,,,,,,,
2020-11-21T19:36:00-CME-001,M2M_CATALOG,2020-11-21T19:36Z,,,2020-11-21,1T19,,,,,,,,,,,,,
2020-12-11T19:09:00-CME-001,M2M_CATALOG,2020-12-11T19:09Z,,12791.0,2020-12-11,1T19,,,,,,,,,,,,,
2020-11-12T02:24:00-CME-001,M2M_CATALOG,2020-11-12T02:24Z,,,2020-11-12,2T02,,,,,,,,,,,,,
2020-11-13T12:24:00-CME-001,M2M_CATALOG,2020-11-13T12:24Z,,,2020-11-13,3T12,,,,,,,,,,,,,
2020-11-17T08:36:00-CME-001,M2M_CATALOG,2020-11-17T08:36Z,,,2020-11-17,7T08,,,,,,,,,,,,,
2020-11-17T19:00:00-CME-001,M2M_CATALOG,2020-11-17T19:00Z,,,2020-11-17,7T19,,,,,,,,,,,,,
2020-10-28T13:42:00-CME-001,M2M_CATALOG,2020-10-28T13:42Z,,,2020-10-28,8T13,,,,,,,,,,,,,
2020-11-18T13:24:00-CME-001,M2M_CATALOG,2020-11-18T13:24Z,,,2020-11-18,8T13,,,,,,,,,,,,,
2020-11-18T13:36:00-CME-001,M2M_CATALOG,2020-11-18T13:36Z,,,2020-11-18,8T13,,,,,,,,,,,,,
2020-10-28T13:42:00-CME-001,M2M_CATALOG,2020-10-28T13:42Z,,,2020-10-28,8T13,,,,,,,,,,,,,
2020-11-18T13:24:00-CME-001,M2M_CATALOG,2020-11-18T13:24Z,,,2020-11-18,8T13,,,,,,,,,,,,,
2020-11-18T13:36:00-CME-001,M2M_CATALOG,2020-11-18T13:36Z,,,2020-11-18,8T13,,,,,,,,,,,,,
2020-11-18T21:48:00-CME-001,M2M_CATALOG,2020-11-18T21:48Z,S20E138,,2020-11-18,8T21,,,,,,,,,,,,,
2020-11-19T02:54:00-CME-001,M2M_CATALOG,2020-11-19T02:54Z,,,2020-11-19,9T02,,,,,,,,,,,,,
2020-11-19T03:12:00-CME-001,M2M_CATALOG,2020-11-19T03:12Z,N30E40,,2020-11-19,9T03,,,,,,,,,,,,,
2020-11-19T06:48:00-CME-001,M2M_CATALOG,2020-11-19T06:48Z,S23E49,,2020-11-19,9T06,,,,,,,,,,,,,
2020-11-19T15:12:00-CME-001,M2M_CATALOG,2020-11-19T15:12Z,,,2020-11-19,9T15,,,,,,,,,,,,,
2020-11-29T15:05:00-CME-001,M2M_CATALOG,2020-11-29T15:05Z,,12783.0,2020-11-29,9T15,,,,,,,,,,,,,
2020-11-20T19:51:00-CME-001,M2M_CATALOG,2020-11-20T19:51Z,,12783.0,2020-11-20,0T19,,,,,,,,,,,,,
2020-11-20T21:12:00-CME-001,M2M_CATALOG,2020-11-20T21:12Z,,,2020-11-20,0T21,,,,,,,,,,,,,
2020-11-11T19:36:00-CME-001,M2M_CATALOG,2020-11-11T19:36Z,S22E60,12782.0,2020-11-11,1T19,,,,,,,,,,,,,
2020-11-21T19:36:00-CME-001,M2M_CATALOG,2020-11-21T19:36Z,,,2020-11-21,1T19,,,,,,,,,,,,,
2020-12-11T19:09:00-CME-001,M2M_CATALOG,2020-12-11T19:09Z,,12791.0,2020-12-11,1T19,,,,,,,,,,,,,
2020-11-21T23:12:00-CME-001,M2M_CATALOG,2020-11-21T23:12Z,,,2020-11-21,1T23,,,,,,,,,,,,,
2020-11-22T01:36:00-CME-001,M2M_CATALOG,2020-11-22T01:36Z,,,2020-11-22,2T01,,,,,,,,,,,,,
2020-11-23T18:48:00-CME-001,M2M_CATALOG,2020-11-23T18:48Z,,,2020-11-23,3T18,,,,,,,,,,,,,
2020-11-24T04:36:00-CME-001,M2M_CATALOG,2020-11-24T04:36Z,S20E65,12785.0,2020-11-24,4T04,,,,,,,,,,,,,
2020-11-24T11:24:00-CME-001,M2M_CATALOG,2020-11-24T11:24Z,,,2020-11-24,4T11,,,,,,,,,,,,,
2020-12-04T11:09:00-CME-001,M2M_CATALOG,2020-12-04T11:09Z,,,2020-12-04,4T11,,,,,,,,,,,,,
2020-11-24T13:24:00-CME-001,M2M_CATALOG,2020-11-24T13:24Z,,,2020-11-24,4T13,,,,,,,,,,,,,
2020-11-26T08:24:00-CME-001,M2M_CATALOG,2020-11-26T08:24Z,,,2020-11-26,6T08,,,,,,,,,,,,,
2020-11-26T21:24:00-CME-001,M2M_CATALOG,2020-11-26T21:24Z,N32E90,12787.0,2020-11-26,6T21,,,,,,,,,,,,,
2020-11-27T05:48:00-CME-001,M2M_CATALOG,2020-11-27T05:48Z,,,2020-11-27,7T05,,,,,,,,,,,,,
2020-11-29T13:24:00-CME-001,M2M_CATALOG,2020-11-29T13:24Z,S23E97,,2020-11-29,9T13,,,,,,,,,,,,,
2020-11-19T15:12:00-CME-001,M2M_CATALOG,2020-11-19T15:12Z,,,2020-11-19,9T15,,,,,,,,,,,,,
2020-11-29T15:05:00-CME-001,M2M_CATALOG,2020-11-29T15:05Z,,12783.0,2020-11-29,9T15,,,,,,,,,,,,,
2020-11-30T07:09:00-CME-001,M2M_CATALOG,2020-11-30T07:09Z,,,2020-11-30,0T07,,,,,,,,,,,,,
2020-12-01T05:48:00-CME-001,M2M_CATALOG,2020-12-01T05:48Z,S25E80,12790.0,2020-12-01,1T05,,,,,,,,,,,,,
2020-12-01T07:12:00-CME-001,M2M_CATALOG,2020-12-01T07:12Z,N35E30,12787.0,2020-12-01,1T07,,,,,,,,,,,,,
2020-12-03T11:12:00-CME-001,M2M_CATALOG,2020-12-03T11:12Z,S30E137,,2020-12-03,3T11,,,,,,,,,,,,,
2020-12-04T02:48:00-CME-001,M2M_CATALOG,2020-12-04T02:48Z,,,2020-12-04,4T02,,,,,,,,,,,,,
2020-11-24T11:24:00-CME-001,M2M_CATALOG,2020-11-24T11:24Z,,,2020-11-24,4T11,,,,,,,,,,,,,
2020-12-04T11:09:00-CME-001,M2M_CATALOG,2020-12-04T11:09Z,,,2020-12-04,4T11,,,,,,,,,,,,,
2020-12-06T22:00:00-CME-001,M2M_CATALOG,2020-12-06T22:00Z,,,2020-12-06,6T22,,,,,,,,,,,,,
2020-12-07T16:24:00-CME-001,M2M_CATALOG,2020-12-07T16:24Z,S23W11,12790.0,2020-12-07,7T16,,,,,,,,,,,,,
2020-12-07T18:36:00-CME-001,M2M_CATALOG,2020-12-07T18:36Z,S40W30,,2020-12-07,7T18,,,,,,,,,,,,,
2020-10-31T00:12:00-CME-001,M2M_CATALOG,2020-10-31T00:12Z,,,2020-10-31,1T00,,,,,,,,,,,,,
2020-12-11T00:36:00-CME-001,M2M_CATALOG,2020-12-11T00:36Z,,,2020-12-11,1T00,,,,,,,,,,,,,
2020-11-11T19:36:00-CME-001,M2M_CATALOG,2020-11-11T19:36Z,S22E60,12782.0,2020-11-11,1T19,,,,,,,,,,,,,
2020-11-21T19:36:00-CME-001,M2M_CATALOG,2020-11-21T19:36Z,,,2020-11-21,1T19,,,,,,,,,,,,,
2020-12-11T19:09:00-CME-001,M2M_CATALOG,2020-12-11T19:09Z,,12791.0,2020-12-11,1T19,,,,,,,,,,,,,
2020-12-12T04:12:00-CME-001,M2M_CATALOG,2020-12-12T04:12Z,,,2020-12-12,2T04,,,,,,,,,,,,,
2020-12-13T09:24:00-CME-001,M2M_CATALOG,2020-12-13T09:24Z,,,2020-12-13,3T09,,,,,,,,,,,,,
2020-12-14T15:12:00-CME-001,M2M_CATALOG,2020-12-14T15:12Z,S22E44,12792.0,2020-12-14,4T15,,,,,,,,,,,,,
2020-12-14T21:12:00-CME-001,M2M_CATALOG,2020-12-14T21:12Z,N40E110,,2020-12-14,4T21,,,,,,,,,,,,,
2020-12-17T06:48:00-CME-001,M2M_CATALOG,2020-12-17T06:48Z,,,2020-12-17,7T06,,,,,,,,,,,,,
2020-12-27T00:48:00-CME-001,M2M_CATALOG,2020-12-27T00:48Z,,,2020-12-27,7T00,,,,,,,,,,,,,
2020-12-30T02:24:00-CME-001,M2M_CATALOG,2020-12-30T02:24Z,S20E08,12795.0,2020-12-30,0T02,,,,,,,,,,,,,
2020-10-10T04:24:00-CME-001,M2M_CATALOG,2020-10-10T04:24Z,,,2020-10-10,0T04,,,,,,,,,,,,,
2020-10-13T21:12:00-CME-001,M2M_CATALOG,2020-10-13T21:12Z,S23W37,12775.0,2020-10-13,3T21,,,,,,,,,,,,,
2020-10-14T03:24:00-CME-001,M2M_CATALOG,2020-10-14T03:24Z,,,2020-10-14,4T03,,,,,,,,,,,,,
2020-10-15T11:24:00-CME-001,M2M_CATALOG,2020-10-15T11:24Z,,,2020-10-15,5T11,,,,,,,,,,,,,
2020-10-15T16:36:00-CME-001,M2M_CATALOG,2020-10-15T16:36Z,,,2020-10-15,5T16,,,,,,,,,,,,,
2020-10-16T13:36:00-CME-001,M2M_CATALOG,2020-10-16T13:36Z,,12774.0,2020-10-16,6T13,,,,,,,,,,,,,
2020-10-16T16:03:00-CME-001,M2M_CATALOG,2020-10-16T16:03Z,S23W66,12775.0,2020-10-16,6T16,,,,,,,,,,,,,
2020-10-18T09:24:00-CME-001,M2M_CATALOG,2020-10-18T09:24Z,,,2020-10-18,8T09,,,,,,,,,,,,,
2020-10-22T13:09:00-CME-001,M2M_CATALOG,2020-10-22T13:09Z,,,2020-10-22,2T13,,,,,,,,,,,,,
2020-10-23T04:39:00-CME-001,M2M_CATALOG,2020-10-23T04:39Z,,,2020-10-23,3T04,,,,,,,,,,,,,
2020-10-23T22:35:00-CME-001,M2M_CATALOG,2020-10-23T22:35Z,,,2020-10-23,3T22,,,,,,,,,,,,,
2020-10-26T09:12:00-CME-001,M2M_CATALOG,2020-10-26T09:12Z,,,2020-10-26,6T09,,,,,,,,,,,,,
2020-10-26T18:09:00-CME-001,M2M_CATALOG,2020-10-26T18:09Z,,,2020-10-26,6T18,,,,,,,,,,,,,
2020-10-27T03:39:00-CME-001,M2M_CATALOG,2020-10-27T03:39Z,,,2020-10-27,7T03,,,,,,,,,,,,,
2020-10-28T13:42:00-CME-001,M2M_CATALOG,2020-10-28T13:42Z,,,2020-10-28,8T13,,,,,,,,,,,,,
2020-11-18T13:24:00-CME-001,M2M_CATALOG,2020-11-18T13:24Z,,,2020-11-18,8T13,,,,,,,,,,,,,
2020-11-18T13:36:00-CME-001,M2M_CATALOG,2020-11-18T13:36Z,,,2020-11-18,8T13,,,,,,,,,,,,,
2020-10-29T01:54:00-CME-001,M2M_CATALOG,2020-10-29T01:54Z,S19W28,12779.0,2020-10-29,9T01,,,,,,,,,,,,,
2020-10-31T00:12:00-CME-001,M2M_CATALOG,2020-10-31T00:12Z,,,2020-10-31,1T00,,,,,,,,,,,,,
2020-12-11T00:36:00-CME-001,M2M_CATALOG,2020-12-11T00:36Z,,,2020-12-11,1T00,,,,,,,,,,,,,
2020-11-01T20:00:00-CME-001,M2M_CATALOG,2020-11-01T20:00Z,,,2020-11-01,1T20,,,,,,,,,,,,,
2020-11-02T05:24:00-CME-001,M2M_CATALOG,2020-11-02T05:24Z,,,2020-11-02,2T05,,,,,,,,,,,,,
2020-11-07T13:24:00-CME-001,M2M_CATALOG,2020-11-07T13:24Z,N19W01,12780.0,2020-11-07,7T13,,,,,,,,,,,,,
2020-11-08T20:12:00-CME-001,M2M_CATALOG,2020-11-08T20:12Z,,,2020-11-08,8T20,,,,,,,,,,,,,
2020-11-11T19:36:00-CME-001,M2M_CATALOG,2020-11-11T19:36Z,S22E60,12782.0,2020-11-11,1T19,,,,,,,,,,,,,
2020-11-21T19:36:00-CME-001,M2M_CATALOG,2020-11-21T19:36Z,,,2020-11-21,1T19,,,,,,,,,,,,,
2020-12-11T19:09:00-CME-001,M2M_CATALOG,2020-12-11T19:09Z,,12791.0,2020-12-11,1T19,,,,,,,,,,,,,
2020-11-12T02:24:00-CME-001,M2M_CATALOG,2020-11-12T02:24Z,,,2020-11-12,2T02,,,,,,,,,,,,,
2020-11-13T12:24:00-CME-001,M2M_CATALOG,2020-11-13T12:24Z,,,2020-11-13,3T12,,,,,,,,,,,,,
2020-11-17T08:36:00-CME-001,M2M_CATALOG,2020-11-17T08:36Z,,,2020-11-17,7T08,,,,,,,,,,,,,
2020-11-17T19:00:00-CME-001,M2M_CATALOG,2020-11-17T19:00Z,,,2020-11-17,7T19,,,,,,,,,,,,,
2020-10-28T13:42:00-CME-001,M2M_CATALOG,2020-10-28T13:42Z,,,2020-10-28,8T13,,,,,,,,,,,,,
2020-11-18T13:24:00-CME-001,M2M_CATALOG,2020-11-18T13:24Z,,,2020-11-18,8T13,,,,,,,,,,,,,
2020-11-18T13:36:00-CME-001,M2M_CATALOG,2020-11-18T13:36Z,,,2020-11-18,8T13,,,,,,,,,,,,,
2020-10-28T13:42:00-CME-001,M2M_CATALOG,2020-10-28T13:42Z,,,2020-10-28,8T13,,,,,,,,,,,,,
2020-11-18T13:24:00-CME-001,M2M_CATALOG,2020-11-18T13:24Z,,,2020-11-18,8T13,,,,,,,,,,,,,
2020-11-18T13:36:00-CME-001,M2M_CATALOG,2020-11-18T13:36Z,,,2020-11-18,8T13,,,,,,,,,,,,,
2020-11-18T21:48:00-CME-001,M2M_CATALOG,2020-11-18T21:48Z,S20E138,,2020-11-18,8T21,,,,,,,,,,,,,
2020-11-19T02:54:00-CME-001,M2M_CATALOG,2020-11-19T02:54Z,,,2020-11-19,9T02,,,,,,,,,,,,,
2020-11-19T03:12:00-CME-001,M2M_CATALOG,2020-11-19T03:12Z,N30E40,,2020-11-19,9T03,,,,,,,,,,,,,
2020-11-19T06:48:00-CME-001,M2M_CATALOG,2020-11-19T06:48Z,S23E49,,2020-11-19,9T06,,,,,,,,,,,,,
2020-11-19T15:12:00-CME-001,M2M_CATALOG,2020-11-19T15:12Z,,,2020-11-19,9T15,,,,,,,,,,,,,
2020-11-29T15:05:00-CME-001,M2M_CATALOG,2020-11-29T15:05Z,,12783.0,2020-11-29,9T15,,,,,,,,,,,,,
2020-10-10T04:24:00-CME-001,M2M_CATALOG,2020-10-10T04:24Z,,,2020-10-10,0T04,,,,,,,,,,,,,
2020-10-13T21:12:00-CME-001,M2M_CATALOG,2020-10-13T21:12Z,S23W37,12775.0,2020-10-13,3T21,,,,,,,,,,,,,
2020-10-14T03:24:00-CME-001,M2M_CATALOG,2020-10-14T03:24Z,,,2020-10-14,4T03,,,,,,,,,,,,,
2020-10-15T11:24:00-CME-001,M2M_CATALOG,2020-10-15T11:24Z,,,2020-10-15,5T11,,,,,,,,,,,,,
2020-10-15T16:36:00-CME-001,M2M_CATALOG,2020-10-15T16:36Z,,,2020-10-15,5T16,,,,,,,,,,,,,
2020-10-16T13:36:00-CME-001,M2M_CATALOG,2020-10-16T13:36Z,,12774.0,2020-10-16,6T13,,,,,,,,,,,,,
2020-10-16T16:03:00-CME-001,M2M_CATALOG,2020-10-16T16:03Z,S23W66,12775.0,2020-10-16,6T16,,,,,,,,,,,,,
2020-10-18T09:24:00-CME-001,M2M_CATALOG,2020-10-18T09:24Z,,,2020-10-18,8T09,,,,,,,,,,,,,
2020-10-22T13:09:00-CME-001,M2M_CATALOG,2020-10-22T13:09Z,,,2020-10-22,2T13,,,,,,,,,,,,,
2020-11-02T05:24:00-CME-001,M2M_CATALOG,2020-11-02T05:24Z,,,2020-11-02,2T05,,,,,,,,,,,,,
2020-11-07T13:24:00-CME-001,M2M_CATALOG,2020-11-07T13:24Z,N19W01,12780.0,2020-11-07,7T13,,,,,,,,,,,,,
2020-11-08T20:12:00-CME-001,M2M_CATALOG,2020-11-08T20:12Z,,,2020-11-08,8T20,,,,,,,,,,,,,
2020-11-11T19:36:00-CME-001,M2M_CATALOG,2020-11-11T19:36Z,S22E60,12782.0,2020-11-11,1T19,,,,,,,,,,,,,
2020-11-21T19:36:00-CME-001,M2M_CATALOG,2020-11-21T19:36Z,,,2020-11-21,1T19,,,,,,,,,,,,,
2020-12-11T19:09:00-CME-001,M2M_CATALOG,2020-12-11T19:09Z,,12791.0,2020-12-11,1T19,,,,,,,,,,,,,
2020-11-12T02:24:00-CME-001,M2M_CATALOG,2020-11-12T02:24Z,,,2020-11-12,2T02,,,,,,,,,,,,,
2020-11-13T12:24:00-CME-001,M2M_CATALOG,2020-11-13T12:24Z,,,2020-11-13,3T12,,,,,,,,,,,,,
2020-11-17T08:36:00-CME-001,M2M_CATALOG,2020-11-17T08:36Z,,,2020-11-17,7T08,,,,,,,,,,,,,
2020-11-17T19:00:00-CME-001,M2M_CATALOG,2020-11-17T19:00Z,,,2020-11-17,7T19,,,,,,,,,,,,,
2020-11-18T21:48:00-CME-001,M2M_CATALOG,2020-11-18T21:48Z,S20E138,,2020-11-18,8T21,,,,,,,,,,,,,
2020-11-19T02:54:00-CME-001,M2M_CATALOG,2020-11-19T02:54Z,,,2020-11-19,9T02,,,,,,,,,,,,,
2020-11-27T05:48:00-CME-001,M2M_CATALOG,2020-11-27T05:48Z,,,2020-11-27,7T05,,,,,,,,,,,,,
2020-11-29T13:24:00-CME-001,M2M_CATALOG,2020-11-29T13:24Z,S23E97,,2020-11-29,9T13,,,,,,,,,,,,,
2020-11-30T07:09:00-CME-001,M2M_CATALOG,2020-11-30T07:09Z,,,2020-11-30,0T07,,,,,,,,,,,,,
2020-12-01T05:48:00-CME-001,M2M_CATALOG,2020-12-01T05:48Z,S25E80,12790.0,2020-12-01,1T05,,,,,,,,,,,,,
2020-12-01T07:12:00-CME-001,M2M_CATALOG,2020-12-01T07:12Z,N35E30,12787.0,2020-12-01,1T07,,,,,,,,,,,,,
2020-12-03T11:12:00-CME-001,M2M_CATALOG,2020-12-03T11:12Z,S30E137,,2020-12-03,3T11,,,,,,,,,,,,,
2020-12-04T02:48:00-CME-001,M2M_CATALOG,2020-12-04T02:48Z,,,2020-12-04,4T02,,,,,,,,,,,,,
2020-12-06T22:00:00-CME-001,M2M_CATALOG,2020-12-06T22:00Z,,,2020-12-06,6T22,,,,,,,,,,,,,
2020-12-07T16:24:00-CME-001,M2M_CATALOG,2020-12-07T16:24Z,S23W11,12790.0,2020-12-07,7T16,,,,,,,,,,,,,
2020-12-07T18:36:00-CME-001,M2M_CATALOG,2020-12-07T18:36Z,S40W30,,2020-12-07,7T18,5339.0,23a6f41b-a124-48e9-9c0d-a0f08a99d060,Miller Draft,Ruination IPA,Amber Hybrid Beer,Golding,1968 - London ESB Ale,Special roast,76 IBU,4.4%,17.6°Blg,Estados Unidos,1855.0
2020-12-17T06:48:00-CME-001,M2M_CATALOG,2020-12-17T06:48Z,,,2020-12-17,7T06,,,,,,,,,,,,,
2020-12-27T00:48:00-CME-001,M2M_CATALOG,2020-12-27T00:48Z,,,2020-12-27,7T00,,,,,,,,,,,,,
2020-12-30T02:24:00-CME-001,M2M_CATALOG,2020-12-30T02:24Z,S20E08,12795.0,2020-12-30,0T02,,,,,,,,,,,,,
2020-10-10T04:24:00-CME-001,M2M_CATALOG,2020-10-10T04:24Z,,,2020-10-10,0T04,,,,,,,,,,,,,
2020-10-13T21:12:00-CME-001,M2M_CATALOG,2020-10-13T21:12Z,S23W37,12775.0,2020-10-13,3T21,,,,,,,,,,,,,
2020-10-14T03:24:00-CME-001,M2M_CATALOG,2020-10-14T03:24Z,,,2020-10-14,4T03,,,,,,,,,,,,,
2020-10-15T11:24:00-CME-001,M2M_CATALOG,2020-10-15T11:24Z,,,2020-10-15,5T11,,,,,,,,,,,,,
2020-10-15T16:36:00-CME-001,M2M_CATALOG,2020-10-15T16:36Z,,,2020-10-15,5T16,,,,,,,,,,,,,
2020-10-16T13:36:00-CME-001,M2M_CATALOG,2020-10-16T13:36Z,,12774.0,2020-10-16,6T13,,,,,,,,,,,,,
2020-10-16T16:03:00-CME-001,M2M_CATALOG,2020-10-16T16:03Z,S23W66,12775.0,2020-10-16,6T16,,,,,,,,,,,,,
2020-10-18T09:24:00-CME-001,M2M_CATALOG,2020-10-18T09:24Z,,,2020-10-18,8T09,,,,,,,,,,,,,
2020-10-22T13:09:00-CME-001,M2M_CATALOG,2020-10-22T13:09Z,,,2020-10-22,2T13,,,,,,,,,,,,,
2020-11-02T05:24:00-CME-001,M2M_CATALOG,2020-11-02T05:24Z,,,2020-11-02,2T05,,,,,,,,,,,,,
2020-11-07T13:24:00-CME-001,M2M_CATALOG,2020-11-07T13:24Z,N19W01,12780.0,2020-11-07,7T13,,,,,,,,,,,,,
2020-11-08T20:12:00-CME-001,M2M_CATALOG,2020-11-08T20:12Z,,,2020-11-08,8T20,,,,,,,,,,,,,
2020-11-11T19:36:00-CME-001,M2M_CATALOG,2020-11-11T19:36Z,S22E60,12782.0,2020-11-11,1T19,,,,,,,,,,,,,
2020-11-21T19:36:00-CME-001,M2M_CATALOG,2020-11-21T19:36Z,,,2020-11-21,1T19,,,,,,,,,,,,,
2020-12-11T19:09:00-CME-001,M2M_CATALOG,2020-12-11T19:09Z,,12791.0,2020-12-11,1T19,,,,,,,,,,,,,
2020-11-12T02:24:00-CME-001,M2M_CATALOG,2020-11-12T02:24Z,,,2020-11-12,2T02,,,,,,,,,,,,,
2020-11-13T12:24:00-CME-001,M2M_CATALOG,2020-11-13T12:24Z,,,2020-11-13,3T12,,,,,,,,,,,,,
2020-11-17T08:36:00-CME-001,M2M_CATALOG,2020-11-17T08:36Z,,,2020-11-17,7T08,,,,,,,,,,,,,
2020-11-17T19:00:00-CME-001,M2M_CATALOG,2020-11-17T19:00Z,,,2020-11-17,7T19,,,,,,,,,,,,,
2020-11-18T21:48:00-CME-001,M2M_CATALOG,2020-11-18T21:48Z,S20E138,,2020-11-18,8T21,,,,,,,,,,,,,
2020-11-19T02:54:00-CME-001,M2M_CATALOG,2020-11-19T02:54Z,,,2020-11-19,9T02,,,,,,,,,,,,,
2020-11-27T05:48:00-CME-001,M2M_CATALOG,2020-11-27T05:48Z,,,2020-11-27,7T05,,,,,,,,,,,,,
2020-11-29T13:24:00-CME-001,M2M_CATALOG,2020-11-29T13:24Z,S23E97,,2020-11-29,9T13,,,,,,,,,,,,,
2020-11-30T07:09:00-CME-001,M2M_CATALOG,2020-11-30T07:09Z,,,2020-11-30,0T07,,,,,,,,,,,,,
2020-12-01T05:48:00-CME-001,M2M_CATALOG,2020-12-01T05:48Z,S25E80,12790.0,2020-12-01,1T05,,,,,,,,,,,,,
2020-12-01T07:12:00-CME-001,M2M_CATALOG,2020-12-01T07:12Z,N35E30,12787.0,2020-12-01,1T07,,,,,,,,,,,,,
2020-12-03T11:12:00-CME-001,M2M_CATALOG,2020-12-03T11:12Z,S30E137,,2020-12-03,3T11,,,,,,,,,,,,,
2020-12-04T02:48:00-CME-001,M2M_CATALOG,2020-12-04T02:48Z,,,2020-12-04,4T02,,,,,,,,,,,,,
2020-12-06T22:00:00-CME-001,M2M_CATALOG,2020-12-06T22:00Z,,,2020-12-06,6T22,,,,,,,,,,,,,
2020-12-07T16:24:00-CME-001,M2M_CATALOG,2020-12-07T16:24Z,S23W11,12790.0,2020-12-07,7T16,,,,,,,,,,,,,
2020-12-07T18:36:00-CME-001,M2M_CATALOG,2020-12-07T18:36Z,S40W30,,2020-12-07,7T18,,,,,,,,,,,,,
2020-12-17T06:48:00-CME-001,M2M_CATALOG,2020-12-17T06:48Z,,,2020-12-17,7T06,,,,,,,,,,,,,
2020-12-27T00:48:00-CME-001,M2M_CATALOG,2020-12-27T00:48Z,,,2020-12-27,7T00,,,,,,,,,,,,,
2020-12-30T02:24:00-CME-001,M2M_CATALOG,2020-12-30T02:24Z,S20E08,12795.0,2020-12-30,0T02,,,,,,,,,,,,,
2020-10-10T04:24:00-CME-001,M2M_CATALOG,2020-10-10T04:24Z,,,2020-10-10,0T04,,,,,,,,,,,,,
2020-10-13T21:12:00-CME-001,M2M_CATALOG,2020-10-13T21:12Z,S23W37,12775.0,2020-10-13,3T21,,,,,,,,,,,,,
2020-10-14T03:24:00-CME-001,M2M_CATALOG,2020-10-14T03:24Z,,,2020-10-14,4T03,,,,,,,,,,,,,
2020-10-15T11:24:00-CME-001,M2M_CATALOG,2020-10-15T11:24Z,,,2020-10-15,5T11,,,,,,,,,,,,,
2020-10-15T16:36:00-CME-001,M2M_CATALOG,2020-10-15T16:36Z,,,2020-10-15,5T16,,,,,,,,,,,,,
2020-10-16T13:36:00-CME-001,M2M_CATALOG,2020-10-16T13:36Z,,12774.0,2020-10-16,6T13,,,,,,,,,,,,,
2020-10-16T16:03:00-CME-001,M2M_CATALOG,2020-10-16T16:03Z,S23W66,12775.0,2020-10-16,6T16,,,,,,,,,,,,,
2020-10-18T09:24:00-CME-001,M2M_CATALOG,2020-10-18T09:24Z,,,2020-10-18,8T09,,,,,,,,,,,,,
2020-10-22T13:09:00-CME-001,M2M_CATALOG,2020-10-22T13:09Z,,,2020-10-22,2T13,,,,,,,,,,,,,
2020-11-02T05:24:00-CME-001,M2M_CATALOG,2020-11-02T05:24Z,,,2020-11-02,2T05,,,,,,,,,,,,,
2020-11-07T13:24:00-CME-001,M2M_CATALOG,2020-11-07T13:24Z,N19W01,12780.0,2020-11-07,7T13,,,,,,,,,,,,,
2020-11-08T20:12:00-CME-001,M2M_CATALOG,2020-11-08T20:12Z,,,2020-11-08,8T20,,,,,,,,,,,,,
2020-11-11T19:36:00-CME-001,M2M_CATALOG,2020-11-11T19:36Z,S22E60,12782.0,2020-11-11,1T19,,,,,,,,,,,,,
2020-11-21T19:36:00-CME-001,M2M_CATALOG,2020-11-21T19:36Z,,,2020-11-21,1T19,,,,,,,,,,,,,
2020-12-11T19:09:00-CME-001,M2M_CATALOG,2020-12-11T19:09Z,,12791.0,2020-12-11,1T19,,,,,,,,,,,,,
2020-11-12T02:24:00-CME-001,M2M_CATALOG,2020-11-12T02:24Z,,,2020-11-12,2T02,,,,,,,,,,,,,
2020-11-13T12:24:00-CME-001,M2M_CATALOG,2020-11-13T12:24Z,,,2020-11-13,3T12,,,,,,,,,,,,,
2020-11-17T08:36:00-CME-001,M2M_CATALOG,2020-11-17T08:36Z,,,2020-11-17,7T08,,,,,,,,,,,,,
2020-11-17T19:00:00-CME-001,M2M_CATALOG,2020-11-17T19:00Z,,,2020-11-17,7T19,,,,,,,,,,,,,
2020-11-18T21:48:00-CME-001,M2M_CATALOG,2020-11-18T21:48Z,S20E138,,2020-11-18,8T21,,,,,,,,,,,,,
2020-11-19T02:54:00-CME-001,M2M_CATALOG,2020-11-19T02:54Z,,,2020-11-19,9T02,,,,,,,,,,,,,
2020-11-27T05:48:00-CME-001,M2M_CATALOG,2020-11-27T05:48Z,,,2020-11-27,7T05,,,,,,,,,,,,,
2020-11-29T13:24:00-CME-001,M2M_CATALOG,2020-11-29T13:24Z,S23E97,,2020-11-29,9T13,,,,,,,,,,,,,
2020-11-30T07:09:00-CME-001,M2M_CATALOG,2020-11-30T07:09Z,,,2020-11-30,0T07,,,,,,,,,,,,,
2020-12-01T05:48:00-CME-001,M2M_CATALOG,2020-12-01T05:48Z,S25E80,12790.0,2020-12-01,1T05,,,,,,,,,,,,,
2020-12-01T07:12:00-CME-001,M2M_CATALOG,2020-12-01T07:12Z,N35E30,12787.0,2020-12-01,1T07,,,,,,,,,,,,,
2020-12-03T11:12:00-CME-001,M2M_CATALOG,2020-12-03T11:12Z,S30E137,,2020-12-03,3T11,,,,,,,,,,,,,
2020-12-04T02:48:00-CME-001,M2M_CATALOG,2020-12-04T02:48Z,,,2020-12-04,4T02,,,,,,,,,,,,,
2020-12-06T22:00:00-CME-001,M2M_CATALOG,2020-12-06T22:00Z,,,2020-12-06,6T22,,,,,,,,,,,,,
2020-12-07T16:24:00-CME-001,M2M_CATALOG,2020-12-07T16:24Z,S23W11,12790.0,2020-12-07,7T16,,,,,,,,,,,,,
2020-12-07T18:36:00-CME-001,M2M_CATALOG,2020-12-07T18:36Z,S40W30,,2020-12-07,7T18,,,,,,,,,,,,,
2020-12-17T06:48:00-CME-001,M2M_CATALOG,2020-12-17T06:48Z,,,2020-12-17,7T06,,,,,,,,,,,,,
2020-12-27T00:48:00-CME-001,M2M_CATALOG,2020-12-27T00:48Z,,,2020-12-27,7T00,,,,,,,,,,,,,
2020-12-30T02:24:00-CME-001,M2M_CATALOG,2020-12-30T02:24Z,S20E08,12795.0,2020-12-30,0T02,,,,,,,,,,,,,
2020-10-23T04:39:00-CME-001,M2M_CATALOG,2020-10-23T04:39Z,,,2020-10-23,3T04,,,,,,,,,,,,,
2020-10-23T22:35:00-CME-001,M2M_CATALOG,2020-10-23T22:35Z,,,2020-10-23,3T22,,,,,,,,,,,,,
2020-10-10T04:24:00-CME-001,M2M_CATALOG,2020-10-10T04:24Z,,,2020-10-10,0T04,,,,,,,,,,,,,
2020-10-13T21:12:00-CME-001,M2M_CATALOG,2020-10-13T21:12Z,S23W37,12775.0,2020-10-13,3T21,,,,,,,,,,,,,
2020-10-14T03:24:00-CME-001,M2M_CATALOG,2020-10-14T03:24Z,,,2020-10-14,4T03,,,,,,,,,,,,,
2020-10-15T11:24:00-CME-001,M2M_CATALOG,2020-10-15T11:24Z,,,2020-10-15,5T11,,,,,,,,,,,,,
2020-10-15T16:36:00-CME-001,M2M_CATALOG,2020-10-15T16:36Z,,,2020-10-15,5T16,,,,,,,,,,,,,
2020-10-16T13:36:00-CME-001,M2M_CATALOG,2020-10-16T13:36Z,,12774.0,2020-10-16,6T13,,,,,,,,,,,,,
2020-10-16T16:03:00-CME-001,M2M_CATALOG,2020-10-16T16:03Z,S23W66,12775.0,2020-10-16,6T16,,,,,,,,,,,,,
2020-10-18T09:24:00-CME-001,M2M_CATALOG,2020-10-18T09:24Z,,,2020-10-18,8T09,,,,,,,,,,,,,
2020-10-22T13:09:00-CME-001,M2M_CATALOG,2020-10-22T13:09Z,,,2020-10-22,2T13,,,,,,,,,,,,,
2020-10-23T04:39:00-CME-001,M2M_CATALOG,2020-10-23T04:39Z,,,2020-10-23,3T04,,,,,,,,,,,,,
2020-10-23T22:35:00-CME-001,M2M_CATALOG,2020-10-23T22:35Z,,,2020-10-23,3T22,,,,,,,,,,,,,
2020-10-26T09:12:00-CME-001,M2M_CATALOG,2020-10-26T09:12Z,,,2020-10-26,6T09,,,,,,,,,,,,,
2020-10-26T18:09:00-CME-001,M2M_CATALOG,2020-10-26T18:09Z,,,2020-10-26,6T18,,,,,,,,,,,,,
2020-10-27T03:39:00-CME-001,M2M_CATALOG,2020-10-27T03:39Z,,,2020-10-27,7T03,,,,,,,,,,,,,
2020-10-28T13:42:00-CME-001,M2M_CATALOG,2020-10-28T13:42Z,,,2020-10-28,8T13,,,,,,,,,,,,,
2020-11-18T13:24:00-CME-001,M2M_CATALOG,2020-11-18T13:24Z,,,2020-11-18,8T13,,,,,,,,,,,,,
2020-11-18T13:36:00-CME-001,M2M_CATALOG,2020-11-18T13:36Z,,,2020-11-18,8T13,,,,,,,,,,,,,
2020-10-29T01:54:00-CME-001,M2M_CATALOG,2020-10-29T01:54Z,S19W28,12779.0,2020-10-29,9T01,,,,,,,,,,,,,
2020-10-31T00:12:00-CME-001,M2M_CATALOG,2020-10-31T00:12Z,,,2020-10-31,1T00,,,,,,,,,,,,,
2020-12-11T00:36:00-CME-001,M2M_CATALOG,2020-12-11T00:36Z,,,2020-12-11,1T00,,,,,,,,,,,,,
2020-11-01T20:00:00-CME-001,M2M_CATALOG,2020-11-01T20:00Z,,,2020-11-01,1T20,,,,,,,,,,,,,
2020-11-02T05:24:00-CME-001,M2M_CATALOG,2020-11-02T05:24Z,,,2020-11-02,2T05,,,,,,,,,,,,,
2020-11-07T13:24:00-CME-001,M2M_CATALOG,2020-11-07T13:24Z,N19W01,12780.0,2020-11-07,7T13,,,,,,,,,,,,,
2020-11-08T20:12:00-CME-001,M2M_CATALOG,2020-11-08T20:12Z,,,2020-11-08,8T20,,,,,,,,,,,,,
2020-11-11T19:36:00-CME-001,M2M_CATALOG,2020-11-11T19:36Z,S22E60,12782.0,2020-11-11,1T19,,,,,,,,,,,,,
2020-11-21T19:36:00-CME-001,M2M_CATALOG,2020-11-21T19:36Z,,,2020-11-21,1T19,,,,,,,,,,,,,
2020-12-11T19:09:00-CME-001,M2M_CATALOG,2020-12-11T19:09Z,,12791.0,2020-12-11,1T19,,,,,,,,,,,,,
2020-11-12T02:24:00-CME-001,M2M_CATALOG,2020-11-12T02:24Z,,,2020-11-12,2T02,,,,,,,,,,,,,
2020-11-13T12:24:00-CME-001,M2M_CATALOG,2020-11-13T12:24Z,,,2020-11-13,3T12,,,,,,,,,,,,,
2020-11-17T08:36:00-CME-001,M2M_CATALOG,2020-11-17T08:36Z,,,2020-11-17,7T08,,,,,,,,,,,,,
2020-11-17T19:00:00-CME-001,M2M_CATALOG,2020-11-17T19:00Z,,,2020-11-17,7T19,,,,,,,,,,,,,
2020-10-28T13:42:00-CME-001,M2M_CATALOG,2020-10-28T13:42Z,,,2020-10-28,8T13,,,,,,,,,,,,,
2020-11-18T13:24:00-CME-001,M2M_CATALOG,2020-11-18T13:24Z,,,2020-11-18,8T13,,,,,,,,,,,,,
2020-11-18T13:36:00-CME-001,M2M_CATALOG,2020-11-18T13:36Z,,,2020-11-18,8T13,,,,,,,,,,,,,
2020-10-28T13:42:00-CME-001,M2M_CATALOG,2020-10-28T13:42Z,,,2020-10-28,8T13,,,,,,,,,,,,,
2020-11-18T13:24:00-CME-001,M2M_CATALOG,2020-11-18T13:24Z,,,2020-11-18,8T13,,,,,,,,,,,,,
2020-11-18T13:36:00-CME-001,M2M_CATALOG,2020-11-18T13:36Z,,,2020-11-18,8T13,,,,,,,,,,,,,
2020-11-18T21:48:00-CME-001,M2M_CATALOG,2020-11-18T21:48Z,S20E138,,2020-11-18,8T21,,,,,,,,,,,,,
2020-11-19T02:54:00-CME-001,M2M_CATALOG,2020-11-19T02:54Z,,,2020-11-19,9T02,,,,,,,,,,,,,
2020-11-19T03:12:00-CME-001,M2M_CATALOG,2020-11-19T03:12Z,N30E40,,2020-11-19,9T03,,,,,,,,,,,,,
2020-11-19T06:48:00-CME-001,M2M_CATALOG,2020-11-19T06:48Z,S23E49,,2020-11-19,9T06,,,,,,,,,,,,,
2020-11-19T15:12:00-CME-001,M2M_CATALOG,2020-11-19T15:12Z,,,2020-11-19,9T15,,,,,,,,,,,,,
2020-11-29T15:05:00-CME-001,M2M_CATALOG,2020-11-29T15:05Z,,12783.0,2020-11-29,9T15,,,,,,,,,,,,,
2020-11-20T19:51:00-CME-001,M2M_CATALOG,2020-11-20T19:51Z,,12783.0,2020-11-20,0T19,,,,,,,,,,,,,
2020-11-20T21:12:00-CME-001,M2M_CATALOG,2020-11-20T21:12Z,,,2020-11-20,0T21,,,,,,,,,,,,,
2020-11-11T19:36:00-CME-001,M2M_CATALOG,2020-11-11T19:36Z,S22E60,12782.0,2020-11-11,1T19,5444.0,cf27412e-e465-4c1a-ace3-9dea024fa24c,Delirium,Stone IPA,Bock,Warrior,3056 - Bavarian Wheat Blend,Chocolate,82 IBU,6.5%,18.8°Blg,Belgica,1989.0
2020-11-21T19:36:00-CME-001,M2M_CATALOG,2020-11-21T19:36Z,,,2020-11-21,1T19,5444.0,cf27412e-e465-4c1a-ace3-9dea024fa24c,Delirium,Stone IPA,Bock,Warrior,3056 - Bavarian Wheat Blend,Chocolate,82 IBU,6.5%,18.8°Blg,Belgica,1989.0
2020-12-11T19:09:00-CME-001,M2M_CATALOG,2020-12-11T19:09Z,,12791.0,2020-12-11,1T19,5444.0,cf27412e-e465-4c1a-ace3-9dea024fa24c,Delirium,Stone IPA,Bock,Warrior,3056 - Bavarian Wheat Blend,Chocolate,82 IBU,6.5%,18.8°Blg,Belgica,1989.0
2020-11-21T23:12:00-CME-001,M2M_CATALOG,2020-11-21T23:12Z,,,2020-11-21,1T23,,,,,,,,,,,,,
2020-11-22T01:36:00-CME-001,M2M_CATALOG,2020-11-22T01:36Z,,,2020-11-22,2T01,,,,,,,,,,,,,
2020-11-23T18:48:00-CME-001,M2M_CATALOG,2020-11-23T18:48Z,,,2020-11-23,3T18,,,,,,,,,,,,,
2020-11-24T04:36:00-CME-001,M2M_CATALOG,2020-11-24T04:36Z,S20E65,12785.0,2020-11-24,4T04,,,,,,,,,,,,,
2020-11-24T11:24:00-CME-001,M2M_CATALOG,2020-11-24T11:24Z,,,2020-11-24,4T11,,,,,,,,,,,,,
2020-12-04T11:09:00-CME-001,M2M_CATALOG,2020-12-04T11:09Z,,,2020-12-04,4T11,,,,,,,,,,,,,
2020-11-24T13:24:00-CME-001,M2M_CATALOG,2020-11-24T13:24Z,,,2020-11-24,4T13,,,,,,,,,,,,,
2020-11-26T08:24:00-CME-001,M2M_CATALOG,2020-11-26T08:24Z,,,2020-11-26,6T08,,,,,,,,,,,,,
2020-11-26T21:24:00-CME-001,M2M_CATALOG,2020-11-26T21:24Z,N32E90,12787.0,2020-11-26,6T21,,,,,,,,,,,,,
2020-11-27T05:48:00-CME-001,M2M_CATALOG,2020-11-27T05:48Z,,,2020-11-27,7T05,,,,,,,,,,,,,
2020-11-29T13:24:00-CME-001,M2M_CATALOG,2020-11-29T13:24Z,S23E97,,2020-11-29,9T13,,,,,,,,,,,,,
2020-11-19T15:12:00-CME-001,M2M_CATALOG,2020-11-19T15:12Z,,,2020-11-19,9T15,,,,,,,,,,,,,
2020-11-29T15:05:00-CME-001,M2M_CATALOG,2020-11-29T15:05Z,,12783.0,2020-11-29,9T15,,,,,,,,,,,,,
2020-11-30T07:09:00-CME-001,M2M_CATALOG,2020-11-30T07:09Z,,,2020-11-30,0T07,,,,,,,,,,,,,
2020-12-01T05:48:00-CME-001,M2M_CATALOG,2020-12-01T05:48Z,S25E80,12790.0,2020-12-01,1T05,,,,,,,,,,,,,
2020-12-01T07:12:00-CME-001,M2M_CATALOG,2020-12-01T07:12Z,N35E30,12787.0,2020-12-01,1T07,,,,,,,,,,,,,
2020-12-03T11:12:00-CME-001,M2M_CATALOG,2020-12-03T11:12Z,S30E137,,2020-12-03,3T11,,,,,,,,,,,,,
2020-12-04T02:48:00-CME-001,M2M_CATALOG,2020-12-04T02:48Z,,,2020-12-04,4T02,,,,,,,,,,,,,
2020-11-24T11:24:00-CME-001,M2M_CATALOG,2020-11-24T11:24Z,,,2020-11-24,4T11,,,,,,,,,,,,,
2020-12-04T11:09:00-CME-001,M2M_CATALOG,2020-12-04T11:09Z,,,2020-12-04,4T11,,,,,,,,,,,,,
2020-12-06T22:00:00-CME-001,M2M_CATALOG,2020-12-06T22:00Z,,,2020-12-06,6T22,,,,,,,,,,,,,
2020-12-07T16:24:00-CME-001,M2M_CATALOG,2020-12-07T16:24Z,S23W11,12790.0,2020-12-07,7T16,,,,,,,,,,,,,
2020-12-07T18:36:00-CME-001,M2M_CATALOG,2020-12-07T18:36Z,S40W30,,2020-12-07,7T18,,,,,,,,,,,,,
2020-10-31T00:12:00-CME-001,M2M_CATALOG,2020-10-31T00:12Z,,,2020-10-31,1T00,,,,,,,,,,,,,
2020-12-11T00:36:00-CME-001,M2M_CATALOG,2020-12-11T00:36Z,,,2020-12-11,1T00,,,,,,,,,,,,,
2020-11-11T19:36:00-CME-001,M2M_CATALOG,2020-11-11T19:36Z,S22E60,12782.0,2020-11-11,1T19,,,,,,,,,,,,,
2020-11-21T19:36:00-CME-001,M2M_CATALOG,2020-11-21T19:36Z,,,2020-11-21,1T19,,,,,,,,,,,,,
2020-12-11T19:09:00-CME-001,M2M_CATALOG,2020-12-11T19:09Z,,12791.0,2020-12-11,1T19,,,,,,,,,,,,,
2020-12-12T04:12:00-CME-001,M2M_CATALOG,2020-12-12T04:12Z,,,2020-12-12,2T04,,,,,,,,,,,,,
2020-12-13T09:24:00-CME-001,M2M_CATALOG,2020-12-13T09:24Z,,,2020-12-13,3T09,,,,,,,,,,,,,
2020-12-14T15:12:00-CME-001,M2M_CATALOG,2020-12-14T15:12Z,S22E44,12792.0,2020-12-14,4T15,,,,,,,,,,,,,
2020-12-14T21:12:00-CME-001,M2M_CATALOG,2020-12-14T21:12Z,N40E110,,2020-12-14,4T21,,,,,,,,,,,,,
2020-12-17T06:48:00-CME-001,M2M_CATALOG,2020-12-17T06:48Z,,,2020-12-17,7T06,,,,,,,,,,,,,
2020-12-27T00:48:00-CME-001,M2M_CATALOG,2020-12-27T00:48Z,,,2020-12-27,7T00,,,,,,,,,,,,,
2020-12-30T02:24:00-CME-001,M2M_CATALOG,2020-12-30T02:24Z,S20E08,12795.0,2020-12-30,0T02,,,,,,,,,,,,,
2020-10-10T04:24:00-CME-001,M2M_CATALOG,2020-10-10T04:24Z,,,2020-10-10,0T04,,,,,,,,,,,,,
2020-10-13T21:12:00-CME-001,M2M_CATALOG,2020-10-13T21:12Z,S23W37,12775.0,2020-10-13,3T21,,,,,,,,,,,,,
2020-10-14T03:24:00-CME-001,M2M_CATALOG,2020-10-14T03:24Z,,,2020-10-14,4T03,,,,,,,,,,,,,
2020-10-15T11:24:00-CME-001,M2M_CATALOG,2020-10-15T11:24Z,,,2020-10-15,5T11,,,,,,,,,,,,,
2020-10-15T16:36:00-CME-001,M2M_CATALOG,2020-10-15T16:36Z,,,2020-10-15,5T16,,,,,,,,,,,,,
2020-10-16T13:36:00-CME-001,M2M_CATALOG,2020-10-16T13:36Z,,12774.0,2020-10-16,6T13,,,,,,,,,,,,,
2020-10-16T16:03:00-CME-001,M2M_CATALOG,2020-10-16T16:03Z,S23W66,12775.0,2020-10-16,6T16,,,,,,,,,,,,,
2020-10-18T09:24:00-CME-001,M2M_CATALOG,2020-10-18T09:24Z,,,2020-10-18,8T09,,,,,,,,,,,,,
2020-10-22T13:09:00-CME-001,M2M_CATALOG,2020-10-22T13:09Z,,,2020-10-22,2T13,,,,,,,,,,,,,
2020-10-23T04:39:00-CME-001,M2M_CATALOG,2020-10-23T04:39Z,,,2020-10-23,3T04,,,,,,,,,,,,,
2020-10-23T22:35:00-CME-001,M2M_CATALOG,2020-10-23T22:35Z,,,2020-10-23,3T22,,,,,,,,,,,,,
2020-10-26T09:12:00-CME-001,M2M_CATALOG,2020-10-26T09:12Z,,,2020-10-26,6T09,,,,,,,,,,,,,
2020-10-26T18:09:00-CME-001,M2M_CATALOG,2020-10-26T18:09Z,,,2020-10-26,6T18,,,,,,,,,,,,,
2020-10-27T03:39:00-CME-001,M2M_CATALOG,2020-10-27T03:39Z,,,2020-10-27,7T03,,,,,,,,,,,,,
2020-10-28T13:42:00-CME-001,M2M_CATALOG,2020-10-28T13:42Z,,,2020-10-28,8T13,,,,,,,,,,,,,
2020-11-18T13:24:00-CME-001,M2M_CATALOG,2020-11-18T13:24Z,,,2020-11-18,8T13,,,,,,,,,,,,,
2020-11-18T13:36:00-CME-001,M2M_CATALOG,2020-11-18T13:36Z,,,2020-11-18,8T13,,,,,,,,,,,,,
2020-10-29T01:54:00-CME-001,M2M_CATALOG,2020-10-29T01:54Z,S19W28,12779.0,2020-10-29,9T01,,,,,,,,,,,,,
2020-10-31T00:12:00-CME-001,M2M_CATALOG,2020-10-31T00:12Z,,,2020-10-31,1T00,,,,,,,,,,,,,
2020-12-11T00:36:00-CME-001,M2M_CATALOG,2020-12-11T00:36Z,,,2020-12-11,1T00,,,,,,,,,,,,,
2020-11-01T20:00:00-CME-001,M2M_CATALOG,2020-11-01T20:00Z,,,2020-11-01,1T20,,,,,,,,,,,,,
2020-11-02T05:24:00-CME-001,M2M_CATALOG,2020-11-02T05:24Z,,,2020-11-02,2T05,,,,,,,,,,,,,
2020-11-07T13:24:00-CME-001,M2M_CATALOG,2020-11-07T13:24Z,N19W01,12780.0,2020-11-07,7T13,,,,,,,,,,,,,
2020-11-08T20:12:00-CME-001,M2M_CATALOG,2020-11-08T20:12Z,,,2020-11-08,8T20,,,,,,,,,,,,,
2020-11-11T19:36:00-CME-001,M2M_CATALOG,2020-11-11T19:36Z,S22E60,12782.0,2020-11-11,1T19,,,,,,,,,,,,,
2020-11-21T19:36:00-CME-001,M2M_CATALOG,2020-11-21T19:36Z,,,2020-11-21,1T19,,,,,,,,,,,,,
2020-12-11T19:09:00-CME-001,M2M_CATALOG,2020-12-11T19:09Z,,12791.0,2020-12-11,1T19,,,,,,,,,,,,,
2020-11-12T02:24:00-CME-001,M2M_CATALOG,2020-11-12T02:24Z,,,2020-11-12,2T02,,,,,,,,,,,,,
2020-11-13T12:24:00-CME-001,M2M_CATALOG,2020-11-13T12:24Z,,,2020-11-13,3T12,,,,,,,,,,,,,
2020-11-17T08:36:00-CME-001,M2M_CATALOG,2020-11-17T08:36Z,,,2020-11-17,7T08,,,,,,,,,,,,,
2020-11-17T19:00:00-CME-001,M2M_CATALOG,2020-11-17T19:00Z,,,2020-11-17,7T19,,,,,,,,,,,,,
2020-10-28T13:42:00-CME-001,M2M_CATALOG,2020-10-28T13:42Z,,,2020-10-28,8T13,,,,,,,,,,,,,
2020-11-18T13:24:00-CME-001,M2M_CATALOG,2020-11-18T13:24Z,,,2020-11-18,8T13,,,,,,,,,,,,,
2020-11-18T13:36:00-CME-001,M2M_CATALOG,2020-11-18T13:36Z,,,2020-11-18,8T13,,,,,,,,,,,,,
2020-10-28T13:42:00-CME-001,M2M_CATALOG,2020-10-28T13:42Z,,,2020-10-28,8T13,,,,,,,,,,,,,
2020-11-18T13:24:00-CME-001,M2M_CATALOG,2020-11-18T13:24Z,,,2020-11-18,8T13,,,,,,,,,,,,,
2020-11-18T13:36:00-CME-001,M2M_CATALOG,2020-11-18T13:36Z,,,2020-11-18,8T13,,,,,,,,,,,,,
2020-11-18T21:48:00-CME-001,M2M_CATALOG,2020-11-18T21:48Z,S20E138,,2020-11-18,8T21,,,,,,,,,,,,,
2020-11-19T02:54:00-CME-001,M2M_CATALOG,2020-11-19T02:54Z,,,2020-11-19,9T02,,,,,,,,,,,,,
2020-11-19T03:12:00-CME-001,M2M_CATALOG,2020-11-19T03:12Z,N30E40,,2020-11-19,9T03,,,,,,,,,,,,,
2020-11-19T06:48:00-CME-001,M2M_CATALOG,2020-11-19T06:48Z,S23E49,,2020-11-19,9T06,,,,,,,,,,,,,
2020-11-19T15:12:00-CME-001,M2M_CATALOG,2020-11-19T15:12Z,,,2020-11-19,9T15,,,,,,,,,,,,,
2020-11-29T15:05:00-CME-001,M2M_CATALOG,2020-11-29T15:05Z,,12783.0,2020-11-29,9T15,,,,,,,,,,,,,
2020-11-20T19:51:00-CME-001,M2M_CATALOG,2020-11-20T19:51Z,,12783.0,2020-11-20,0T19,,,,,,,,,,,,,
2020-10-10T04:24:00-CME-001,M2M_CATALOG,2020-10-10T04:24Z,,,2020-10-10,0T04,,,,,,,,,,,,,
2020-10-13T21:12:00-CME-001,M2M_CATALOG,2020-10-13T21:12Z,S23W37,12775.0,2020-10-13,3T21,,,,,,,,,,,,,
2020-10-14T03:24:00-CME-001,M2M_CATALOG,2020-10-14T03:24Z,,,2020-10-14,4T03,,,,,,,,,,,,,
2020-10-15T11:24:00-CME-001,M2M_CATALOG,2020-10-15T11:24Z,,,2020-10-15,5T11,,,,,,,,,,,,,
2020-10-15T16:36:00-CME-001,M2M_CATALOG,2020-10-15T16:36Z,,,2020-10-15,5T16,,,,,,,,,,,,,
2020-10-16T13:36:00-CME-001,M2M_CATALOG,2020-10-16T13:36Z,,12774.0,2020-10-16,6T13,,,,,,,,,,,,,
2020-10-16T16:03:00-CME-001,M2M_CATALOG,2020-10-16T16:03Z,S23W66,12775.0,2020-10-16,6T16,,,,,,,,,,,,,
2020-10-18T09:24:00-CME-001,M2M_CATALOG,2020-10-18T09:24Z,,,2020-10-18,8T09,,,,,,,,,,,,,
2020-10-22T13:09:00-CME-001,M2M_CATALOG,2020-10-22T13:09Z,,,2020-10-22,2T13,,,,,,,,,,,,,
2020-10-23T04:39:00-CME-001,M2M_CATALOG,2020-10-23T04:39Z,,,2020-10-23,3T04,,,,,,,,,,,,,
2020-10-23T22:35:00-CME-001,M2M_CATALOG,2020-10-23T22:35Z,,,2020-10-23,3T22,,,,,,,,,,,,,
2020-10-26T09:12:00-CME-001,M2M_CATALOG,2020-10-26T09:12Z,,,2020-10-26,6T09,,,,,,,,,,,,,
2020-10-26T18:09:00-CME-001,M2M_CATALOG,2020-10-26T18:09Z,,,2020-10-26,6T18,,,,,,,,,,,,,
2020-10-27T03:39:00-CME-001,M2M_CATALOG,2020-10-27T03:39Z,,,2020-10-27,7T03,,,,,,,,,,,,,
2020-10-28T13:42:00-CME-001,M2M_CATALOG,2020-10-28T13:42Z,,,2020-10-28,8T13,,,,,,,,,,,,,
2020-11-18T13:24:00-CME-001,M2M_CATALOG,2020-11-18T13:24Z,,,2020-11-18,8T13,,,,,,,,,,,,,
2020-11-18T13:36:00-CME-001,M2M_CATALOG,2020-11-18T13:36Z,,,2020-11-18,8T13,,,,,,,,,,,,,
2020-10-29T01:54:00-CME-001,M2M_CATALOG,2020-10-29T01:54Z,S19W28,12779.0,2020-10-29,9T01,,,,,,,,,,,,,
2020-10-31T00:12:00-CME-001,M2M_CATALOG,2020-10-31T00:12Z,,,2020-10-31,1T00,,,,,,,,,,,,,
2020-12-11T00:36:00-CME-001,M2M_CATALOG,2020-12-11T00:36Z,,,2020-12-11,1T00,,,,,,,,,,,,,
2020-11-01T20:00:00-CME-001,M2M_CATALOG,2020-11-01T20:00Z,,,2020-11-01,1T20,,,,,,,,,,,,,
2020-11-02T05:24:00-CME-001,M2M_CATALOG,2020-11-02T05:24Z,,,2020-11-02,2T05,,,,,,,,,,,,,
2020-11-07T13:24:00-CME-001,M2M_CATALOG,2020-11-07T13:24Z,N19W01,12780.0,2020-11-07,7T13,,,,,,,,,,,,,
2020-11-08T20:12:00-CME-001,M2M_CATALOG,2020-11-08T20:12Z,,,2020-11-08,8T20,,,,,,,,,,,,,
2020-11-11T19:36:00-CME-001,M2M_CATALOG,2020-11-11T19:36Z,S22E60,12782.0,2020-11-11,1T19,,,,,,,,,,,,,
2020-11-21T19:36:00-CME-001,M2M_CATALOG,2020-11-21T19:36Z,,,2020-11-21,1T19,,,,,,,,,,,,,
2020-12-11T19:09:00-CME-001,M2M_CATALOG,2020-12-11T19:09Z,,12791.0,2020-12-11,1T19,,,,,,,,,,,,,
2020-11-12T02:24:00-CME-001,M2M_CATALOG,2020-11-12T02:24Z,,,2020-11-12,2T02,,,,,,,,,,,,,
2020-11-13T12:24:00-CME-001,M2M_CATALOG,2020-11-13T12:24Z,,,2020-11-13,3T12,,,,,,,,,,,,,
2020-11-17T08:36:00-CME-001,M2M_CATALOG,2020-11-17T08:36Z,,,2020-11-17,7T08,,,,,,,,,,,,,
2020-11-17T19:00:00-CME-001,M2M_CATALOG,2020-11-17T19:00Z,,,2020-11-17,7T19,,,,,,,,,,,,,
2020-10-28T13:42:00-CME-001,M2M_CATALOG,2020-10-28T13:42Z,,,2020-10-28,8T13,,,,,,,,,,,,,
2020-11-18T13:24:00-CME-001,M2M_CATALOG,2020-11-18T13:24Z,,,2020-11-18,8T13,,,,,,,,,,,,,
2020-11-18T13:36:00-CME-001,M2M_CATALOG,2020-11-18T13:36Z,,,2020-11-18,8T13,,,,,,,,,,,,,
2020-10-28T13:42:00-CME-001,M2M_CATALOG,2020-10-28T13:42Z,,,2020-10-28,8T13,,,,,,,,,,,,,
2020-11-18T13:24:00-CME-001,M2M_CATALOG,2020-11-18T13:24Z,,,2020-11-18,8T13,,,,,,,,,,,,,
2020-11-18T13:36:00-CME-001,M2M_CATALOG,2020-11-18T13:36Z,,,2020-11-18,8T13,,,,,,,,,,,,,
2020-11-18T21:48:00-CME-001,M2M_CATALOG,2020-11-18T21:48Z,S20E138,,2020-11-18,8T21,,,,,,,,,,,,,
2020-11-19T02:54:00-CME-001,M2M_CATALOG,2020-11-19T02:54Z,,,2020-11-19,9T02,,,,,,,,,,,,,
2020-11-19T03:12:00-CME-001,M2M_CATALOG,2020-11-19T03:12Z,N30E40,,2020-11-19,9T03,,,,,,,,,,,,,
2020-11-19T06:48:00-CME-001,M2M_CATALOG,2020-11-19T06:48Z,S23E49,,2020-11-19,9T06,,,,,,,,,,,,,
2020-11-19T15:12:00-CME-001,M2M_CATALOG,2020-11-19T15:12Z,,,2020-11-19,9T15,,,,,,,,,,,,,
2020-11-29T15:05:00-CME-001,M2M_CATALOG,2020-11-29T15:05Z,,12783.0,2020-11-29,9T15,,,,,,,,,,,,,
2020-11-20T19:51:00-CME-001,M2M_CATALOG,2020-11-20T19:51Z,,12783.0,2020-11-20,0T19,,,,,,,,,,,,,
2020-11-20T21:12:00-CME-001,M2M_CATALOG,2020-11-20T21:12Z,,,2020-11-20,0T21,,,,,,,,,,,,,
2020-11-11T19:36:00-CME-001,M2M_CATALOG,2020-11-11T19:36Z,S22E60,12782.0,2020-11-11,1T19,,,,,,,,,,,,,
2020-11-21T19:36:00-CME-001,M2M_CATALOG,2020-11-21T19:36Z,,,2020-11-21,1T19,,,,,,,,,,,,,
2020-12-11T19:09:00-CME-001,M2M_CATALOG,2020-12-11T19:09Z,,12791.0,2020-12-11,1T19,,,,,,,,,,,,,
2020-11-21T23:12:00-CME-001,M2M_CATALOG,2020-11-21T23:12Z,,,2020-11-21,1T23,,,,,,,,,,,,,
2020-11-22T01:36:00-CME-001,M2M_CATALOG,2020-11-22T01:36Z,,,2020-11-22,2T01,,,,,,,,,,,,,
2020-11-23T18:48:00-CME-001,M2M_CATALOG,2020-11-23T18:48Z,,,2020-11-23,3T18,,,,,,,,,,,,,
2020-11-24T04:36:00-CME-001,M2M_CATALOG,2020-11-24T04:36Z,S20E65,12785.0,2020-11-24,4T04,,,,,,,,,,,,,
2020-11-24T11:24:00-CME-001,M2M_CATALOG,2020-11-24T11:24Z,,,2020-11-24,4T11,,,,,,,,,,,,,
2020-12-04T11:09:00-CME-001,M2M_CATALOG,2020-12-04T11:09Z,,,2020-12-04,4T11,,,,,,,,,,,,,
2020-11-24T13:24:00-CME-001,M2M_CATALOG,2020-11-24T13:24Z,,,2020-11-24,4T13,,,,,,,,,,,,,
2020-11-26T08:24:00-CME-001,M2M_CATALOG,2020-11-26T08:24Z,,,2020-11-26,6T08,,,,,,,,,,,,,
2020-11-26T21:24:00-CME-001,M2M_CATALOG,2020-11-26T21:24Z,N32E90,12787.0,2020-11-26,6T21,,,,,,,,,,,,,
2020-11-27T05:48:00-CME-001,M2M_CATALOG,2020-11-27T05:48Z,,,2020-11-27,7T05,,,,,,,,,,,,,
2020-11-29T13:24:00-CME-001,M2M_CATALOG,2020-11-29T13:24Z,S23E97,,2020-11-29,9T13,,,,,,,,,,,,,
2020-11-19T15:12:00-CME-001,M2M_CATALOG,2020-11-19T15:12Z,,,2020-11-19,9T15,,,,,,,,,,,,,
2020-11-29T15:05:00-CME-001,M2M_CATALOG,2020-11-29T15:05Z,,12783.0,2020-11-29,9T15,,,,,,,,,,,,,
2020-11-30T07:09:00-CME-001,M2M_CATALOG,2020-11-30T07:09Z,,,2020-11-30,0T07,,,,,,,,,,,,,
2020-12-01T05:48:00-CME-001,M2M_CATALOG,2020-12-01T05:48Z,S25E80,12790.0,2020-12-01,1T05,,,,,,,,,,,,,
2020-12-01T07:12:00-CME-001,M2M_CATALOG,2020-12-01T07:12Z,N35E30,12787.0,2020-12-01,1T07,,,,,,,,,,,,,
2020-12-03T11:12:00-CME-001,M2M_CATALOG,2020-12-03T11:12Z,S30E137,,2020-12-03,3T11,,,,,,,,,,,,,
2020-12-04T02:48:00-CME-001,M2M_CATALOG,2020-12-04T02:48Z,,,2020-12-04,4T02,,,,,,,,,,,,,
2020-11-24T11:24:00-CME-001,M2M_CATALOG,2020-11-24T11:24Z,,,2020-11-24,4T11,,,,,,,,,,,,,
2020-12-04T11:09:00-CME-001,M2M_CATALOG,2020-12-04T11:09Z,,,2020-12-04,4T11,,,,,,,,,,,,,
2020-12-06T22:00:00-CME-001,M2M_CATALOG,2020-12-06T22:00Z,,,2020-12-06,6T22,,,,,,,,,,,,,
2020-12-07T16:24:00-CME-001,M2M_CATALOG,2020-12-07T16:24Z,S23W11,12790.0,2020-12-07,7T16,,,,,,,,,,,,,
2020-12-07T18:36:00-CME-001,M2M_CATALOG,2020-12-07T18:36Z,S40W30,,2020-12-07,7T18,,,,,,,,,,,,,
2020-10-31T00:12:00-CME-001,M2M_CATALOG,2020-10-31T00:12Z,,,2020-10-31,1T00,,,,,,,,,,,,,
2020-12-11T00:36:00-CME-001,M2M_CATALOG,2020-12-11T00:36Z,,,2020-12-11,1T00,,,,,,,,,,,,,
2020-11-11T19:36:00-CME-001,M2M_CATALOG,2020-11-11T19:36Z,S22E60,12782.0,2020-11-11,1T19,,,,,,,,,,,,,
2020-11-21T19:36:00-CME-001,M2M_CATALOG,2020-11-21T19:36Z,,,2020-11-21,1T19,,,,,,,,,,,,,
2020-12-11T19:09:00-CME-001,M2M_CATALOG,2020-12-11T19:09Z,,12791.0,2020-12-11,1T19,,,,,,,,,,,,,
2020-12-12T04:12:00-CME-001,M2M_CATALOG,2020-12-12T04:12Z,,,2020-12-12,2T04,,,,,,,,,,,,,
2020-12-13T09:24:00-CME-001,M2M_CATALOG,2020-12-13T09:24Z,,,2020-12-13,3T09,,,,,,,,,,,,,
2020-12-14T15:12:00-CME-001,M2M_CATALOG,2020-12-14T15:12Z,S22E44,12792.0,2020-12-14,4T15,,,,,,,,,,,,,
2020-12-14T21:12:00-CME-001,M2M_CATALOG,2020-12-14T21:12Z,N40E110,,2020-12-14,4T21,,,,,,,,,,,,,
2020-12-17T06:48:00-CME-001,M2M_CATALOG,2020-12-17T06:48Z,,,2020-12-17,7T06,,,,,,,,,,,,,
2020-12-27T00:48:00-CME-001,M2M_CATALOG,2020-12-27T00:48Z,,,2020-12-27,7T00,,,,,,,,,,,,,
2020-12-30T02:24:00-CME-001,M2M_CATALOG,2020-12-30T02:24Z,S20E08,12795.0,2020-12-30,0T02,,,,,,,,,,,,,
2020-10-10T04:24:00-CME-001,M2M_CATALOG,2020-10-10T04:24Z,,,2020-10-10,0T04,,,,,,,,,,,,,
2020-10-13T21:12:00-CME-001,M2M_CATALOG,2020-10-13T21:12Z,S23W37,12775.0,2020-10-13,3T21,,,,,,,,,,,,,
2020-10-14T03:24:00-CME-001,M2M_CATALOG,2020-10-14T03:24Z,,,2020-10-14,4T03,,,,,,,,,,,,,
2020-10-15T11:24:00-CME-001,M2M_CATALOG,2020-10-15T11:24Z,,,2020-10-15,5T11,,,,,,,,,,,,,
2020-10-15T16:36:00-CME-001,M2M_CATALOG,2020-10-15T16:36Z,,,2020-10-15,5T16,,,,,,,,,,,,,
2020-10-16T13:36:00-CME-001,M2M_CATALOG,2020-10-16T13:36Z,,12774.0,2020-10-16,6T13,,,,,,,,,,,,,
2020-10-16T16:03:00-CME-001,M2M_CATALOG,2020-10-16T16:03Z,S23W66,12775.0,2020-10-16,6T16,,,,,,,,,,,,,
2020-10-18T09:24:00-CME-001,M2M_CATALOG,2020-10-18T09:24Z,,,2020-10-18,8T09,,,,,,,,,,,,,
2020-10-22T13:09:00-CME-001,M2M_CATALOG,2020-10-22T13:09Z,,,2020-10-22,2T13,,,,,,,,,,,,,
2020-10-23T04:39:00-CME-001,M2M_CATALOG,2020-10-23T04:39Z,,,2020-10-23,3T04,,,,,,,,,,,,,
2020-10-23T22:35:00-CME-001,M2M_CATALOG,2020-10-23T22:35Z,,,2020-10-23,3T22,,,,,,,,,,,,,
2020-10-26T09:12:00-CME-001,M2M_CATALOG,2020-10-26T09:12Z,,,2020-10-26,6T09,,,,,,,,,,,,,
2020-10-26T18:09:00-CME-001,M2M_CATALOG,2020-10-26T18:09Z,,,2020-10-26,6T18,,,,,,,,,,,,,
2020-10-27T03:39:00-CME-001,M2M_CATALOG,2020-10-27T03:39Z,,,2020-10-27,7T03,,,,,,,,,,,,,
2020-10-28T13:42:00-CME-001,M2M_CATALOG,2020-10-28T13:42Z,,,2020-10-28,8T13,,,,,,,,,,,,,
2020-11-18T13:24:00-CME-001,M2M_CATALOG,2020-11-18T13:24Z,,,2020-11-18,8T13,,,,,,,,,,,,,
2020-11-18T13:36:00-CME-001,M2M_CATALOG,2020-11-18T13:36Z,,,2020-11-18,8T13,,,,,,,,,,,,,
2020-10-29T01:54:00-CME-001,M2M_CATALOG,2020-10-29T01:54Z,S19W28,12779.0,2020-10-29,9T01,,,,,,,,,,,,,
2020-10-31T00:12:00-CME-001,M2M_CATALOG,2020-10-31T00:12Z,,,2020-10-31,1T00,,,,,,,,,,,,,
2020-12-11T00:36:00-CME-001,M2M_CATALOG,2020-12-11T00:36Z,,,2020-12-11,1T00,,,,,,,,,,,,,
2020-11-01T20:00:00-CME-001,M2M_CATALOG,2020-11-01T20:00Z,,,2020-11-01,1T20,,,,,,,,,,,,,
2020-11-02T05:24:00-CME-001,M2M_CATALOG,2020-11-02T05:24Z,,,2020-11-02,2T05,5591.0,b9eb9a96-0610-4537-86e3-a00fedf150ee,Leffe,Bourbon County Stout,Smoke-flavored,Willamette,1007 - German Ale,Vienna,25 IBU,2.3%,19.9°Blg,Belgica,1240.0
2020-11-07T13:24:00-CME-001,M2M_CATALOG,2020-11-07T13:24Z,N19W01,12780.0,2020-11-07,7T13,,,,,,,,,,,,,
2020-11-08T20:12:00-CME-001,M2M_CATALOG,2020-11-08T20:12Z,,,2020-11-08,8T20,,,,,,,,,,,,,
2020-11-11T19:36:00-CME-001,M2M_CATALOG,2020-11-11T19:36Z,S22E60,12782.0,2020-11-11,1T19,,,,,,,,,,,,,
2020-11-21T19:36:00-CME-001,M2M_CATALOG,2020-11-21T19:36Z,,,2020-11-21,1T19,,,,,,,,,,,,,
2020-12-11T19:09:00-CME-001,M2M_CATALOG,2020-12-11T19:09Z,,12791.0,2020-12-11,1T19,,,,,,,,,,,,,
2020-11-12T02:24:00-CME-001,M2M_CATALOG,2020-11-12T02:24Z,,,2020-11-12,2T02,,,,,,,,,,,,,
2020-11-13T12:24:00-CME-001,M2M_CATALOG,2020-11-13T12:24Z,,,2020-11-13,3T12,,,,,,,,,,,,,
2020-11-17T08:36:00-CME-001,M2M_CATALOG,2020-11-17T08:36Z,,,2020-11-17,7T08,,,,,,,,,,,,,
2020-11-17T19:00:00-CME-001,M2M_CATALOG,2020-11-17T19:00Z,,,2020-11-17,7T19,,,,,,,,,,,,,
2020-10-28T13:42:00-CME-001,M2M_CATALOG,2020-10-28T13:42Z,,,2020-10-28,8T13,,,,,,,,,,,,,
2020-11-18T13:24:00-CME-001,M2M_CATALOG,2020-11-18T13:24Z,,,2020-11-18,8T13,,,,,,,,,,,,,
2020-11-18T13:36:00-CME-001,M2M_CATALOG,2020-11-18T13:36Z,,,2020-11-18,8T13,,,,,,,,,,,,,
2020-10-28T13:42:00-CME-001,M2M_CATALOG,2020-10-28T13:42Z,,,2020-10-28,8T13,,,,,,,,,,,,,
2020-11-18T13:24:00-CME-001,M2M_CATALOG,2020-11-18T13:24Z,,,2020-11-18,8T13,,,,,,,,,,,,,
2020-11-18T13:36:00-CME-001,M2M_CATALOG,2020-11-18T13:36Z,,,2020-11-18,8T13,,,,,,,,,,,,,
2020-11-18T21:48:00-CME-001,M2M_CATALOG,2020-11-18T21:48Z,S20E138,,2020-11-18,8T21,,,,,,,,,,,,,
2020-11-19T02:54:00-CME-001,M2M_CATALOG,2020-11-19T02:54Z,,,2020-11-19,9T02,,,,,,,,,,,,,
2020-11-19T03:12:00-CME-001,M2M_CATALOG,2020-11-19T03:12Z,N30E40,,2020-11-19,9T03,,,,,,,,,,,,,
2020-11-19T06:48:00-CME-001,M2M_CATALOG,2020-11-19T06:48Z,S23E49,,2020-11-19,9T06,,,,,,,,,,,,,
2020-11-19T15:12:00-CME-001,M2M_CATALOG,2020-11-19T15:12Z,,,2020-11-19,9T15,,,,,,,,,,,,,
2020-11-29T15:05:00-CME-001,M2M_CATALOG,2020-11-29T15:05Z,,12783.0,2020-11-29,9T15,,,,,,,,,,,,,
2020-10-10T04:24:00-CME-001,M2M_CATALOG,2020-10-10T04:24Z,,,2020-10-10,0T04,,,,,,,,,,,,,
2020-10-13T21:12:00-CME-001,M2M_CATALOG,2020-10-13T21:12Z,S23W37,12775.0,2020-10-13,3T21,,,,,,,,,,,,,
2020-10-14T03:24:00-CME-001,M2M_CATALOG,2020-10-14T03:24Z,,,2020-10-14,4T03,,,,,,,,,,,,,
2020-10-15T11:24:00-CME-001,M2M_CATALOG,2020-10-15T11:24Z,,,2020-10-15,5T11,,,,,,,,,,,,,
2020-10-15T16:36:00-CME-001,M2M_CATALOG,2020-10-15T16:36Z,,,2020-10-15,5T16,,,,,,,,,,,,,
2020-10-16T13:36:00-CME-001,M2M_CATALOG,2020-10-16T13:36Z,,12774.0,2020-10-16,6T13,,,,,,,,,,,,,
2020-10-16T16:03:00-CME-001,M2M_CATALOG,2020-10-16T16:03Z,S23W66,12775.0,2020-10-16,6T16,,,,,,,,,,,,,
2020-10-18T09:24:00-CME-001,M2M_CATALOG,2020-10-18T09:24Z,,,2020-10-18,8T09,,,,,,,,,,,,,
2020-10-22T13:09:00-CME-001,M2M_CATALOG,2020-10-22T13:09Z,,,2020-10-22,2T13,,,,,,,,,,,,,
2020-11-02T05:24:00-CME-001,M2M_CATALOG,2020-11-02T05:24Z,,,2020-11-02,2T05,,,,,,,,,,,,,
2020-11-07T13:24:00-CME-001,M2M_CATALOG,2020-11-07T13:24Z,N19W01,12780.0,2020-11-07,7T13,,,,,,,,,,,,,
2020-11-08T20:12:00-CME-001,M2M_CATALOG,2020-11-08T20:12Z,,,2020-11-08,8T20,,,,,,,,,,,,,
2020-11-11T19:36:00-CME-001,M2M_CATALOG,2020-11-11T19:36Z,S22E60,12782.0,2020-11-11,1T19,,,,,,,,,,,,,
2020-11-21T19:36:00-CME-001,M2M_CATALOG,2020-11-21T19:36Z,,,2020-11-21,1T19,,,,,,,,,,,,,
2020-12-11T19:09:00-CME-001,M2M_CATALOG,2020-12-11T19:09Z,,12791.0,2020-12-11,1T19,,,,,,,,,,,,,
2020-11-12T02:24:00-CME-001,M2M_CATALOG,2020-11-12T02:24Z,,,2020-11-12,2T02,,,,,,,,,,,,,
2020-11-13T12:24:00-CME-001,M2M_CATALOG,2020-11-13T12:24Z,,,2020-11-13,3T12,,,,,,,,,,,,,
2020-11-17T08:36:00-CME-001,M2M_CATALOG,2020-11-17T08:36Z,,,2020-11-17,7T08,,,,,,,,,,,,,
2020-11-17T19:00:00-CME-001,M2M_CATALOG,2020-11-17T19:00Z,,,2020-11-17,7T19,,,,,,,,,,,,,
2020-11-18T21:48:00-CME-001,M2M_CATALOG,2020-11-18T21:48Z,S20E138,,2020-11-18,8T21,,,,,,,,,,,,,
2020-11-19T02:54:00-CME-001,M2M_CATALOG,2020-11-19T02:54Z,,,2020-11-19,9T02,,,,,,,,,,,,,
2020-11-27T05:48:00-CME-001,M2M_CATALOG,2020-11-27T05:48Z,,,2020-11-27,7T05,,,,,,,,,,,,,
2020-11-29T13:24:00-CME-001,M2M_CATALOG,2020-11-29T13:24Z,S23E97,,2020-11-29,9T13,,,,,,,,,,,,,
2020-11-30T07:09:00-CME-001,M2M_CATALOG,2020-11-30T07:09Z,,,2020-11-30,0T07,,,,,,,,,,,,,
2020-12-01T05:48:00-CME-001,M2M_CATALOG,2020-12-01T05:48Z,S25E80,12790.0,2020-12-01,1T05,,,,,,,,,,,,,
2020-12-01T07:12:00-CME-001,M2M_CATALOG,2020-12-01T07:12Z,N35E30,12787.0,2020-12-01,1T07,,,,,,,,,,,,,
2020-12-03T11:12:00-CME-001,M2M_CATALOG,2020-12-03T11:12Z,S30E137,,2020-12-03,3T11,,,,,,,,,,,,,
2020-12-04T02:48:00-CME-001,M2M_CATALOG,2020-12-04T02:48Z,,,2020-12-04,4T02,,,,,,,,,,,,,
2020-12-06T22:00:00-CME-001,M2M_CATALOG,2020-12-06T22:00Z,,,2020-12-06,6T22,,,,,,,,,,,,,
2020-12-07T16:24:00-CME-001,M2M_CATALOG,2020-12-07T16:24Z,S23W11,12790.0,2020-12-07,7T16,,,,,,,,,,,,,
2020-12-07T18:36:00-CME-001,M2M_CATALOG,2020-12-07T18:36Z,S40W30,,2020-12-07,7T18,,,,,,,,,,,,,
2020-12-17T06:48:00-CME-001,M2M_CATALOG,2020-12-17T06:48Z,,,2020-12-17,7T06,,,,,,,,,,,,,
2020-12-27T00:48:00-CME-001,M2M_CATALOG,2020-12-27T00:48Z,,,2020-12-27,7T00,,,,,,,,,,,,,
2020-12-30T02:24:00-CME-001,M2M_CATALOG,2020-12-30T02:24Z,S20E08,12795.0,2020-12-30,0T02,,,,,,,,,,,,,
2020-10-10T04:24:00-CME-001,M2M_CATALOG,2020-10-10T04:24Z,,,2020-10-10,0T04,,,,,,,,,,,,,
2020-10-13T21:12:00-CME-001,M2M_CATALOG,2020-10-13T21:12Z,S23W37,12775.0,2020-10-13,3T21,,,,,,,,,,,,,
2020-10-14T03:24:00-CME-001,M2M_CATALOG,2020-10-14T03:24Z,,,2020-10-14,4T03,,,,,,,,,,,,,
2020-10-15T11:24:00-CME-001,M2M_CATALOG,2020-10-15T11:24Z,,,2020-10-15,5T11,,,,,,,,,,,,,
2020-10-15T16:36:00-CME-001,M2M_CATALOG,2020-10-15T16:36Z,,,2020-10-15,5T16,,,,,,,,,,,,,
2020-10-16T13:36:00-CME-001,M2M_CATALOG,2020-10-16T13:36Z,,12774.0,2020-10-16,6T13,,,,,,,,,,,,,
2020-10-16T16:03:00-CME-001,M2M_CATALOG,2020-10-16T16:03Z,S23W66,12775.0,2020-10-16,6T16,,,,,,,,,,,,,
2020-10-18T09:24:00-CME-001,M2M_CATALOG,2020-10-18T09:24Z,,,2020-10-18,8T09,,,,,,,,,,,,,
2020-10-22T13:09:00-CME-001,M2M_CATALOG,2020-10-22T13:09Z,,,2020-10-22,2T13,,,,,,,,,,,,,
2020-11-02T05:24:00-CME-001,M2M_CATALOG,2020-11-02T05:24Z,,,2020-11-02,2T05,,,,,,,,,,,,,
2020-11-07T13:24:00-CME-001,M2M_CATALOG,2020-11-07T13:24Z,N19W01,12780.0,2020-11-07,7T13,,,,,,,,,,,,,
2020-11-08T20:12:00-CME-001,M2M_CATALOG,2020-11-08T20:12Z,,,2020-11-08,8T20,,,,,,,,,,,,,
2020-11-11T19:36:00-CME-001,M2M_CATALOG,2020-11-11T19:36Z,S22E60,12782.0,2020-11-11,1T19,,,,,,,,,,,,,
2020-11-21T19:36:00-CME-001,M2M_CATALOG,2020-11-21T19:36Z,,,2020-11-21,1T19,,,,,,,,,,,,,
2020-12-11T19:09:00-CME-001,M2M_CATALOG,2020-12-11T19:09Z,,12791.0,2020-12-11,1T19,,,,,,,,,,,,,
2020-11-12T02:24:00-CME-001,M2M_CATALOG,2020-11-12T02:24Z,,,2020-11-12,2T02,,,,,,,,,,,,,
2020-11-13T12:24:00-CME-001,M2M_CATALOG,2020-11-13T12:24Z,,,2020-11-13,3T12,,,,,,,,,,,,,
2020-11-17T08:36:00-CME-001,M2M_CATALOG,2020-11-17T08:36Z,,,2020-11-17,7T08,,,,,,,,,,,,,
2020-11-17T19:00:00-CME-001,M2M_CATALOG,2020-11-17T19:00Z,,,2020-11-17,7T19,,,,,,,,,,,,,
2020-11-18T21:48:00-CME-001,M2M_CATALOG,2020-11-18T21:48Z,S20E138,,2020-11-18,8T21,,,,,,,,,,,,,
2020-11-19T02:54:00-CME-001,M2M_CATALOG,2020-11-19T02:54Z,,,2020-11-19,9T02,,,,,,,,,,,,,
2020-11-27T05:48:00-CME-001,M2M_CATALOG,2020-11-27T05:48Z,,,2020-11-27,7T05,,,,,,,,,,,,,
2020-11-29T13:24:00-CME-001,M2M_CATALOG,2020-11-29T13:24Z,S23E97,,2020-11-29,9T13,,,,,,,,,,,,,
2020-11-30T07:09:00-CME-001,M2M_CATALOG,2020-11-30T07:09Z,,,2020-11-30,0T07,,,,,,,,,,,,,
2020-12-01T05:48:00-CME-001,M2M_CATALOG,2020-12-01T05:48Z,S25E80,12790.0,2020-12-01,1T05,,,,,,,,,,,,,
2020-12-01T07:12:00-CME-001,M2M_CATALOG,2020-12-01T07:12Z,N35E30,12787.0,2020-12-01,1T07,,,,,,,,,,,,,
2020-12-03T11:12:00-CME-001,M2M_CATALOG,2020-12-03T11:12Z,S30E137,,2020-12-03,3T11,,,,,,,,,,,,,
2020-12-04T02:48:00-CME-001,M2M_CATALOG,2020-12-04T02:48Z,,,2020-12-04,4T02,,,,,,,,,,,,,
2020-12-06T22:00:00-CME-001,M2M_CATALOG,2020-12-06T22:00Z,,,2020-12-06,6T22,,,,,,,,,,,,,
2020-12-07T16:24:00-CME-001,M2M_CATALOG,2020-12-07T16:24Z,S23W11,12790.0,2020-12-07,7T16,,,,,,,,,,,,,
2020-12-07T18:36:00-CME-001,M2M_CATALOG,2020-12-07T18:36Z,S40W30,,2020-12-07,7T18,,,,,,,,,,,,,
2020-12-17T06:48:00-CME-001,M2M_CATALOG,2020-12-17T06:48Z,,,2020-12-17,7T06,,,,,,,,,,,,,
2020-12-27T00:48:00-CME-001,M2M_CATALOG,2020-12-27T00:48Z,,,2020-12-27,7T00,,,,,,,,,,,,,
2020-12-30T02:24:00-CME-001,M2M_CATALOG,2020-12-30T02:24Z,S20E08,12795.0,2020-12-30,0T02,,,,,,,,,,,,,
2020-10-10T04:24:00-CME-001,M2M_CATALOG,2020-10-10T04:24Z,,,2020-10-10,0T04,,,,,,,,,,,,,
2020-10-13T21:12:00-CME-001,M2M_CATALOG,2020-10-13T21:12Z,S23W37,12775.0,2020-10-13,3T21,,,,,,,,,,,,,
2020-10-14T03:24:00-CME-001,M2M_CATALOG,2020-10-14T03:24Z,,,2020-10-14,4T03,,,,,,,,,,,,,
2020-10-15T11:24:00-CME-001,M2M_CATALOG,2020-10-15T11:24Z,,,2020-10-15,5T11,,,,,,,,,,,,,
2020-10-15T16:36:00-CME-001,M2M_CATALOG,2020-10-15T16:36Z,,,2020-10-15,5T16,,,,,,,,,,,,,
2020-10-16T13:36:00-CME-001,M2M_CATALOG,2020-10-16T13:36Z,,12774.0,2020-10-16,6T13,,,,,,,,,,,,,
2020-10-16T16:03:00-CME-001,M2M_CATALOG,2020-10-16T16:03Z,S23W66,12775.0,2020-10-16,6T16,,,,,,,,,,,,,
2020-10-18T09:24:00-CME-001,M2M_CATALOG,2020-10-18T09:24Z,,,2020-10-18,8T09,,,,,,,,,,,,,
2020-10-22T13:09:00-CME-001,M2M_CATALOG,2020-10-22T13:09Z,,,2020-10-22,2T13,,,,,,,,,,,,,
2020-11-02T05:24:00-CME-001,M2M_CATALOG,2020-11-02T05:24Z,,,2020-11-02,2T05,,,,,,,,,,,,,
2020-11-07T13:24:00-CME-001,M2M_CATALOG,2020-11-07T13:24Z,N19W01,12780.0,2020-11-07,7T13,,,,,,,,,,,,,
2020-11-08T20:12:00-CME-001,M2M_CATALOG,2020-11-08T20:12Z,,,2020-11-08,8T20,,,,,,,,,,,,,
2020-11-11T19:36:00-CME-001,M2M_CATALOG,2020-11-11T19:36Z,S22E60,12782.0,2020-11-11,1T19,,,,,,,,,,,,,
2020-11-21T19:36:00-CME-001,M2M_CATALOG,2020-11-21T19:36Z,,,2020-11-21,1T19,,,,,,,,,,,,,
2020-12-11T19:09:00-CME-001,M2M_CATALOG,2020-12-11T19:09Z,,12791.0,2020-12-11,1T19,,,,,,,,,,,,,
2020-11-12T02:24:00-CME-001,M2M_CATALOG,2020-11-12T02:24Z,,,2020-11-12,2T02,,,,,,,,,,,,,
2020-11-13T12:24:00-CME-001,M2M_CATALOG,2020-11-13T12:24Z,,,2020-11-13,3T12,,,,,,,,,,,,,
2020-11-17T08:36:00-CME-001,M2M_CATALOG,2020-11-17T08:36Z,,,2020-11-17,7T08,,,,,,,,,,,,,
2020-11-17T19:00:00-CME-001,M2M_CATALOG,2020-11-17T19:00Z,,,2020-11-17,7T19,,,,,,,,,,,,,
2020-11-18T21:48:00-CME-001,M2M_CATALOG,2020-11-18T21:48Z,S20E138,,2020-11-18,8T21,,,,,,,,,,,,,
2020-11-19T02:54:00-CME-001,M2M_CATALOG,2020-11-19T02:54Z,,,2020-11-19,9T02,,,,,,,,,,,,,
2020-11-27T05:48:00-CME-001,M2M_CATALOG,2020-11-27T05:48Z,,,2020-11-27,7T05,,,,,,,,,,,,,
2020-11-29T13:24:00-CME-001,M2M_CATALOG,2020-11-29T13:24Z,S23E97,,2020-11-29,9T13,,,,,,,,,,,,,
2020-11-30T07:09:00-CME-001,M2M_CATALOG,2020-11-30T07:09Z,,,2020-11-30,0T07,,,,,,,,,,,,,
2020-12-01T05:48:00-CME-001,M2M_CATALOG,2020-12-01T05:48Z,S25E80,12790.0,2020-12-01,1T05,,,,,,,,,,,,,
2020-12-01T07:12:00-CME-001,M2M_CATALOG,2020-12-01T07:12Z,N35E30,12787.0,2020-12-01,1T07,,,,,,,,,,,,,
2020-12-03T11:12:00-CME-001,M2M_CATALOG,2020-12-03T11:12Z,S30E137,,2020-12-03,3T11,,,,,,,,,,,,,
2020-12-04T02:48:00-CME-001,M2M_CATALOG,2020-12-04T02:48Z,,,2020-12-04,4T02,,,,,,,,,,,,,
2020-12-06T22:00:00-CME-001,M2M_CATALOG,2020-12-06T22:00Z,,,2020-12-06,6T22,,,,,,,,,,,,,
2020-12-07T16:24:00-CME-001,M2M_CATALOG,2020-12-07T16:24Z,S23W11,12790.0,2020-12-07,7T16,,,,,,,,,,,,,
2020-12-07T18:36:00-CME-001,M2M_CATALOG,2020-12-07T18:36Z,S40W30,,2020-12-07,7T18,,,,,,,,,,,,,
2020-12-17T06:48:00-CME-001,M2M_CATALOG,2020-12-17T06:48Z,,,2020-12-17,7T06,,,,,,,,,,,,,
2020-12-27T00:48:00-CME-001,M2M_CATALOG,2020-12-27T00:48Z,,,2020-12-27,7T00,,,,,,,,,,,,,
2020-12-30T02:24:00-CME-001,M2M_CATALOG,2020-12-30T02:24Z,S20E08,12795.0,2020-12-30,0T02,,,,,,,,,,,,,
2020-10-23T04:39:00-CME-001,M2M_CATALOG,2020-10-23T04:39Z,,,2020-10-23,3T04,,,,,,,,,,,,,
2020-10-23T22:35:00-CME-001,M2M_CATALOG,2020-10-23T22:35Z,,,2020-10-23,3T22,,,,,,,,,,,,,
2020-10-10T04:24:00-CME-001,M2M_CATALOG,2020-10-10T04:24Z,,,2020-10-10,0T04,,,,,,,,,,,,,
2020-10-13T21:12:00-CME-001,M2M_CATALOG,2020-10-13T21:12Z,S23W37,12775.0,2020-10-13,3T21,,,,,,,,,,,,,
2020-10-14T03:24:00-CME-001,M2M_CATALOG,2020-10-14T03:24Z,,,2020-10-14,4T03,,,,,,,,,,,,,
2020-10-15T11:24:00-CME-001,M2M_CATALOG,2020-10-15T11:24Z,,,2020-10-15,5T11,,,,,,,,,,,,,
2020-10-15T16:36:00-CME-001,M2M_CATALOG,2020-10-15T16:36Z,,,2020-10-15,5T16,,,,,,,,,,,,,
2020-10-16T13:36:00-CME-001,M2M_CATALOG,2020-10-16T13:36Z,,12774.0,2020-10-16,6T13,,,,,,,,,,,,,
2020-10-16T16:03:00-CME-001,M2M_CATALOG,2020-10-16T16:03Z,S23W66,12775.0,2020-10-16,6T16,,,,,,,,,,,,,
2020-10-18T09:24:00-CME-001,M2M_CATALOG,2020-10-18T09:24Z,,,2020-10-18,8T09,,,,,,,,,,,,,
2020-10-22T13:09:00-CME-001,M2M_CATALOG,2020-10-22T13:09Z,,,2020-10-22,2T13,,,,,,,,,,,,,
2020-10-23T04:39:00-CME-001,M2M_CATALOG,2020-10-23T04:39Z,,,2020-10-23,3T04,,,,,,,,,,,,,
2020-10-23T22:35:00-CME-001,M2M_CATALOG,2020-10-23T22:35Z,,,2020-10-23,3T22,,,,,,,,,,,,,
2020-10-26T09:12:00-CME-001,M2M_CATALOG,2020-10-26T09:12Z,,,2020-10-26,6T09,,,,,,,,,,,,,
2020-10-26T18:09:00-CME-001,M2M_CATALOG,2020-10-26T18:09Z,,,2020-10-26,6T18,,,,,,,,,,,,,
2020-10-27T03:39:00-CME-001,M2M_CATALOG,2020-10-27T03:39Z,,,2020-10-27,7T03,,,,,,,,,,,,,
2020-10-28T13:42:00-CME-001,M2M_CATALOG,2020-10-28T13:42Z,,,2020-10-28,8T13,,,,,,,,,,,,,
2020-11-18T13:24:00-CME-001,M2M_CATALOG,2020-11-18T13:24Z,,,2020-11-18,8T13,,,,,,,,,,,,,
2020-11-18T13:36:00-CME-001,M2M_CATALOG,2020-11-18T13:36Z,,,2020-11-18,8T13,,,,,,,,,,,,,
2020-10-29T01:54:00-CME-001,M2M_CATALOG,2020-10-29T01:54Z,S19W28,12779.0,2020-10-29,9T01,,,,,,,,,,,,,
2020-10-31T00:12:00-CME-001,M2M_CATALOG,2020-10-31T00:12Z,,,2020-10-31,1T00,5720.0,076d970a-1aec-411c-a1b1-ecd83b011533,Heineken,Oak Aged Yeti Imperial Stout,European Amber Lager,Magnum,1762 - Belgian Abbey II,Black malt,84 IBU,7.1%,11.2°Blg,Paises Bajos,1864.0
2020-12-11T00:36:00-CME-001,M2M_CATALOG,2020-12-11T00:36Z,,,2020-12-11,1T00,5720.0,076d970a-1aec-411c-a1b1-ecd83b011533,Heineken,Oak Aged Yeti Imperial Stout,European Amber Lager,Magnum,1762 - Belgian Abbey II,Black malt,84 IBU,7.1%,11.2°Blg,Paises Bajos,1864.0
2020-11-01T20:00:00-CME-001,M2M_CATALOG,2020-11-01T20:00Z,,,2020-11-01,1T20,,,,,,,,,,,,,
2020-11-02T05:24:00-CME-001,M2M_CATALOG,2020-11-02T05:24Z,,,2020-11-02,2T05,,,,,,,,,,,,,
2020-11-07T13:24:00-CME-001,M2M_CATALOG,2020-11-07T13:24Z,N19W01,12780.0,2020-11-07,7T13,,,,,,,,,,,,,
2020-11-08T20:12:00-CME-001,M2M_CATALOG,2020-11-08T20:12Z,,,2020-11-08,8T20,,,,,,,,,,,,,
2020-11-11T19:36:00-CME-001,M2M_CATALOG,2020-11-11T19:36Z,S22E60,12782.0,2020-11-11,1T19,,,,,,,,,,,,,
2020-11-21T19:36:00-CME-001,M2M_CATALOG,2020-11-21T19:36Z,,,2020-11-21,1T19,,,,,,,,,,,,,
2020-12-11T19:09:00-CME-001,M2M_CATALOG,2020-12-11T19:09Z,,12791.0,2020-12-11,1T19,,,,,,,,,,,,,
2020-11-12T02:24:00-CME-001,M2M_CATALOG,2020-11-12T02:24Z,,,2020-11-12,2T02,,,,,,,,,,,,,
2020-11-13T12:24:00-CME-001,M2M_CATALOG,2020-11-13T12:24Z,,,2020-11-13,3T12,,,,,,,,,,,,,
2020-11-17T08:36:00-CME-001,M2M_CATALOG,2020-11-17T08:36Z,,,2020-11-17,7T08,,,,,,,,,,,,,
2020-11-17T19:00:00-CME-001,M2M_CATALOG,2020-11-17T19:00Z,,,2020-11-17,7T19,,,,,,,,,,,,,
2020-10-28T13:42:00-CME-001,M2M_CATALOG,2020-10-28T13:42Z,,,2020-10-28,8T13,,,,,,,,,,,,,
2020-11-18T13:24:00-CME-001,M2M_CATALOG,2020-11-18T13:24Z,,,2020-11-18,8T13,,,,,,,,,,,,,
2020-11-18T13:36:00-CME-001,M2M_CATALOG,2020-11-18T13:36Z,,,2020-11-18,8T13,,,,,,,,,,,,,
2020-10-28T13:42:00-CME-001,M2M_CATALOG,2020-10-28T13:42Z,,,2020-10-28,8T13,,,,,,,,,,,,,
2020-11-18T13:24:00-CME-001,M2M_CATALOG,2020-11-18T13:24Z,,,2020-11-18,8T13,,,,,,,,,,,,,
2020-11-18T13:36:00-CME-001,M2M_CATALOG,2020-11-18T13:36Z,,,2020-11-18,8T13,,,,,,,,,,,,,
2020-11-18T21:48:00-CME-001,M2M_CATALOG,2020-11-18T21:48Z,S20E138,,2020-11-18,8T21,,,,,,,,,,,,,
2020-11-19T02:54:00-CME-001,M2M_CATALOG,2020-11-19T02:54Z,,,2020-11-19,9T02,,,,,,,,,,,,,
2020-11-19T03:12:00-CME-001,M2M_CATALOG,2020-11-19T03:12Z,N30E40,,2020-11-19,9T03,,,,,,,,,,,,,
2020-11-19T06:48:00-CME-001,M2M_CATALOG,2020-11-19T06:48Z,S23E49,,2020-11-19,9T06,,,,,,,,,,,,,
2020-11-19T15:12:00-CME-001,M2M_CATALOG,2020-11-19T15:12Z,,,2020-11-19,9T15,,,,,,,,,,,,,
2020-11-29T15:05:00-CME-001,M2M_CATALOG,2020-11-29T15:05Z,,12783.0,2020-11-29,9T15,,,,,,,,,,,,,
2020-11-20T19:51:00-CME-001,M2M_CATALOG,2020-11-20T19:51Z,,12783.0,2020-11-20,0T19,,,,,,,,,,,,,
2020-11-20T21:12:00-CME-001,M2M_CATALOG,2020-11-20T21:12Z,,,2020-11-20,0T21,,,,,,,,,,,,,
2020-11-11T19:36:00-CME-001,M2M_CATALOG,2020-11-11T19:36Z,S22E60,12782.0,2020-11-11,1T19,,,,,,,,,,,,,
2020-11-21T19:36:00-CME-001,M2M_CATALOG,2020-11-21T19:36Z,,,2020-11-21,1T19,,,,,,,,,,,,,
2020-12-11T19:09:00-CME-001,M2M_CATALOG,2020-12-11T19:09Z,,12791.0,2020-12-11,1T19,,,,,,,,,,,,,
2020-11-21T23:12:00-CME-001,M2M_CATALOG,2020-11-21T23:12Z,,,2020-11-21,1T23,,,,,,,,,,,,,
2020-11-22T01:36:00-CME-001,M2M_CATALOG,2020-11-22T01:36Z,,,2020-11-22,2T01,,,,,,,,,,,,,
2020-11-23T18:48:00-CME-001,M2M_CATALOG,2020-11-23T18:48Z,,,2020-11-23,3T18,,,,,,,,,,,,,
2020-11-24T04:36:00-CME-001,M2M_CATALOG,2020-11-24T04:36Z,S20E65,12785.0,2020-11-24,4T04,,,,,,,,,,,,,
2020-11-24T11:24:00-CME-001,M2M_CATALOG,2020-11-24T11:24Z,,,2020-11-24,4T11,,,,,,,,,,,,,
2020-12-04T11:09:00-CME-001,M2M_CATALOG,2020-12-04T11:09Z,,,2020-12-04,4T11,,,,,,,,,,,,,
2020-11-24T13:24:00-CME-001,M2M_CATALOG,2020-11-24T13:24Z,,,2020-11-24,4T13,,,,,,,,,,,,,
2020-11-26T08:24:00-CME-001,M2M_CATALOG,2020-11-26T08:24Z,,,2020-11-26,6T08,,,,,,,,,,,,,
2020-11-26T21:24:00-CME-001,M2M_CATALOG,2020-11-26T21:24Z,N32E90,12787.0,2020-11-26,6T21,,,,,,,,,,,,,
2020-11-27T05:48:00-CME-001,M2M_CATALOG,2020-11-27T05:48Z,,,2020-11-27,7T05,,,,,,,,,,,,,
2020-11-29T13:24:00-CME-001,M2M_CATALOG,2020-11-29T13:24Z,S23E97,,2020-11-29,9T13,,,,,,,,,,,,,
2020-11-19T15:12:00-CME-001,M2M_CATALOG,2020-11-19T15:12Z,,,2020-11-19,9T15,,,,,,,,,,,,,
2020-11-29T15:05:00-CME-001,M2M_CATALOG,2020-11-29T15:05Z,,12783.0,2020-11-29,9T15,,,,,,,,,,,,,
2020-11-30T07:09:00-CME-001,M2M_CATALOG,2020-11-30T07:09Z,,,2020-11-30,0T07,,,,,,,,,,,,,
2020-12-01T05:48:00-CME-001,M2M_CATALOG,2020-12-01T05:48Z,S25E80,12790.0,2020-12-01,1T05,,,,,,,,,,,,,
2020-12-01T07:12:00-CME-001,M2M_CATALOG,2020-12-01T07:12Z,N35E30,12787.0,2020-12-01,1T07,,,,,,,,,,,,,
2020-12-03T11:12:00-CME-001,M2M_CATALOG,2020-12-03T11:12Z,S30E137,,2020-12-03,3T11,,,,,,,,,,,,,
2020-12-04T02:48:00-CME-001,M2M_CATALOG,2020-12-04T02:48Z,,,2020-12-04,4T02,,,,,,,,,,,,,
2020-11-24T11:24:00-CME-001,M2M_CATALOG,2020-11-24T11:24Z,,,2020-11-24,4T11,,,,,,,,,,,,,
2020-12-04T11:09:00-CME-001,M2M_CATALOG,2020-12-04T11:09Z,,,2020-12-04,4T11,,,,,,,,,,,,,
2020-12-06T22:00:00-CME-001,M2M_CATALOG,2020-12-06T22:00Z,,,2020-12-06,6T22,,,,,,,,,,,,,
2020-12-07T16:24:00-CME-001,M2M_CATALOG,2020-12-07T16:24Z,S23W11,12790.0,2020-12-07,7T16,,,,,,,,,,,,,
2020-12-07T18:36:00-CME-001,M2M_CATALOG,2020-12-07T18:36Z,S40W30,,2020-12-07,7T18,,,,,,,,,,,,,
2020-10-31T00:12:00-CME-001,M2M_CATALOG,2020-10-31T00:12Z,,,2020-10-31,1T00,,,,,,,,,,,,,
2020-12-11T00:36:00-CME-001,M2M_CATALOG,2020-12-11T00:36Z,,,2020-12-11,1T00,,,,,,,,,,,,,
2020-11-11T19:36:00-CME-001,M2M_CATALOG,2020-11-11T19:36Z,S22E60,12782.0,2020-11-11,1T19,,,,,,,,,,,,,
2020-11-21T19:36:00-CME-001,M2M_CATALOG,2020-11-21T19:36Z,,,2020-11-21,1T19,,,,,,,,,,,,,
2020-12-11T19:09:00-CME-001,M2M_CATALOG,2020-12-11T19:09Z,,12791.0,2020-12-11,1T19,,,,,,,,,,,,,
2020-12-12T04:12:00-CME-001,M2M_CATALOG,2020-12-12T04:12Z,,,2020-12-12,2T04,,,,,,,,,,,,,
2020-12-13T09:24:00-CME-001,M2M_CATALOG,2020-12-13T09:24Z,,,2020-12-13,3T09,,,,,,,,,,,,,
2020-12-14T15:12:00-CME-001,M2M_CATALOG,2020-12-14T15:12Z,S22E44,12792.0,2020-12-14,4T15,,,,,,,,,,,,,
2020-12-14T21:12:00-CME-001,M2M_CATALOG,2020-12-14T21:12Z,N40E110,,2020-12-14,4T21,,,,,,,,,,,,,
2020-12-17T06:48:00-CME-001,M2M_CATALOG,2020-12-17T06:48Z,,,2020-12-17,7T06,,,,,,,,,,,,,
2020-12-27T00:48:00-CME-001,M2M_CATALOG,2020-12-27T00:48Z,,,2020-12-27,7T00,,,,,,,,,,,,,
2020-12-30T02:24:00-CME-001,M2M_CATALOG,2020-12-30T02:24Z,S20E08,12795.0,2020-12-30,0T02,,,,,,,,,,,,,
2020-10-10T04:24:00-CME-001,M2M_CATALOG,2020-10-10T04:24Z,,,2020-10-10,0T04,,,,,,,,,,,,,
2020-10-13T21:12:00-CME-001,M2M_CATALOG,2020-10-13T21:12Z,S23W37,12775.0,2020-10-13,3T21,,,,,,,,,,,,,
2020-10-14T03:24:00-CME-001,M2M_CATALOG,2020-10-14T03:24Z,,,2020-10-14,4T03,,,,,,,,,,,,,
2020-10-15T11:24:00-CME-001,M2M_CATALOG,2020-10-15T11:24Z,,,2020-10-15,5T11,,,,,,,,,,,,,
2020-10-15T16:36:00-CME-001,M2M_CATALOG,2020-10-15T16:36Z,,,2020-10-15,5T16,,,,,,,,,,,,,
2020-10-16T13:36:00-CME-001,M2M_CATALOG,2020-10-16T13:36Z,,12774.0,2020-10-16,6T13,,,,,,,,,,,,,
2020-10-16T16:03:00-CME-001,M2M_CATALOG,2020-10-16T16:03Z,S23W66,12775.0,2020-10-16,6T16,,,,,,,,,,,,,
2020-10-18T09:24:00-CME-001,M2M_CATALOG,2020-10-18T09:24Z,,,2020-10-18,8T09,,,,,,,,,,,,,
2020-10-22T13:09:00-CME-001,M2M_CATALOG,2020-10-22T13:09Z,,,2020-10-22,2T13,,,,,,,,,,,,,
2020-10-23T04:39:00-CME-001,M2M_CATALOG,2020-10-23T04:39Z,,,2020-10-23,3T04,,,,,,,,,,,,,
2020-10-23T22:35:00-CME-001,M2M_CATALOG,2020-10-23T22:35Z,,,2020-10-23,3T22,,,,,,,,,,,,,
2020-10-26T09:12:00-CME-001,M2M_CATALOG,2020-10-26T09:12Z,,,2020-10-26,6T09,,,,,,,,,,,,,
2020-10-26T18:09:00-CME-001,M2M_CATALOG,2020-10-26T18:09Z,,,2020-10-26,6T18,,,,,,,,,,,,,
2020-10-27T03:39:00-CME-001,M2M_CATALOG,2020-10-27T03:39Z,,,2020-10-27,7T03,,,,,,,,,,,,,
2020-10-28T13:42:00-CME-001,M2M_CATALOG,2020-10-28T13:42Z,,,2020-10-28,8T13,,,,,,,,,,,,,
2020-11-18T13:24:00-CME-001,M2M_CATALOG,2020-11-18T13:24Z,,,2020-11-18,8T13,,,,,,,,,,,,,
2020-11-18T13:36:00-CME-001,M2M_CATALOG,2020-11-18T13:36Z,,,2020-11-18,8T13,,,,,,,,,,,,,
2020-10-29T01:54:00-CME-001,M2M_CATALOG,2020-10-29T01:54Z,S19W28,12779.0,2020-10-29,9T01,,,,,,,,,,,,,
2020-10-31T00:12:00-CME-001,M2M_CATALOG,2020-10-31T00:12Z,,,2020-10-31,1T00,,,,,,,,,,,,,
2020-12-11T00:36:00-CME-001,M2M_CATALOG,2020-12-11T00:36Z,,,2020-12-11,1T00,,,,,,,,,,,,,
2020-11-01T20:00:00-CME-001,M2M_CATALOG,2020-11-01T20:00Z,,,2020-11-01,1T20,,,,,,,,,,,,,
2020-11-02T05:24:00-CME-001,M2M_CATALOG,2020-11-02T05:24Z,,,2020-11-02,2T05,,,,,,,,,,,,,
2020-11-07T13:24:00-CME-001,M2M_CATALOG,2020-11-07T13:24Z,N19W01,12780.0,2020-11-07,7T13,,,,,,,,,,,,,
2020-11-08T20:12:00-CME-001,M2M_CATALOG,2020-11-08T20:12Z,,,2020-11-08,8T20,,,,,,,,,,,,,
2020-11-11T19:36:00-CME-001,M2M_CATALOG,2020-11-11T19:36Z,S22E60,12782.0,2020-11-11,1T19,,,,,,,,,,,,,
2020-11-21T19:36:00-CME-001,M2M_CATALOG,2020-11-21T19:36Z,,,2020-11-21,1T19,,,,,,,,,,,,,
2020-12-11T19:09:00-CME-001,M2M_CATALOG,2020-12-11T19:09Z,,12791.0,2020-12-11,1T19,,,,,,,,,,,,,
2020-11-12T02:24:00-CME-001,M2M_CATALOG,2020-11-12T02:24Z,,,2020-11-12,2T02,,,,,,,,,,,,,
2020-11-13T12:24:00-CME-001,M2M_CATALOG,2020-11-13T12:24Z,,,2020-11-13,3T12,,,,,,,,,,,,,
2020-11-17T08:36:00-CME-001,M2M_CATALOG,2020-11-17T08:36Z,,,2020-11-17,7T08,,,,,,,,,,,,,
2020-11-17T19:00:00-CME-001,M2M_CATALOG,2020-11-17T19:00Z,,,2020-11-17,7T19,,,,,,,,,,,,,
2020-10-28T13:42:00-CME-001,M2M_CATALOG,2020-10-28T13:42Z,,,2020-10-28,8T13,,,,,,,,,,,,,
2020-11-18T13:24:00-CME-001,M2M_CATALOG,2020-11-18T13:24Z,,,2020-11-18,8T13,,,,,,,,,,,,,
2020-11-18T13:36:00-CME-001,M2M_CATALOG,2020-11-18T13:36Z,,,2020-11-18,8T13,,,,,,,,,,,,,
2020-10-28T13:42:00-CME-001,M2M_CATALOG,2020-10-28T13:42Z,,,2020-10-28,8T13,,,,,,,,,,,,,
2020-11-18T13:24:00-CME-001,M2M_CATALOG,2020-11-18T13:24Z,,,2020-11-18,8T13,,,,,,,,,,,,,
2020-11-18T13:36:00-CME-001,M2M_CATALOG,2020-11-18T13:36Z,,,2020-11-18,8T13,,,,,,,,,,,,,
2020-11-18T21:48:00-CME-001,M2M_CATALOG,2020-11-18T21:48Z,S20E138,,2020-11-18,8T21,,,,,,,,,,,,,
2020-11-19T02:54:00-CME-001,M2M_CATALOG,2020-11-19T02:54Z,,,2020-11-19,9T02,,,,,,,,,,,,,
2020-11-19T03:12:00-CME-001,M2M_CATALOG,2020-11-19T03:12Z,N30E40,,2020-11-19,9T03,,,,,,,,,,,,,
2020-11-19T06:48:00-CME-001,M2M_CATALOG,2020-11-19T06:48Z,S23E49,,2020-11-19,9T06,,,,,,,,,,,,,
2020-11-19T15:12:00-CME-001,M2M_CATALOG,2020-11-19T15:12Z,,,2020-11-19,9T15,,,,,,,,,,,,,
2020-11-29T15:05:00-CME-001,M2M_CATALOG,2020-11-29T15:05Z,,12783.0,2020-11-29,9T15,,,,,,,,,,,,,
2020-11-20T19:51:00-CME-001,M2M_CATALOG,2020-11-20T19:51Z,,12783.0,2020-11-20,0T19,,,,,,,,,,,,,
2020-10-10T04:24:00-CME-001,M2M_CATALOG,2020-10-10T04:24Z,,,2020-10-10,0T04,,,,,,,,,,,,,
2020-10-13T21:12:00-CME-001,M2M_CATALOG,2020-10-13T21:12Z,S23W37,12775.0,2020-10-13,3T21,,,,,,,,,,,,,
2020-10-14T03:24:00-CME-001,M2M_CATALOG,2020-10-14T03:24Z,,,2020-10-14,4T03,,,,,,,,,,,,,
2020-10-15T11:24:00-CME-001,M2M_CATALOG,2020-10-15T11:24Z,,,2020-10-15,5T11,,,,,,,,,,,,,
2020-10-15T16:36:00-CME-001,M2M_CATALOG,2020-10-15T16:36Z,,,2020-10-15,5T16,,,,,,,,,,,,,
2020-10-16T13:36:00-CME-001,M2M_CATALOG,2020-10-16T13:36Z,,12774.0,2020-10-16,6T13,,,,,,,,,,,,,
2020-10-16T16:03:00-CME-001,M2M_CATALOG,2020-10-16T16:03Z,S23W66,12775.0,2020-10-16,6T16,,,,,,,,,,,,,
2020-10-18T09:24:00-CME-001,M2M_CATALOG,2020-10-18T09:24Z,,,2020-10-18,8T09,,,,,,,,,,,,,
2020-10-22T13:09:00-CME-001,M2M_CATALOG,2020-10-22T13:09Z,,,2020-10-22,2T13,,,,,,,,,,,,,
2020-10-23T04:39:00-CME-001,M2M_CATALOG,2020-10-23T04:39Z,,,2020-10-23,3T04,,,,,,,,,,,,,
2020-10-23T22:35:00-CME-001,M2M_CATALOG,2020-10-23T22:35Z,,,2020-10-23,3T22,,,,,,,,,,,,,
2020-10-26T09:12:00-CME-001,M2M_CATALOG,2020-10-26T09:12Z,,,2020-10-26,6T09,,,,,,,,,,,,,
2020-10-26T18:09:00-CME-001,M2M_CATALOG,2020-10-26T18:09Z,,,2020-10-26,6T18,,,,,,,,,,,,,
2020-10-27T03:39:00-CME-001,M2M_CATALOG,2020-10-27T03:39Z,,,2020-10-27,7T03,,,,,,,,,,,,,
2020-10-28T13:42:00-CME-001,M2M_CATALOG,2020-10-28T13:42Z,,,2020-10-28,8T13,,,,,,,,,,,,,
2020-11-18T13:24:00-CME-001,M2M_CATALOG,2020-11-18T13:24Z,,,2020-11-18,8T13,,,,,,,,,,,,,
2020-11-18T13:36:00-CME-001,M2M_CATALOG,2020-11-18T13:36Z,,,2020-11-18,8T13,,,,,,,,,,,,,
2020-10-29T01:54:00-CME-001,M2M_CATALOG,2020-10-29T01:54Z,S19W28,12779.0,2020-10-29,9T01,,,,,,,,,,,,,
2020-10-31T00:12:00-CME-001,M2M_CATALOG,2020-10-31T00:12Z,,,2020-10-31,1T00,,,,,,,,,,,,,
2020-12-11T00:36:00-CME-001,M2M_CATALOG,2020-12-11T00:36Z,,,2020-12-11,1T00,,,,,,,,,,,,,
2020-11-01T20:00:00-CME-001,M2M_CATALOG,2020-11-01T20:00Z,,,2020-11-01,1T20,,,,,,,,,,,,,
2020-11-02T05:24:00-CME-001,M2M_CATALOG,2020-11-02T05:24Z,,,2020-11-02,2T05,,,,,,,,,,,,,
2020-11-07T13:24:00-CME-001,M2M_CATALOG,2020-11-07T13:24Z,N19W01,12780.0,2020-11-07,7T13,,,,,,,,,,,,,
2020-11-08T20:12:00-CME-001,M2M_CATALOG,2020-11-08T20:12Z,,,2020-11-08,8T20,,,,,,,,,,,,,
2020-11-11T19:36:00-CME-001,M2M_CATALOG,2020-11-11T19:36Z,S22E60,12782.0,2020-11-11,1T19,,,,,,,,,,,,,
2020-11-21T19:36:00-CME-001,M2M_CATALOG,2020-11-21T19:36Z,,,2020-11-21,1T19,,,,,,,,,,,,,
2020-12-11T19:09:00-CME-001,M2M_CATALOG,2020-12-11T19:09Z,,12791.0,2020-12-11,1T19,,,,,,,,,,,,,
2020-11-12T02:24:00-CME-001,M2M_CATALOG,2020-11-12T02:24Z,,,2020-11-12,2T02,,,,,,,,,,,,,
2020-11-13T12:24:00-CME-001,M2M_CATALOG,2020-11-13T12:24Z,,,2020-11-13,3T12,,,,,,,,,,,,,
2020-11-17T08:36:00-CME-001,M2M_CATALOG,2020-11-17T08:36Z,,,2020-11-17,7T08,,,,,,,,,,,,,
2020-11-17T19:00:00-CME-001,M2M_CATALOG,2020-11-17T19:00Z,,,2020-11-17,7T19,5828.0,f66c8e56-0136-4e17-9a36-638e94c41bea,Samuel Adams,Oaked Arrogant Bastard Ale,Light Lager,Mt. Hood,3942 - Belgian Wheat,Carapils,65 IBU,8.5%,18.0°Blg,Estados Unidos,1984.0
2020-10-28T13:42:00-CME-001,M2M_CATALOG,2020-10-28T13:42Z,,,2020-10-28,8T13,,,,,,,,,,,,,
2020-11-18T13:24:00-CME-001,M2M_CATALOG,2020-11-18T13:24Z,,,2020-11-18,8T13,,,,,,,,,,,,,
2020-11-18T13:36:00-CME-001,M2M_CATALOG,2020-11-18T13:36Z,,,2020-11-18,8T13,,,,,,,,,,,,,
2020-10-28T13:42:00-CME-001,M2M_CATALOG,2020-10-28T13:42Z,,,2020-10-28,8T13,,,,,,,,,,,,,
2020-11-18T13:24:00-CME-001,M2M_CATALOG,2020-11-18T13:24Z,,,2020-11-18,8T13,,,,,,,,,,,,,
2020-11-18T13:36:00-CME-001,M2M_CATALOG,2020-11-18T13:36Z,,,2020-11-18,8T13,,,,,,,,,,,,,
2020-11-18T21:48:00-CME-001,M2M_CATALOG,2020-11-18T21:48Z,S20E138,,2020-11-18,8T21,,,,,,,,,,,,,
2020-11-19T02:54:00-CME-001,M2M_CATALOG,2020-11-19T02:54Z,,,2020-11-19,9T02,,,,,,,,,,,,,
2020-11-19T03:12:00-CME-001,M2M_CATALOG,2020-11-19T03:12Z,N30E40,,2020-11-19,9T03,,,,,,,,,,,,,
2020-11-19T06:48:00-CME-001,M2M_CATALOG,2020-11-19T06:48Z,S23E49,,2020-11-19,9T06,,,,,,,,,,,,,
2020-11-19T15:12:00-CME-001,M2M_CATALOG,2020-11-19T15:12Z,,,2020-11-19,9T15,,,,,,,,,,,,,
2020-11-29T15:05:00-CME-001,M2M_CATALOG,2020-11-29T15:05Z,,12783.0,2020-11-29,9T15,,,,,,,,,,,,,
2020-11-20T19:51:00-CME-001,M2M_CATALOG,2020-11-20T19:51Z,,12783.0,2020-11-20,0T19,,,,,,,,,,,,,
2020-11-20T21:12:00-CME-001,M2M_CATALOG,2020-11-20T21:12Z,,,2020-11-20,0T21,,,,,,,,,,,,,
2020-11-11T19:36:00-CME-001,M2M_CATALOG,2020-11-11T19:36Z,S22E60,12782.0,2020-11-11,1T19,,,,,,,,,,,,,
2020-11-21T19:36:00-CME-001,M2M_CATALOG,2020-11-21T19:36Z,,,2020-11-21,1T19,,,,,,,,,,,,,
2020-12-11T19:09:00-CME-001,M2M_CATALOG,2020-12-11T19:09Z,,12791.0,2020-12-11,1T19,,,,,,,,,,,,,
2020-11-21T23:12:00-CME-001,M2M_CATALOG,2020-11-21T23:12Z,,,2020-11-21,1T23,,,,,,,,,,,,,
2020-11-22T01:36:00-CME-001,M2M_CATALOG,2020-11-22T01:36Z,,,2020-11-22,2T01,,,,,,,,,,,,,
2020-11-23T18:48:00-CME-001,M2M_CATALOG,2020-11-23T18:48Z,,,2020-11-23,3T18,,,,,,,,,,,,,
2020-11-24T04:36:00-CME-001,M2M_CATALOG,2020-11-24T04:36Z,S20E65,12785.0,2020-11-24,4T04,,,,,,,,,,,,,
2020-11-24T11:24:00-CME-001,M2M_CATALOG,2020-11-24T11:24Z,,,2020-11-24,4T11,,,,,,,,,,,,,
2020-12-04T11:09:00-CME-001,M2M_CATALOG,2020-12-04T11:09Z,,,2020-12-04,4T11,,,,,,,,,,,,,
2020-11-24T13:24:00-CME-001,M2M_CATALOG,2020-11-24T13:24Z,,,2020-11-24,4T13,,,,,,,,,,,,,
2020-11-26T08:24:00-CME-001,M2M_CATALOG,2020-11-26T08:24Z,,,2020-11-26,6T08,,,,,,,,,,,,,
2020-11-26T21:24:00-CME-001,M2M_CATALOG,2020-11-26T21:24Z,N32E90,12787.0,2020-11-26,6T21,,,,,,,,,,,,,
2020-11-27T05:48:00-CME-001,M2M_CATALOG,2020-11-27T05:48Z,,,2020-11-27,7T05,,,,,,,,,,,,,
2020-11-29T13:24:00-CME-001,M2M_CATALOG,2020-11-29T13:24Z,S23E97,,2020-11-29,9T13,,,,,,,,,,,,,
2020-11-19T15:12:00-CME-001,M2M_CATALOG,2020-11-19T15:12Z,,,2020-11-19,9T15,,,,,,,,,,,,,
2020-11-29T15:05:00-CME-001,M2M_CATALOG,2020-11-29T15:05Z,,12783.0,2020-11-29,9T15,,,,,,,,,,,,,
2020-11-30T07:09:00-CME-001,M2M_CATALOG,2020-11-30T07:09Z,,,2020-11-30,0T07,,,,,,,,,,,,,
2020-12-01T05:48:00-CME-001,M2M_CATALOG,2020-12-01T05:48Z,S25E80,12790.0,2020-12-01,1T05,,,,,,,,,,,,,
2020-12-01T07:12:00-CME-001,M2M_CATALOG,2020-12-01T07:12Z,N35E30,12787.0,2020-12-01,1T07,,,,,,,,,,,,,
2020-12-03T11:12:00-CME-001,M2M_CATALOG,2020-12-03T11:12Z,S30E137,,2020-12-03,3T11,,,,,,,,,,,,,
2020-12-04T02:48:00-CME-001,M2M_CATALOG,2020-12-04T02:48Z,,,2020-12-04,4T02,,,,,,,,,,,,,
2020-11-24T11:24:00-CME-001,M2M_CATALOG,2020-11-24T11:24Z,,,2020-11-24,4T11,,,,,,,,,,,,,
2020-12-04T11:09:00-CME-001,M2M_CATALOG,2020-12-04T11:09Z,,,2020-12-04,4T11,,,,,,,,,,,,,
2020-12-06T22:00:00-CME-001,M2M_CATALOG,2020-12-06T22:00Z,,,2020-12-06,6T22,,,,,,,,,,,,,
2020-12-07T16:24:00-CME-001,M2M_CATALOG,2020-12-07T16:24Z,S23W11,12790.0,2020-12-07,7T16,,,,,,,,,,,,,
2020-12-07T18:36:00-CME-001,M2M_CATALOG,2020-12-07T18:36Z,S40W30,,2020-12-07,7T18,,,,,,,,,,,,,
2020-10-31T00:12:00-CME-001,M2M_CATALOG,2020-10-31T00:12Z,,,2020-10-31,1T00,,,,,,,,,,,,,
2020-12-11T00:36:00-CME-001,M2M_CATALOG,2020-12-11T00:36Z,,,2020-12-11,1T00,,,,,,,,,,,,,
2020-11-11T19:36:00-CME-001,M2M_CATALOG,2020-11-11T19:36Z,S22E60,12782.0,2020-11-11,1T19,,,,,,,,,,,,,
2020-11-21T19:36:00-CME-001,M2M_CATALOG,2020-11-21T19:36Z,,,2020-11-21,1T19,,,,,,,,,,,,,
2020-12-11T19:09:00-CME-001,M2M_CATALOG,2020-12-11T19:09Z,,12791.0,2020-12-11,1T19,,,,,,,,,,,,,
2020-12-12T04:12:00-CME-001,M2M_CATALOG,2020-12-12T04:12Z,,,2020-12-12,2T04,,,,,,,,,,,,,
2020-12-13T09:24:00-CME-001,M2M_CATALOG,2020-12-13T09:24Z,,,2020-12-13,3T09,,,,,,,,,,,,,
2020-12-14T15:12:00-CME-001,M2M_CATALOG,2020-12-14T15:12Z,S22E44,12792.0,2020-12-14,4T15,,,,,,,,,,,,,
2020-12-14T21:12:00-CME-001,M2M_CATALOG,2020-12-14T21:12Z,N40E110,,2020-12-14,4T21,,,,,,,,,,,,,
2020-12-17T06:48:00-CME-001,M2M_CATALOG,2020-12-17T06:48Z,,,2020-12-17,7T06,,,,,,,,,,,,,
2020-12-27T00:48:00-CME-001,M2M_CATALOG,2020-12-27T00:48Z,,,2020-12-27,7T00,,,,,,,,,,,,,
2020-12-30T02:24:00-CME-001,M2M_CATALOG,2020-12-30T02:24Z,S20E08,12795.0,2020-12-30,0T02,,,,,,,,,,,,,
2020-10-10T04:24:00-CME-001,M2M_CATALOG,2020-10-10T04:24Z,,,2020-10-10,0T04,,,,,,,,,,,,,
2020-10-13T21:12:00-CME-001,M2M_CATALOG,2020-10-13T21:12Z,S23W37,12775.0,2020-10-13,3T21,,,,,,,,,,,,,
2020-10-14T03:24:00-CME-001,M2M_CATALOG,2020-10-14T03:24Z,,,2020-10-14,4T03,,,,,,,,,,,,,
2020-10-15T11:24:00-CME-001,M2M_CATALOG,2020-10-15T11:24Z,,,2020-10-15,5T11,,,,,,,,,,,,,
2020-10-15T16:36:00-CME-001,M2M_CATALOG,2020-10-15T16:36Z,,,2020-10-15,5T16,,,,,,,,,,,,,
2020-10-16T13:36:00-CME-001,M2M_CATALOG,2020-10-16T13:36Z,,12774.0,2020-10-16,6T13,,,,,,,,,,,,,
2020-10-16T16:03:00-CME-001,M2M_CATALOG,2020-10-16T16:03Z,S23W66,12775.0,2020-10-16,6T16,,,,,,,,,,,,,
2020-10-18T09:24:00-CME-001,M2M_CATALOG,2020-10-18T09:24Z,,,2020-10-18,8T09,,,,,,,,,,,,,
2020-10-22T13:09:00-CME-001,M2M_CATALOG,2020-10-22T13:09Z,,,2020-10-22,2T13,,,,,,,,,,,,,
2020-10-23T04:39:00-CME-001,M2M_CATALOG,2020-10-23T04:39Z,,,2020-10-23,3T04,,,,,,,,,,,,,
2020-10-23T22:35:00-CME-001,M2M_CATALOG,2020-10-23T22:35Z,,,2020-10-23,3T22,,,,,,,,,,,,,
2020-10-26T09:12:00-CME-001,M2M_CATALOG,2020-10-26T09:12Z,,,2020-10-26,6T09,,,,,,,,,,,,,
2020-10-26T18:09:00-CME-001,M2M_CATALOG,2020-10-26T18:09Z,,,2020-10-26,6T18,,,,,,,,,,,,,
2020-10-27T03:39:00-CME-001,M2M_CATALOG,2020-10-27T03:39Z,,,2020-10-27,7T03,,,,,,,,,,,,,
2020-10-28T13:42:00-CME-001,M2M_CATALOG,2020-10-28T13:42Z,,,2020-10-28,8T13,,,,,,,,,,,,,
2020-11-18T13:24:00-CME-001,M2M_CATALOG,2020-11-18T13:24Z,,,2020-11-18,8T13,,,,,,,,,,,,,
2020-11-18T13:36:00-CME-001,M2M_CATALOG,2020-11-18T13:36Z,,,2020-11-18,8T13,,,,,,,,,,,,,
2020-10-29T01:54:00-CME-001,M2M_CATALOG,2020-10-29T01:54Z,S19W28,12779.0,2020-10-29,9T01,,,,,,,,,,,,,
2020-10-31T00:12:00-CME-001,M2M_CATALOG,2020-10-31T00:12Z,,,2020-10-31,1T00,,,,,,,,,,,,,
2020-12-11T00:36:00-CME-001,M2M_CATALOG,2020-12-11T00:36Z,,,2020-12-11,1T00,,,,,,,,,,,,,
2020-11-01T20:00:00-CME-001,M2M_CATALOG,2020-11-01T20:00Z,,,2020-11-01,1T20,,,,,,,,,,,,,
2020-11-02T05:24:00-CME-001,M2M_CATALOG,2020-11-02T05:24Z,,,2020-11-02,2T05,,,,,,,,,,,,,
2020-11-07T13:24:00-CME-001,M2M_CATALOG,2020-11-07T13:24Z,N19W01,12780.0,2020-11-07,7T13,,,,,,,,,,,,,
2020-11-08T20:12:00-CME-001,M2M_CATALOG,2020-11-08T20:12Z,,,2020-11-08,8T20,,,,,,,,,,,,,
2020-11-11T19:36:00-CME-001,M2M_CATALOG,2020-11-11T19:36Z,S22E60,12782.0,2020-11-11,1T19,,,,,,,,,,,,,
2020-11-21T19:36:00-CME-001,M2M_CATALOG,2020-11-21T19:36Z,,,2020-11-21,1T19,,,,,,,,,,,,,
2020-12-11T19:09:00-CME-001,M2M_CATALOG,2020-12-11T19:09Z,,12791.0,2020-12-11,1T19,,,,,,,,,,,,,
2020-11-12T02:24:00-CME-001,M2M_CATALOG,2020-11-12T02:24Z,,,2020-11-12,2T02,,,,,,,,,,,,,
2020-11-13T12:24:00-CME-001,M2M_CATALOG,2020-11-13T12:24Z,,,2020-11-13,3T12,,,,,,,,,,,,,
2020-11-17T08:36:00-CME-001,M2M_CATALOG,2020-11-17T08:36Z,,,2020-11-17,7T08,,,,,,,,,,,,,
2020-11-17T19:00:00-CME-001,M2M_CATALOG,2020-11-17T19:00Z,,,2020-11-17,7T19,,,,,,,,,,,,,
2020-10-28T13:42:00-CME-001,M2M_CATALOG,2020-10-28T13:42Z,,,2020-10-28,8T13,,,,,,,,,,,,,
2020-11-18T13:24:00-CME-001,M2M_CATALOG,2020-11-18T13:24Z,,,2020-11-18,8T13,,,,,,,,,,,,,
2020-11-18T13:36:00-CME-001,M2M_CATALOG,2020-11-18T13:36Z,,,2020-11-18,8T13,,,,,,,,,,,,,
2020-10-28T13:42:00-CME-001,M2M_CATALOG,2020-10-28T13:42Z,,,2020-10-28,8T13,,,,,,,,,,,,,
2020-11-18T13:24:00-CME-001,M2M_CATALOG,2020-11-18T13:24Z,,,2020-11-18,8T13,,,,,,,,,,,,,
2020-11-18T13:36:00-CME-001,M2M_CATALOG,2020-11-18T13:36Z,,,2020-11-18,8T13,,,,,,,,,,,,,
2020-11-18T21:48:00-CME-001,M2M_CATALOG,2020-11-18T21:48Z,S20E138,,2020-11-18,8T21,,,,,,,,,,,,,
2020-11-19T02:54:00-CME-001,M2M_CATALOG,2020-11-19T02:54Z,,,2020-11-19,9T02,,,,,,,,,,,,,
2020-11-19T03:12:00-CME-001,M2M_CATALOG,2020-11-19T03:12Z,N30E40,,2020-11-19,9T03,,,,,,,,,,,,,
2020-11-19T06:48:00-CME-001,M2M_CATALOG,2020-11-19T06:48Z,S23E49,,2020-11-19,9T06,,,,,,,,,,,,,
2020-11-19T15:12:00-CME-001,M2M_CATALOG,2020-11-19T15:12Z,,,2020-11-19,9T15,,,,,,,,,,,,,
2020-11-29T15:05:00-CME-001,M2M_CATALOG,2020-11-29T15:05Z,,12783.0,2020-11-29,9T15,,,,,,,,,,,,,
2020-10-10T04:24:00-CME-001,M2M_CATALOG,2020-10-10T04:24Z,,,2020-10-10,0T04,,,,,,,,,,,,,
2020-10-13T21:12:00-CME-001,M2M_CATALOG,2020-10-13T21:12Z,S23W37,12775.0,2020-10-13,3T21,,,,,,,,,,,,,
2020-10-14T03:24:00-CME-001,M2M_CATALOG,2020-10-14T03:24Z,,,2020-10-14,4T03,,,,,,,,,,,,,
2020-10-15T11:24:00-CME-001,M2M_CATALOG,2020-10-15T11:24Z,,,2020-10-15,5T11,,,,,,,,,,,,,
2020-10-15T16:36:00-CME-001,M2M_CATALOG,2020-10-15T16:36Z,,,2020-10-15,5T16,,,,,,,,,,,,,
2020-10-16T13:36:00-CME-001,M2M_CATALOG,2020-10-16T13:36Z,,12774.0,2020-10-16,6T13,,,,,,,,,,,,,
2020-10-16T16:03:00-CME-001,M2M_CATALOG,2020-10-16T16:03Z,S23W66,12775.0,2020-10-16,6T16,,,,,,,,,,,,,
2020-10-18T09:24:00-CME-001,M2M_CATALOG,2020-10-18T09:24Z,,,2020-10-18,8T09,,,,,,,,,,,,,
2020-10-22T13:09:00-CME-001,M2M_CATALOG,2020-10-22T13:09Z,,,2020-10-22,2T13,,,,,,,,,,,,,
2020-11-02T05:24:00-CME-001,M2M_CATALOG,2020-11-02T05:24Z,,,2020-11-02,2T05,,,,,,,,,,,,,
2020-11-07T13:24:00-CME-001,M2M_CATALOG,2020-11-07T13:24Z,N19W01,12780.0,2020-11-07,7T13,,,,,,,,,,,,,
2020-11-08T20:12:00-CME-001,M2M_CATALOG,2020-11-08T20:12Z,,,2020-11-08,8T20,,,,,,,,,,,,,
2020-11-11T19:36:00-CME-001,M2M_CATALOG,2020-11-11T19:36Z,S22E60,12782.0,2020-11-11,1T19,,,,,,,,,,,,,
2020-11-21T19:36:00-CME-001,M2M_CATALOG,2020-11-21T19:36Z,,,2020-11-21,1T19,,,,,,,,,,,,,
2020-12-11T19:09:00-CME-001,M2M_CATALOG,2020-12-11T19:09Z,,12791.0,2020-12-11,1T19,,,,,,,,,,,,,
2020-11-12T02:24:00-CME-001,M2M_CATALOG,2020-11-12T02:24Z,,,2020-11-12,2T02,,,,,,,,,,,,,
2020-11-13T12:24:00-CME-001,M2M_CATALOG,2020-11-13T12:24Z,,,2020-11-13,3T12,,,,,,,,,,,,,
2020-11-17T08:36:00-CME-001,M2M_CATALOG,2020-11-17T08:36Z,,,2020-11-17,7T08,,,,,,,,,,,,,
2020-11-17T19:00:00-CME-001,M2M_CATALOG,2020-11-17T19:00Z,,,2020-11-17,7T19,,,,,,,,,,,,,
2020-11-18T21:48:00-CME-001,M2M_CATALOG,2020-11-18T21:48Z,S20E138,,2020-11-18,8T21,,,,,,,,,,,,,
2020-11-19T02:54:00-CME-001,M2M_CATALOG,2020-11-19T02:54Z,,,2020-11-19,9T02,,,,,,,,,,,,,
2020-11-27T05:48:00-CME-001,M2M_CATALOG,2020-11-27T05:48Z,,,2020-11-27,7T05,,,,,,,,,,,,,
2020-11-29T13:24:00-CME-001,M2M_CATALOG,2020-11-29T13:24Z,S23E97,,2020-11-29,9T13,,,,,,,,,,,,,
2020-11-30T07:09:00-CME-001,M2M_CATALOG,2020-11-30T07:09Z,,,2020-11-30,0T07,,,,,,,,,,,,,
2020-12-01T05:48:00-CME-001,M2M_CATALOG,2020-12-01T05:48Z,S25E80,12790.0,2020-12-01,1T05,,,,,,,,,,,,,
2020-12-01T07:12:00-CME-001,M2M_CATALOG,2020-12-01T07:12Z,N35E30,12787.0,2020-12-01,1T07,,,,,,,,,,,,,
2020-12-03T11:12:00-CME-001,M2M_CATALOG,2020-12-03T11:12Z,S30E137,,2020-12-03,3T11,,,,,,,,,,,,,
2020-12-04T02:48:00-CME-001,M2M_CATALOG,2020-12-04T02:48Z,,,2020-12-04,4T02,,,,,,,,,,,,,
2020-12-06T22:00:00-CME-001,M2M_CATALOG,2020-12-06T22:00Z,,,2020-12-06,6T22,,,,,,,,,,,,,
2020-12-07T16:24:00-CME-001,M2M_CATALOG,2020-12-07T16:24Z,S23W11,12790.0,2020-12-07,7T16,,,,,,,,,,,,,
2020-12-07T18:36:00-CME-001,M2M_CATALOG,2020-12-07T18:36Z,S40W30,,2020-12-07,7T18,,,,,,,,,,,,,
2020-12-17T06:48:00-CME-001,M2M_CATALOG,2020-12-17T06:48Z,,,2020-12-17,7T06,,,,,,,,,,,,,
2020-12-27T00:48:00-CME-001,M2M_CATALOG,2020-12-27T00:48Z,,,2020-12-27,7T00,,,,,,,,,,,,,
2020-12-30T02:24:00-CME-001,M2M_CATALOG,2020-12-30T02:24Z,S20E08,12795.0,2020-12-30,0T02,,,,,,,,,,,,,
2020-10-10T04:24:00-CME-001,M2M_CATALOG,2020-10-10T04:24Z,,,2020-10-10,0T04,,,,,,,,,,,,,
2020-10-13T21:12:00-CME-001,M2M_CATALOG,2020-10-13T21:12Z,S23W37,12775.0,2020-10-13,3T21,,,,,,,,,,,,,
2020-10-14T03:24:00-CME-001,M2M_CATALOG,2020-10-14T03:24Z,,,2020-10-14,4T03,,,,,,,,,,,,,
2020-10-15T11:24:00-CME-001,M2M_CATALOG,2020-10-15T11:24Z,,,2020-10-15,5T11,,,,,,,,,,,,,
2020-10-15T16:36:00-CME-001,M2M_CATALOG,2020-10-15T16:36Z,,,2020-10-15,5T16,,,,,,,,,,,,,
2020-10-16T13:36:00-CME-001,M2M_CATALOG,2020-10-16T13:36Z,,12774.0,2020-10-16,6T13,,,,,,,,,,,,,
2020-10-16T16:03:00-CME-001,M2M_CATALOG,2020-10-16T16:03Z,S23W66,12775.0,2020-10-16,6T16,,,,,,,,,,,,,
2020-10-18T09:24:00-CME-001,M2M_CATALOG,2020-10-18T09:24Z,,,2020-10-18,8T09,5940.0,daa3e2fb-4b06-4f5f-a351-a8660f3c3d7c,Budweiser,Duvel,European Amber Lager,Saaz,3068 - Weihenstephan Weizen,Wheat mal,70 IBU,4.9%,7.1°Blg,Estados Unidos,1876.0
2020-10-22T13:09:00-CME-001,M2M_CATALOG,2020-10-22T13:09Z,,,2020-10-22,2T13,,,,,,,,,,,,,
2020-11-02T05:24:00-CME-001,M2M_CATALOG,2020-11-02T05:24Z,,,2020-11-02,2T05,,,,,,,,,,,,,
2020-11-07T13:24:00-CME-001,M2M_CATALOG,2020-11-07T13:24Z,N19W01,12780.0,2020-11-07,7T13,,,,,,,,,,,,,
2020-11-08T20:12:00-CME-001,M2M_CATALOG,2020-11-08T20:12Z,,,2020-11-08,8T20,,,,,,,,,,,,,
2020-11-11T19:36:00-CME-001,M2M_CATALOG,2020-11-11T19:36Z,S22E60,12782.0,2020-11-11,1T19,,,,,,,,,,,,,
2020-11-21T19:36:00-CME-001,M2M_CATALOG,2020-11-21T19:36Z,,,2020-11-21,1T19,,,,,,,,,,,,,
2020-12-11T19:09:00-CME-001,M2M_CATALOG,2020-12-11T19:09Z,,12791.0,2020-12-11,1T19,,,,,,,,,,,,,
2020-11-12T02:24:00-CME-001,M2M_CATALOG,2020-11-12T02:24Z,,,2020-11-12,2T02,,,,,,,,,,,,,
2020-11-13T12:24:00-CME-001,M2M_CATALOG,2020-11-13T12:24Z,,,2020-11-13,3T12,,,,,,,,,,,,,
2020-11-17T08:36:00-CME-001,M2M_CATALOG,2020-11-17T08:36Z,,,2020-11-17,7T08,,,,,,,,,,,,,
2020-11-17T19:00:00-CME-001,M2M_CATALOG,2020-11-17T19:00Z,,,2020-11-17,7T19,,,,,,,,,,,,,
2020-11-18T21:48:00-CME-001,M2M_CATALOG,2020-11-18T21:48Z,S20E138,,2020-11-18,8T21,,,,,,,,,,,,,
2020-11-19T02:54:00-CME-001,M2M_CATALOG,2020-11-19T02:54Z,,,2020-11-19,9T02,,,,,,,,,,,,,
2020-11-27T05:48:00-CME-001,M2M_CATALOG,2020-11-27T05:48Z,,,2020-11-27,7T05,,,,,,,,,,,,,
2020-11-29T13:24:00-CME-001,M2M_CATALOG,2020-11-29T13:24Z,S23E97,,2020-11-29,9T13,,,,,,,,,,,,,
2020-11-30T07:09:00-CME-001,M2M_CATALOG,2020-11-30T07:09Z,,,2020-11-30,0T07,,,,,,,,,,,,,
2020-12-01T05:48:00-CME-001,M2M_CATALOG,2020-12-01T05:48Z,S25E80,12790.0,2020-12-01,1T05,,,,,,,,,,,,,
2020-12-01T07:12:00-CME-001,M2M_CATALOG,2020-12-01T07:12Z,N35E30,12787.0,2020-12-01,1T07,,,,,,,,,,,,,
2020-12-03T11:12:00-CME-001,M2M_CATALOG,2020-12-03T11:12Z,S30E137,,2020-12-03,3T11,,,,,,,,,,,,,
2020-12-04T02:48:00-CME-001,M2M_CATALOG,2020-12-04T02:48Z,,,2020-12-04,4T02,,,,,,,,,,,,,
2020-12-06T22:00:00-CME-001,M2M_CATALOG,2020-12-06T22:00Z,,,2020-12-06,6T22,,,,,,,,,,,,,
2020-12-07T16:24:00-CME-001,M2M_CATALOG,2020-12-07T16:24Z,S23W11,12790.0,2020-12-07,7T16,,,,,,,,,,,,,
2020-12-07T18:36:00-CME-001,M2M_CATALOG,2020-12-07T18:36Z,S40W30,,2020-12-07,7T18,,,,,,,,,,,,,
2020-12-17T06:48:00-CME-001,M2M_CATALOG,2020-12-17T06:48Z,,,2020-12-17,7T06,,,,,,,,,,,,,
2020-12-27T00:48:00-CME-001,M2M_CATALOG,2020-12-27T00:48Z,,,2020-12-27,7T00,,,,,,,,,,,,,
2020-12-30T02:24:00-CME-001,M2M_CATALOG,2020-12-30T02:24Z,S20E08,12795.0,2020-12-30,0T02,,,,,,,,,,,,,
2020-10-10T04:24:00-CME-001,M2M_CATALOG,2020-10-10T04:24Z,,,2020-10-10,0T04,,,,,,,,,,,,,
2020-10-13T21:12:00-CME-001,M2M_CATALOG,2020-10-13T21:12Z,S23W37,12775.0,2020-10-13,3T21,,,,,,,,,,,,,
2020-10-14T03:24:00-CME-001,M2M_CATALOG,2020-10-14T03:24Z,,,2020-10-14,4T03,,,,,,,,,,,,,
2020-10-15T11:24:00-CME-001,M2M_CATALOG,2020-10-15T11:24Z,,,2020-10-15,5T11,,,,,,,,,,,,,
2020-10-15T16:36:00-CME-001,M2M_CATALOG,2020-10-15T16:36Z,,,2020-10-15,5T16,,,,,,,,,,,,,
2020-10-16T13:36:00-CME-001,M2M_CATALOG,2020-10-16T13:36Z,,12774.0,2020-10-16,6T13,,,,,,,,,,,,,
2020-10-16T16:03:00-CME-001,M2M_CATALOG,2020-10-16T16:03Z,S23W66,12775.0,2020-10-16,6T16,,,,,,,,,,,,,
2020-10-18T09:24:00-CME-001,M2M_CATALOG,2020-10-18T09:24Z,,,2020-10-18,8T09,,,,,,,,,,,,,
2020-10-22T13:09:00-CME-001,M2M_CATALOG,2020-10-22T13:09Z,,,2020-10-22,2T13,,,,,,,,,,,,,
2020-11-02T05:24:00-CME-001,M2M_CATALOG,2020-11-02T05:24Z,,,2020-11-02,2T05,,,,,,,,,,,,,
2020-11-07T13:24:00-CME-001,M2M_CATALOG,2020-11-07T13:24Z,N19W01,12780.0,2020-11-07,7T13,,,,,,,,,,,,,
2020-11-08T20:12:00-CME-001,M2M_CATALOG,2020-11-08T20:12Z,,,2020-11-08,8T20,,,,,,,,,,,,,
2020-11-11T19:36:00-CME-001,M2M_CATALOG,2020-11-11T19:36Z,S22E60,12782.0,2020-11-11,1T19,,,,,,,,,,,,,
2020-11-21T19:36:00-CME-001,M2M_CATALOG,2020-11-21T19:36Z,,,2020-11-21,1T19,,,,,,,,,,,,,
2020-12-11T19:09:00-CME-001,M2M_CATALOG,2020-12-11T19:09Z,,12791.0,2020-12-11,1T19,,,,,,,,,,,,,
2020-11-12T02:24:00-CME-001,M2M_CATALOG,2020-11-12T02:24Z,,,2020-11-12,2T02,,,,,,,,,,,,,
2020-11-13T12:24:00-CME-001,M2M_CATALOG,2020-11-13T12:24Z,,,2020-11-13,3T12,,,,,,,,,,,,,
2020-11-17T08:36:00-CME-001,M2M_CATALOG,2020-11-17T08:36Z,,,2020-11-17,7T08,,,,,,,,,,,,,
2020-11-17T19:00:00-CME-001,M2M_CATALOG,2020-11-17T19:00Z,,,2020-11-17,7T19,,,,,,,,,,,,,
2020-11-18T21:48:00-CME-001,M2M_CATALOG,2020-11-18T21:48Z,S20E138,,2020-11-18,8T21,,,,,,,,,,,,,
2020-11-19T02:54:00-CME-001,M2M_CATALOG,2020-11-19T02:54Z,,,2020-11-19,9T02,,,,,,,,,,,,,
2020-11-27T05:48:00-CME-001,M2M_CATALOG,2020-11-27T05:48Z,,,2020-11-27,7T05,,,,,,,,,,,,,
2020-11-29T13:24:00-CME-001,M2M_CATALOG,2020-11-29T13:24Z,S23E97,,2020-11-29,9T13,,,,,,,,,,,,,
2020-11-30T07:09:00-CME-001,M2M_CATALOG,2020-11-30T07:09Z,,,2020-11-30,0T07,,,,,,,,,,,,,
2020-12-01T05:48:00-CME-001,M2M_CATALOG,2020-12-01T05:48Z,S25E80,12790.0,2020-12-01,1T05,,,,,,,,,,,,,
2020-12-01T07:12:00-CME-001,M2M_CATALOG,2020-12-01T07:12Z,N35E30,12787.0,2020-12-01,1T07,,,,,,,,,,,,,
2020-12-03T11:12:00-CME-001,M2M_CATALOG,2020-12-03T11:12Z,S30E137,,2020-12-03,3T11,,,,,,,,,,,,,
2020-12-04T02:48:00-CME-001,M2M_CATALOG,2020-12-04T02:48Z,,,2020-12-04,4T02,,,,,,,,,,,,,
2020-12-06T22:00:00-CME-001,M2M_CATALOG,2020-12-06T22:00Z,,,2020-12-06,6T22,,,,,,,,,,,,,
2020-12-07T16:24:00-CME-001,M2M_CATALOG,2020-12-07T16:24Z,S23W11,12790.0,2020-12-07,7T16,,,,,,,,,,,,,
2020-12-07T18:36:00-CME-001,M2M_CATALOG,2020-12-07T18:36Z,S40W30,,2020-12-07,7T18,,,,,,,,,,,,,
2020-12-17T06:48:00-CME-001,M2M_CATALOG,2020-12-17T06:48Z,,,2020-12-17,7T06,,,,,,,,,,,,,
2020-12-27T00:48:00-CME-001,M2M_CATALOG,2020-12-27T00:48Z,,,2020-12-27,7T00,,,,,,,,,,,,,
2020-12-30T02:24:00-CME-001,M2M_CATALOG,2020-12-30T02:24Z,S20E08,12795.0,2020-12-30,0T02,,,,,,,,,,,,,
2020-10-23T04:39:00-CME-001,M2M_CATALOG,2020-10-23T04:39Z,,,2020-10-23,3T04,,,,,,,,,,,,,
2020-10-23T22:35:00-CME-001,M2M_CATALOG,2020-10-23T22:35Z,,,2020-10-23,3T22,,,,,,,,,,,,,
2020-10-10T04:24:00-CME-001,M2M_CATALOG,2020-10-10T04:24Z,,,2020-10-10,0T04,,,,,,,,,,,,,
2020-10-13T21:12:00-CME-001,M2M_CATALOG,2020-10-13T21:12Z,S23W37,12775.0,2020-10-13,3T21,,,,,,,,,,,,,
2020-10-14T03:24:00-CME-001,M2M_CATALOG,2020-10-14T03:24Z,,,2020-10-14,4T03,,,,,,,,,,,,,
2020-10-15T11:24:00-CME-001,M2M_CATALOG,2020-10-15T11:24Z,,,2020-10-15,5T11,,,,,,,,,,,,,
2020-10-15T16:36:00-CME-001,M2M_CATALOG,2020-10-15T16:36Z,,,2020-10-15,5T16,,,,,,,,,,,,,
2020-10-16T13:36:00-CME-001,M2M_CATALOG,2020-10-16T13:36Z,,12774.0,2020-10-16,6T13,,,,,,,,,,,,,
2020-10-16T16:03:00-CME-001,M2M_CATALOG,2020-10-16T16:03Z,S23W66,12775.0,2020-10-16,6T16,,,,,,,,,,,,,
2020-10-18T09:24:00-CME-001,M2M_CATALOG,2020-10-18T09:24Z,,,2020-10-18,8T09,,,,,,,,,,,,,
2020-10-22T13:09:00-CME-001,M2M_CATALOG,2020-10-22T13:09Z,,,2020-10-22,2T13,,,,,,,,,,,,,
2020-10-23T04:39:00-CME-001,M2M_CATALOG,2020-10-23T04:39Z,,,2020-10-23,3T04,,,,,,,,,,,,,
2020-10-23T22:35:00-CME-001,M2M_CATALOG,2020-10-23T22:35Z,,,2020-10-23,3T22,,,,,,,,,,,,,
2020-10-26T09:12:00-CME-001,M2M_CATALOG,2020-10-26T09:12Z,,,2020-10-26,6T09,,,,,,,,,,,,,
2020-10-26T18:09:00-CME-001,M2M_CATALOG,2020-10-26T18:09Z,,,2020-10-26,6T18,,,,,,,,,,,,,
2020-10-27T03:39:00-CME-001,M2M_CATALOG,2020-10-27T03:39Z,,,2020-10-27,7T03,,,,,,,,,,,,,
2020-10-28T13:42:00-CME-001,M2M_CATALOG,2020-10-28T13:42Z,,,2020-10-28,8T13,,,,,,,,,,,,,
2020-11-18T13:24:00-CME-001,M2M_CATALOG,2020-11-18T13:24Z,,,2020-11-18,8T13,,,,,,,,,,,,,
2020-11-18T13:36:00-CME-001,M2M_CATALOG,2020-11-18T13:36Z,,,2020-11-18,8T13,,,,,,,,,,,,,
2020-10-29T01:54:00-CME-001,M2M_CATALOG,2020-10-29T01:54Z,S19W28,12779.0,2020-10-29,9T01,,,,,,,,,,,,,
2020-10-31T00:12:00-CME-001,M2M_CATALOG,2020-10-31T00:12Z,,,2020-10-31,1T00,,,,,,,,,,,,,
2020-12-11T00:36:00-CME-001,M2M_CATALOG,2020-12-11T00:36Z,,,2020-12-11,1T00,,,,,,,,,,,,,
2020-11-01T20:00:00-CME-001,M2M_CATALOG,2020-11-01T20:00Z,,,2020-11-01,1T20,,,,,,,,,,,,,
2020-11-02T05:24:00-CME-001,M2M_CATALOG,2020-11-02T05:24Z,,,2020-11-02,2T05,,,,,,,,,,,,,
2020-11-07T13:24:00-CME-001,M2M_CATALOG,2020-11-07T13:24Z,N19W01,12780.0,2020-11-07,7T13,,,,,,,,,,,,,
2020-11-08T20:12:00-CME-001,M2M_CATALOG,2020-11-08T20:12Z,,,2020-11-08,8T20,,,,,,,,,,,,,
2020-11-11T19:36:00-CME-001,M2M_CATALOG,2020-11-11T19:36Z,S22E60,12782.0,2020-11-11,1T19,,,,,,,,,,,,,
2020-11-21T19:36:00-CME-001,M2M_CATALOG,2020-11-21T19:36Z,,,2020-11-21,1T19,,,,,,,,,,,,,
2020-12-11T19:09:00-CME-001,M2M_CATALOG,2020-12-11T19:09Z,,12791.0,2020-12-11,1T19,,,,,,,,,,,,,
2020-11-12T02:24:00-CME-001,M2M_CATALOG,2020-11-12T02:24Z,,,2020-11-12,2T02,6021.0,7d24a20b-3ee4-4510-a340-d1f108f28437,Carlsberg,Edmund Fitzgerald Porter,Sour Ale,Cluster,1335 - British Ale II,Pale,29 IBU,8.0%,10.5°Blg,Dinamarca,1847.0
2020-11-13T12:24:00-CME-001,M2M_CATALOG,2020-11-13T12:24Z,,,2020-11-13,3T12,,,,,,,,,,,,,
2020-11-17T08:36:00-CME-001,M2M_CATALOG,2020-11-17T08:36Z,,,2020-11-17,7T08,,,,,,,,,,,,,
2020-11-17T19:00:00-CME-001,M2M_CATALOG,2020-11-17T19:00Z,,,2020-11-17,7T19,,,,,,,,,,,,,
2020-10-28T13:42:00-CME-001,M2M_CATALOG,2020-10-28T13:42Z,,,2020-10-28,8T13,,,,,,,,,,,,,
2020-11-18T13:24:00-CME-001,M2M_CATALOG,2020-11-18T13:24Z,,,2020-11-18,8T13,,,,,,,,,,,,,
2020-11-18T13:36:00-CME-001,M2M_CATALOG,2020-11-18T13:36Z,,,2020-11-18,8T13,,,,,,,,,,,,,
2020-10-28T13:42:00-CME-001,M2M_CATALOG,2020-10-28T13:42Z,,,2020-10-28,8T13,,,,,,,,,,,,,
2020-11-18T13:24:00-CME-001,M2M_CATALOG,2020-11-18T13:24Z,,,2020-11-18,8T13,,,,,,,,,,,,,
2020-11-18T13:36:00-CME-001,M2M_CATALOG,2020-11-18T13:36Z,,,2020-11-18,8T13,,,,,,,,,,,,,
2020-11-18T21:48:00-CME-001,M2M_CATALOG,2020-11-18T21:48Z,S20E138,,2020-11-18,8T21,,,,,,,,,,,,,
2020-11-19T02:54:00-CME-001,M2M_CATALOG,2020-11-19T02:54Z,,,2020-11-19,9T02,,,,,,,,,,,,,
2020-11-19T03:12:00-CME-001,M2M_CATALOG,2020-11-19T03:12Z,N30E40,,2020-11-19,9T03,,,,,,,,,,,,,
2020-11-19T06:48:00-CME-001,M2M_CATALOG,2020-11-19T06:48Z,S23E49,,2020-11-19,9T06,,,,,,,,,,,,,
2020-11-19T15:12:00-CME-001,M2M_CATALOG,2020-11-19T15:12Z,,,2020-11-19,9T15,,,,,,,,,,,,,
2020-11-29T15:05:00-CME-001,M2M_CATALOG,2020-11-29T15:05Z,,12783.0,2020-11-29,9T15,,,,,,,,,,,,,
2020-11-20T19:51:00-CME-001,M2M_CATALOG,2020-11-20T19:51Z,,12783.0,2020-11-20,0T19,,,,,,,,,,,,,
2020-11-20T21:12:00-CME-001,M2M_CATALOG,2020-11-20T21:12Z,,,2020-11-20,0T21,,,,,,,,,,,,,
2020-11-11T19:36:00-CME-001,M2M_CATALOG,2020-11-11T19:36Z,S22E60,12782.0,2020-11-11,1T19,,,,,,,,,,,,,
2020-11-21T19:36:00-CME-001,M2M_CATALOG,2020-11-21T19:36Z,,,2020-11-21,1T19,,,,,,,,,,,,,
2020-12-11T19:09:00-CME-001,M2M_CATALOG,2020-12-11T19:09Z,,12791.0,2020-12-11,1T19,,,,,,,,,,,,,
2020-11-21T23:12:00-CME-001,M2M_CATALOG,2020-11-21T23:12Z,,,2020-11-21,1T23,,,,,,,,,,,,,
2020-11-22T01:36:00-CME-001,M2M_CATALOG,2020-11-22T01:36Z,,,2020-11-22,2T01,,,,,,,,,,,,,
2020-11-23T18:48:00-CME-001,M2M_CATALOG,2020-11-23T18:48Z,,,2020-11-23,3T18,,,,,,,,,,,,,
2020-11-24T04:36:00-CME-001,M2M_CATALOG,2020-11-24T04:36Z,S20E65,12785.0,2020-11-24,4T04,,,,,,,,,,,,,
2020-11-24T11:24:00-CME-001,M2M_CATALOG,2020-11-24T11:24Z,,,2020-11-24,4T11,,,,,,,,,,,,,
2020-12-04T11:09:00-CME-001,M2M_CATALOG,2020-12-04T11:09Z,,,2020-12-04,4T11,,,,,,,,,,,,,
2020-11-24T13:24:00-CME-001,M2M_CATALOG,2020-11-24T13:24Z,,,2020-11-24,4T13,,,,,,,,,,,,,
2020-11-26T08:24:00-CME-001,M2M_CATALOG,2020-11-26T08:24Z,,,2020-11-26,6T08,,,,,,,,,,,,,
2020-11-26T21:24:00-CME-001,M2M_CATALOG,2020-11-26T21:24Z,N32E90,12787.0,2020-11-26,6T21,,,,,,,,,,,,,
2020-11-27T05:48:00-CME-001,M2M_CATALOG,2020-11-27T05:48Z,,,2020-11-27,7T05,,,,,,,,,,,,,
2020-11-29T13:24:00-CME-001,M2M_CATALOG,2020-11-29T13:24Z,S23E97,,2020-11-29,9T13,,,,,,,,,,,,,
2020-11-19T15:12:00-CME-001,M2M_CATALOG,2020-11-19T15:12Z,,,2020-11-19,9T15,,,,,,,,,,,,,
2020-11-29T15:05:00-CME-001,M2M_CATALOG,2020-11-29T15:05Z,,12783.0,2020-11-29,9T15,,,,,,,,,,,,,
2020-11-30T07:09:00-CME-001,M2M_CATALOG,2020-11-30T07:09Z,,,2020-11-30,0T07,,,,,,,,,,,,,
2020-12-01T05:48:00-CME-001,M2M_CATALOG,2020-12-01T05:48Z,S25E80,12790.0,2020-12-01,1T05,,,,,,,,,,,,,
2020-12-01T07:12:00-CME-001,M2M_CATALOG,2020-12-01T07:12Z,N35E30,12787.0,2020-12-01,1T07,,,,,,,,,,,,,
2020-12-03T11:12:00-CME-001,M2M_CATALOG,2020-12-03T11:12Z,S30E137,,2020-12-03,3T11,,,,,,,,,,,,,
2020-12-04T02:48:00-CME-001,M2M_CATALOG,2020-12-04T02:48Z,,,2020-12-04,4T02,,,,,,,,,,,,,
2020-11-24T11:24:00-CME-001,M2M_CATALOG,2020-11-24T11:24Z,,,2020-11-24,4T11,,,,,,,,,,,,,
2020-12-04T11:09:00-CME-001,M2M_CATALOG,2020-12-04T11:09Z,,,2020-12-04,4T11,,,,,,,,,,,,,
2020-12-06T22:00:00-CME-001,M2M_CATALOG,2020-12-06T22:00Z,,,2020-12-06,6T22,6052.0,27c82adc-a7b1-4cf1-ba24-2769a7859c6d,Amstel,Westmalle Trappist Tripel,Dark Lager,Ahtanum,2007 - Pilsen Lager,Rye malt,27 IBU,5.4%,7.2°Blg,Paises Bajos,1870.0
2020-12-07T16:24:00-CME-001,M2M_CATALOG,2020-12-07T16:24Z,S23W11,12790.0,2020-12-07,7T16,,,,,,,,,,,,,
2020-12-07T18:36:00-CME-001,M2M_CATALOG,2020-12-07T18:36Z,S40W30,,2020-12-07,7T18,,,,,,,,,,,,,
2020-10-31T00:12:00-CME-001,M2M_CATALOG,2020-10-31T00:12Z,,,2020-10-31,1T00,,,,,,,,,,,,,
2020-12-11T00:36:00-CME-001,M2M_CATALOG,2020-12-11T00:36Z,,,2020-12-11,1T00,,,,,,,,,,,,,
2020-11-11T19:36:00-CME-001,M2M_CATALOG,2020-11-11T19:36Z,S22E60,12782.0,2020-11-11,1T19,,,,,,,,,,,,,
2020-11-21T19:36:00-CME-001,M2M_CATALOG,2020-11-21T19:36Z,,,2020-11-21,1T19,,,,,,,,,,,,,
2020-12-11T19:09:00-CME-001,M2M_CATALOG,2020-12-11T19:09Z,,12791.0,2020-12-11,1T19,,,,,,,,,,,,,
2020-12-12T04:12:00-CME-001,M2M_CATALOG,2020-12-12T04:12Z,,,2020-12-12,2T04,,,,,,,,,,,,,
2020-12-13T09:24:00-CME-001,M2M_CATALOG,2020-12-13T09:24Z,,,2020-12-13,3T09,,,,,,,,,,,,,
2020-12-14T15:12:00-CME-001,M2M_CATALOG,2020-12-14T15:12Z,S22E44,12792.0,2020-12-14,4T15,,,,,,,,,,,,,
2020-12-14T21:12:00-CME-001,M2M_CATALOG,2020-12-14T21:12Z,N40E110,,2020-12-14,4T21,,,,,,,,,,,,,
2020-12-17T06:48:00-CME-001,M2M_CATALOG,2020-12-17T06:48Z,,,2020-12-17,7T06,,,,,,,,,,,,,
2020-12-27T00:48:00-CME-001,M2M_CATALOG,2020-12-27T00:48Z,,,2020-12-27,7T00,,,,,,,,,,,,,
2020-12-30T02:24:00-CME-001,M2M_CATALOG,2020-12-30T02:24Z,S20E08,12795.0,2020-12-30,0T02,,,,,,,,,,,,,
2020-10-10T04:24:00-CME-001,M2M_CATALOG,2020-10-10T04:24Z,,,2020-10-10,0T04,,,,,,,,,,,,,
2020-10-13T21:12:00-CME-001,M2M_CATALOG,2020-10-13T21:12Z,S23W37,12775.0,2020-10-13,3T21,,,,,,,,,,,,,
2020-10-14T03:24:00-CME-001,M2M_CATALOG,2020-10-14T03:24Z,,,2020-10-14,4T03,,,,,,,,,,,,,
2020-10-15T11:24:00-CME-001,M2M_CATALOG,2020-10-15T11:24Z,,,2020-10-15,5T11,,,,,,,,,,,,,
2020-10-15T16:36:00-CME-001,M2M_CATALOG,2020-10-15T16:36Z,,,2020-10-15,5T16,,,,,,,,,,,,,
2020-10-16T13:36:00-CME-001,M2M_CATALOG,2020-10-16T13:36Z,,12774.0,2020-10-16,6T13,,,,,,,,,,,,,
2020-10-16T16:03:00-CME-001,M2M_CATALOG,2020-10-16T16:03Z,S23W66,12775.0,2020-10-16,6T16,,,,,,,,,,,,,
2020-10-18T09:24:00-CME-001,M2M_CATALOG,2020-10-18T09:24Z,,,2020-10-18,8T09,,,,,,,,,,,,,
2020-10-22T13:09:00-CME-001,M2M_CATALOG,2020-10-22T13:09Z,,,2020-10-22,2T13,,,,,,,,,,,,,
2020-10-23T04:39:00-CME-001,M2M_CATALOG,2020-10-23T04:39Z,,,2020-10-23,3T04,,,,,,,,,,,,,
2020-10-23T22:35:00-CME-001,M2M_CATALOG,2020-10-23T22:35Z,,,2020-10-23,3T22,,,,,,,,,,,,,
2020-10-26T09:12:00-CME-001,M2M_CATALOG,2020-10-26T09:12Z,,,2020-10-26,6T09,,,,,,,,,,,,,
2020-10-26T18:09:00-CME-001,M2M_CATALOG,2020-10-26T18:09Z,,,2020-10-26,6T18,,,,,,,,,,,,,
2020-10-27T03:39:00-CME-001,M2M_CATALOG,2020-10-27T03:39Z,,,2020-10-27,7T03,,,,,,,,,,,,,
2020-10-28T13:42:00-CME-001,M2M_CATALOG,2020-10-28T13:42Z,,,2020-10-28,8T13,,,,,,,,,,,,,
2020-11-18T13:24:00-CME-001,M2M_CATALOG,2020-11-18T13:24Z,,,2020-11-18,8T13,,,,,,,,,,,,,
2020-11-18T13:36:00-CME-001,M2M_CATALOG,2020-11-18T13:36Z,,,2020-11-18,8T13,,,,,,,,,,,,,
2020-10-29T01:54:00-CME-001,M2M_CATALOG,2020-10-29T01:54Z,S19W28,12779.0,2020-10-29,9T01,,,,,,,,,,,,,
2020-10-31T00:12:00-CME-001,M2M_CATALOG,2020-10-31T00:12Z,,,2020-10-31,1T00,,,,,,,,,,,,,
2020-12-11T00:36:00-CME-001,M2M_CATALOG,2020-12-11T00:36Z,,,2020-12-11,1T00,,,,,,,,,,,,,
2020-11-01T20:00:00-CME-001,M2M_CATALOG,2020-11-01T20:00Z,,,2020-11-01,1T20,,,,,,,,,,,,,
2020-11-02T05:24:00-CME-001,M2M_CATALOG,2020-11-02T05:24Z,,,2020-11-02,2T05,,,,,,,,,,,,,
2020-11-07T13:24:00-CME-001,M2M_CATALOG,2020-11-07T13:24Z,N19W01,12780.0,2020-11-07,7T13,,,,,,,,,,,,,
2020-11-08T20:12:00-CME-001,M2M_CATALOG,2020-11-08T20:12Z,,,2020-11-08,8T20,,,,,,,,,,,,,
2020-11-11T19:36:00-CME-001,M2M_CATALOG,2020-11-11T19:36Z,S22E60,12782.0,2020-11-11,1T19,,,,,,,,,,,,,
2020-11-21T19:36:00-CME-001,M2M_CATALOG,2020-11-21T19:36Z,,,2020-11-21,1T19,,,,,,,,,,,,,
2020-12-11T19:09:00-CME-001,M2M_CATALOG,2020-12-11T19:09Z,,12791.0,2020-12-11,1T19,,,,,,,,,,,,,
2020-11-12T02:24:00-CME-001,M2M_CATALOG,2020-11-12T02:24Z,,,2020-11-12,2T02,,,,,,,,,,,,,
2020-11-13T12:24:00-CME-001,M2M_CATALOG,2020-11-13T12:24Z,,,2020-11-13,3T12,,,,,,,,,,,,,
2020-11-17T08:36:00-CME-001,M2M_CATALOG,2020-11-17T08:36Z,,,2020-11-17,7T08,,,,,,,,,,,,,
2020-11-17T19:00:00-CME-001,M2M_CATALOG,2020-11-17T19:00Z,,,2020-11-17,7T19,,,,,,,,,,,,,
2020-10-28T13:42:00-CME-001,M2M_CATALOG,2020-10-28T13:42Z,,,2020-10-28,8T13,,,,,,,,,,,,,
2020-11-18T13:24:00-CME-001,M2M_CATALOG,2020-11-18T13:24Z,,,2020-11-18,8T13,,,,,,,,,,,,,
2020-11-18T13:36:00-CME-001,M2M_CATALOG,2020-11-18T13:36Z,,,2020-11-18,8T13,,,,,,,,,,,,,
2020-10-28T13:42:00-CME-001,M2M_CATALOG,2020-10-28T13:42Z,,,2020-10-28,8T13,,,,,,,,,,,,,
2020-11-18T13:24:00-CME-001,M2M_CATALOG,2020-11-18T13:24Z,,,2020-11-18,8T13,,,,,,,,,,,,,
2020-11-18T13:36:00-CME-001,M2M_CATALOG,2020-11-18T13:36Z,,,2020-11-18,8T13,,,,,,,,,,,,,
2020-11-18T21:48:00-CME-001,M2M_CATALOG,2020-11-18T21:48Z,S20E138,,2020-11-18,8T21,,,,,,,,,,,,,
2020-11-19T02:54:00-CME-001,M2M_CATALOG,2020-11-19T02:54Z,,,2020-11-19,9T02,,,,,,,,,,,,,
2020-11-19T03:12:00-CME-001,M2M_CATALOG,2020-11-19T03:12Z,N30E40,,2020-11-19,9T03,,,,,,,,,,,,,
2020-11-19T06:48:00-CME-001,M2M_CATALOG,2020-11-19T06:48Z,S23E49,,2020-11-19,9T06,,,,,,,,,,,,,
2020-11-19T15:12:00-CME-001,M2M_CATALOG,2020-11-19T15:12Z,,,2020-11-19,9T15,,,,,,,,,,,,,
2020-11-29T15:05:00-CME-001,M2M_CATALOG,2020-11-29T15:05Z,,12783.0,2020-11-29,9T15,,,,,,,,,,,,,
2020-11-20T19:51:00-CME-001,M2M_CATALOG,2020-11-20T19:51Z,,12783.0,2020-11-20,0T19,,,,,,,,,,,,,
2020-10-10T04:24:00-CME-001,M2M_CATALOG,2020-10-10T04:24Z,,,2020-10-10,0T04,,,,,,,,,,,,,
2020-10-13T21:12:00-CME-001,M2M_CATALOG,2020-10-13T21:12Z,S23W37,12775.0,2020-10-13,3T21,,,,,,,,,,,,,
2020-10-14T03:24:00-CME-001,M2M_CATALOG,2020-10-14T03:24Z,,,2020-10-14,4T03,,,,,,,,,,,,,
2020-10-15T11:24:00-CME-001,M2M_CATALOG,2020-10-15T11:24Z,,,2020-10-15,5T11,,,,,,,,,,,,,
2020-10-15T16:36:00-CME-001,M2M_CATALOG,2020-10-15T16:36Z,,,2020-10-15,5T16,,,,,,,,,,,,,
2020-10-16T13:36:00-CME-001,M2M_CATALOG,2020-10-16T13:36Z,,12774.0,2020-10-16,6T13,,,,,,,,,,,,,
2020-10-16T16:03:00-CME-001,M2M_CATALOG,2020-10-16T16:03Z,S23W66,12775.0,2020-10-16,6T16,,,,,,,,,,,,,
2020-10-18T09:24:00-CME-001,M2M_CATALOG,2020-10-18T09:24Z,,,2020-10-18,8T09,,,,,,,,,,,,,
2020-10-22T13:09:00-CME-001,M2M_CATALOG,2020-10-22T13:09Z,,,2020-10-22,2T13,,,,,,,,,,,,,
2020-10-23T04:39:00-CME-001,M2M_CATALOG,2020-10-23T04:39Z,,,2020-10-23,3T04,,,,,,,,,,,,,
2020-10-23T22:35:00-CME-001,M2M_CATALOG,2020-10-23T22:35Z,,,2020-10-23,3T22,,,,,,,,,,,,,
2020-10-26T09:12:00-CME-001,M2M_CATALOG,2020-10-26T09:12Z,,,2020-10-26,6T09,,,,,,,,,,,,,
2020-10-26T18:09:00-CME-001,M2M_CATALOG,2020-10-26T18:09Z,,,2020-10-26,6T18,,,,,,,,,,,,,
2020-10-27T03:39:00-CME-001,M2M_CATALOG,2020-10-27T03:39Z,,,2020-10-27,7T03,,,,,,,,,,,,,
2020-10-28T13:42:00-CME-001,M2M_CATALOG,2020-10-28T13:42Z,,,2020-10-28,8T13,,,,,,,,,,,,,
2020-11-18T13:24:00-CME-001,M2M_CATALOG,2020-11-18T13:24Z,,,2020-11-18,8T13,,,,,,,,,,,,,
2020-11-18T13:36:00-CME-001,M2M_CATALOG,2020-11-18T13:36Z,,,2020-11-18,8T13,,,,,,,,,,,,,
2020-10-29T01:54:00-CME-001,M2M_CATALOG,2020-10-29T01:54Z,S19W28,12779.0,2020-10-29,9T01,,,,,,,,,,,,,
2020-10-31T00:12:00-CME-001,M2M_CATALOG,2020-10-31T00:12Z,,,2020-10-31,1T00,,,,,,,,,,,,,
2020-12-11T00:36:00-CME-001,M2M_CATALOG,2020-12-11T00:36Z,,,2020-12-11,1T00,,,,,,,,,,,,,
2020-11-01T20:00:00-CME-001,M2M_CATALOG,2020-11-01T20:00Z,,,2020-11-01,1T20,,,,,,,,,,,,,
2020-11-02T05:24:00-CME-001,M2M_CATALOG,2020-11-02T05:24Z,,,2020-11-02,2T05,,,,,,,,,,,,,
2020-11-07T13:24:00-CME-001,M2M_CATALOG,2020-11-07T13:24Z,N19W01,12780.0,2020-11-07,7T13,,,,,,,,,,,,,
2020-11-08T20:12:00-CME-001,M2M_CATALOG,2020-11-08T20:12Z,,,2020-11-08,8T20,,,,,,,,,,,,,
2020-11-11T19:36:00-CME-001,M2M_CATALOG,2020-11-11T19:36Z,S22E60,12782.0,2020-11-11,1T19,,,,,,,,,,,,,
2020-11-21T19:36:00-CME-001,M2M_CATALOG,2020-11-21T19:36Z,,,2020-11-21,1T19,,,,,,,,,,,,,
2020-12-11T19:09:00-CME-001,M2M_CATALOG,2020-12-11T19:09Z,,12791.0,2020-12-11,1T19,,,,,,,,,,,,,
2020-11-12T02:24:00-CME-001,M2M_CATALOG,2020-11-12T02:24Z,,,2020-11-12,2T02,,,,,,,,,,,,,
2020-11-13T12:24:00-CME-001,M2M_CATALOG,2020-11-13T12:24Z,,,2020-11-13,3T12,,,,,,,,,,,,,
2020-11-17T08:36:00-CME-001,M2M_CATALOG,2020-11-17T08:36Z,,,2020-11-17,7T08,,,,,,,,,,,,,
2020-11-17T19:00:00-CME-001,M2M_CATALOG,2020-11-17T19:00Z,,,2020-11-17,7T19,,,,,,,,,,,,,
2020-10-28T13:42:00-CME-001,M2M_CATALOG,2020-10-28T13:42Z,,,2020-10-28,8T13,,,,,,,,,,,,,
2020-11-18T13:24:00-CME-001,M2M_CATALOG,2020-11-18T13:24Z,,,2020-11-18,8T13,,,,,,,,,,,,,
2020-11-18T13:36:00-CME-001,M2M_CATALOG,2020-11-18T13:36Z,,,2020-11-18,8T13,,,,,,,,,,,,,
2020-10-28T13:42:00-CME-001,M2M_CATALOG,2020-10-28T13:42Z,,,2020-10-28,8T13,,,,,,,,,,,,,
2020-11-18T13:24:00-CME-001,M2M_CATALOG,2020-11-18T13:24Z,,,2020-11-18,8T13,,,,,,,,,,,,,
2020-11-18T13:36:00-CME-001,M2M_CATALOG,2020-11-18T13:36Z,,,2020-11-18,8T13,,,,,,,,,,,,,
2020-11-18T21:48:00-CME-001,M2M_CATALOG,2020-11-18T21:48Z,S20E138,,2020-11-18,8T21,,,,,,,,,,,,,
2020-11-19T02:54:00-CME-001,M2M_CATALOG,2020-11-19T02:54Z,,,2020-11-19,9T02,,,,,,,,,,,,,
2020-11-19T03:12:00-CME-001,M2M_CATALOG,2020-11-19T03:12Z,N30E40,,2020-11-19,9T03,,,,,,,,,,,,,
2020-11-19T06:48:00-CME-001,M2M_CATALOG,2020-11-19T06:48Z,S23E49,,2020-11-19,9T06,,,,,,,,,,,,,
2020-11-19T15:12:00-CME-001,M2M_CATALOG,2020-11-19T15:12Z,,,2020-11-19,9T15,,,,,,,,,,,,,
2020-11-29T15:05:00-CME-001,M2M_CATALOG,2020-11-29T15:05Z,,12783.0,2020-11-29,9T15,,,,,,,,,,,,,
2020-11-20T19:51:00-CME-001,M2M_CATALOG,2020-11-20T19:51Z,,12783.0,2020-11-20,0T19,,,,,,,,,,,,,
2020-11-20T21:12:00-CME-001,M2M_CATALOG,2020-11-20T21:12Z,,,2020-11-20,0T21,,,,,,,,,,,,,
2020-11-11T19:36:00-CME-001,M2M_CATALOG,2020-11-11T19:36Z,S22E60,12782.0,2020-11-11,1T19,,,,,,,,,,,,,
2020-11-21T19:36:00-CME-001,M2M_CATALOG,2020-11-21T19:36Z,,,2020-11-21,1T19,,,,,,,,,,,,,
2020-12-11T19:09:00-CME-001,M2M_CATALOG,2020-12-11T19:09Z,,12791.0,2020-12-11,1T19,,,,,,,,,,,,,
2020-11-21T23:12:00-CME-001,M2M_CATALOG,2020-11-21T23:12Z,,,2020-11-21,1T23,,,,,,,,,,,,,
2020-11-22T01:36:00-CME-001,M2M_CATALOG,2020-11-22T01:36Z,,,2020-11-22,2T01,,,,,,,,,,,,,
2020-11-23T18:48:00-CME-001,M2M_CATALOG,2020-11-23T18:48Z,,,2020-11-23,3T18,,,,,,,,,,,,,
2020-11-24T04:36:00-CME-001,M2M_CATALOG,2020-11-24T04:36Z,S20E65,12785.0,2020-11-24,4T04,6137.0,e2c3a80a-2c48-4524-8552-17a20323d3d8,Patagonia,La Fin Du Monde,Dark Lager,Palisade,1007 - German Ale,Black malt,78 IBU,4.5%,19.7°Blg,Argentina,2015.0
2020-11-24T11:24:00-CME-001,M2M_CATALOG,2020-11-24T11:24Z,,,2020-11-24,4T11,,,,,,,,,,,,,
2020-12-04T11:09:00-CME-001,M2M_CATALOG,2020-12-04T11:09Z,,,2020-12-04,4T11,,,,,,,,,,,,,
2020-11-24T13:24:00-CME-001,M2M_CATALOG,2020-11-24T13:24Z,,,2020-11-24,4T13,,,,,,,,,,,,,
2020-11-26T08:24:00-CME-001,M2M_CATALOG,2020-11-26T08:24Z,,,2020-11-26,6T08,,,,,,,,,,,,,
2020-11-26T21:24:00-CME-001,M2M_CATALOG,2020-11-26T21:24Z,N32E90,12787.0,2020-11-26,6T21,,,,,,,,,,,,,
2020-11-27T05:48:00-CME-001,M2M_CATALOG,2020-11-27T05:48Z,,,2020-11-27,7T05,,,,,,,,,,,,,
2020-11-29T13:24:00-CME-001,M2M_CATALOG,2020-11-29T13:24Z,S23E97,,2020-11-29,9T13,,,,,,,,,,,,,
2020-11-19T15:12:00-CME-001,M2M_CATALOG,2020-11-19T15:12Z,,,2020-11-19,9T15,,,,,,,,,,,,,
2020-11-29T15:05:00-CME-001,M2M_CATALOG,2020-11-29T15:05Z,,12783.0,2020-11-29,9T15,,,,,,,,,,,,,
2020-11-30T07:09:00-CME-001,M2M_CATALOG,2020-11-30T07:09Z,,,2020-11-30,0T07,,,,,,,,,,,,,
2020-12-01T05:48:00-CME-001,M2M_CATALOG,2020-12-01T05:48Z,S25E80,12790.0,2020-12-01,1T05,,,,,,,,,,,,,
2020-12-01T07:12:00-CME-001,M2M_CATALOG,2020-12-01T07:12Z,N35E30,12787.0,2020-12-01,1T07,,,,,,,,,,,,,
2020-12-03T11:12:00-CME-001,M2M_CATALOG,2020-12-03T11:12Z,S30E137,,2020-12-03,3T11,,,,,,,,,,,,,
2020-12-04T02:48:00-CME-001,M2M_CATALOG,2020-12-04T02:48Z,,,2020-12-04,4T02,,,,,,,,,,,,,
2020-11-24T11:24:00-CME-001,M2M_CATALOG,2020-11-24T11:24Z,,,2020-11-24,4T11,,,,,,,,,,,,,
2020-12-04T11:09:00-CME-001,M2M_CATALOG,2020-12-04T11:09Z,,,2020-12-04,4T11,,,,,,,,,,,,,
2020-12-06T22:00:00-CME-001,M2M_CATALOG,2020-12-06T22:00Z,,,2020-12-06,6T22,,,,,,,,,,,,,
2020-12-07T16:24:00-CME-001,M2M_CATALOG,2020-12-07T16:24Z,S23W11,12790.0,2020-12-07,7T16,,,,,,,,,,,,,
2020-12-07T18:36:00-CME-001,M2M_CATALOG,2020-12-07T18:36Z,S40W30,,2020-12-07,7T18,,,,,,,,,,,,,
2020-10-31T00:12:00-CME-001,M2M_CATALOG,2020-10-31T00:12Z,,,2020-10-31,1T00,,,,,,,,,,,,,
2020-12-11T00:36:00-CME-001,M2M_CATALOG,2020-12-11T00:36Z,,,2020-12-11,1T00,,,,,,,,,,,,,
2020-11-11T19:36:00-CME-001,M2M_CATALOG,2020-11-11T19:36Z,S22E60,12782.0,2020-11-11,1T19,,,,,,,,,,,,,
2020-11-21T19:36:00-CME-001,M2M_CATALOG,2020-11-21T19:36Z,,,2020-11-21,1T19,,,,,,,,,,,,,
2020-12-11T19:09:00-CME-001,M2M_CATALOG,2020-12-11T19:09Z,,12791.0,2020-12-11,1T19,,,,,,,,,,,,,
2020-12-12T04:12:00-CME-001,M2M_CATALOG,2020-12-12T04:12Z,,,2020-12-12,2T04,,,,,,,,,,,,,
2020-12-13T09:24:00-CME-001,M2M_CATALOG,2020-12-13T09:24Z,,,2020-12-13,3T09,,,,,,,,,,,,,
2020-12-14T15:12:00-CME-001,M2M_CATALOG,2020-12-14T15:12Z,S22E44,12792.0,2020-12-14,4T15,,,,,,,,,,,,,
2020-12-14T21:12:00-CME-001,M2M_CATALOG,2020-12-14T21:12Z,N40E110,,2020-12-14,4T21,,,,,,,,,,,,,
2020-12-17T06:48:00-CME-001,M2M_CATALOG,2020-12-17T06:48Z,,,2020-12-17,7T06,,,,,,,,,,,,,
2020-12-27T00:48:00-CME-001,M2M_CATALOG,2020-12-27T00:48Z,,,2020-12-27,7T00,,,,,,,,,,,,,
2020-12-30T02:24:00-CME-001,M2M_CATALOG,2020-12-30T02:24Z,S20E08,12795.0,2020-12-30,0T02,,,,,,,,,,,,,
2020-10-10T04:24:00-CME-001,M2M_CATALOG,2020-10-10T04:24Z,,,2020-10-10,0T04,,,,,,,,,,,,,
2020-10-13T21:12:00-CME-001,M2M_CATALOG,2020-10-13T21:12Z,S23W37,12775.0,2020-10-13,3T21,,,,,,,,,,,,,
2020-10-14T03:24:00-CME-001,M2M_CATALOG,2020-10-14T03:24Z,,,2020-10-14,4T03,,,,,,,,,,,,,
2020-10-15T11:24:00-CME-001,M2M_CATALOG,2020-10-15T11:24Z,,,2020-10-15,5T11,,,,,,,,,,,,,
2020-10-15T16:36:00-CME-001,M2M_CATALOG,2020-10-15T16:36Z,,,2020-10-15,5T16,,,,,,,,,,,,,
2020-10-16T13:36:00-CME-001,M2M_CATALOG,2020-10-16T13:36Z,,12774.0,2020-10-16,6T13,,,,,,,,,,,,,
2020-10-16T16:03:00-CME-001,M2M_CATALOG,2020-10-16T16:03Z,S23W66,12775.0,2020-10-16,6T16,,,,,,,,,,,,,
2020-10-18T09:24:00-CME-001,M2M_CATALOG,2020-10-18T09:24Z,,,2020-10-18,8T09,,,,,,,,,,,,,
2020-10-22T13:09:00-CME-001,M2M_CATALOG,2020-10-22T13:09Z,,,2020-10-22,2T13,,,,,,,,,,,,,
2020-10-23T04:39:00-CME-001,M2M_CATALOG,2020-10-23T04:39Z,,,2020-10-23,3T04,,,,,,,,,,,,,
2020-10-23T22:35:00-CME-001,M2M_CATALOG,2020-10-23T22:35Z,,,2020-10-23,3T22,,,,,,,,,,,,,
2020-10-26T09:12:00-CME-001,M2M_CATALOG,2020-10-26T09:12Z,,,2020-10-26,6T09,,,,,,,,,,,,,
2020-10-26T18:09:00-CME-001,M2M_CATALOG,2020-10-26T18:09Z,,,2020-10-26,6T18,,,,,,,,,,,,,
2020-10-27T03:39:00-CME-001,M2M_CATALOG,2020-10-27T03:39Z,,,2020-10-27,7T03,,,,,,,,,,,,,
2020-10-28T13:42:00-CME-001,M2M_CATALOG,2020-10-28T13:42Z,,,2020-10-28,8T13,,,,,,,,,,,,,
2020-11-18T13:24:00-CME-001,M2M_CATALOG,2020-11-18T13:24Z,,,2020-11-18,8T13,,,,,,,,,,,,,
2020-11-18T13:36:00-CME-001,M2M_CATALOG,2020-11-18T13:36Z,,,2020-11-18,8T13,,,,,,,,,,,,,
2020-10-29T01:54:00-CME-001,M2M_CATALOG,2020-10-29T01:54Z,S19W28,12779.0,2020-10-29,9T01,,,,,,,,,,,,,
2020-10-31T00:12:00-CME-001,M2M_CATALOG,2020-10-31T00:12Z,,,2020-10-31,1T00,,,,,,,,,,,,,
2020-12-11T00:36:00-CME-001,M2M_CATALOG,2020-12-11T00:36Z,,,2020-12-11,1T00,,,,,,,,,,,,,
2020-11-01T20:00:00-CME-001,M2M_CATALOG,2020-11-01T20:00Z,,,2020-11-01,1T20,,,,,,,,,,,,,
2020-11-02T05:24:00-CME-001,M2M_CATALOG,2020-11-02T05:24Z,,,2020-11-02,2T05,,,,,,,,,,,,,
2020-11-07T13:24:00-CME-001,M2M_CATALOG,2020-11-07T13:24Z,N19W01,12780.0,2020-11-07,7T13,,,,,,,,,,,,,
2020-11-08T20:12:00-CME-001,M2M_CATALOG,2020-11-08T20:12Z,,,2020-11-08,8T20,,,,,,,,,,,,,
2020-11-11T19:36:00-CME-001,M2M_CATALOG,2020-11-11T19:36Z,S22E60,12782.0,2020-11-11,1T19,,,,,,,,,,,,,
2020-11-21T19:36:00-CME-001,M2M_CATALOG,2020-11-21T19:36Z,,,2020-11-21,1T19,,,,,,,,,,,,,
2020-12-11T19:09:00-CME-001,M2M_CATALOG,2020-12-11T19:09Z,,12791.0,2020-12-11,1T19,,,,,,,,,,,,,
2020-11-12T02:24:00-CME-001,M2M_CATALOG,2020-11-12T02:24Z,,,2020-11-12,2T02,,,,,,,,,,,,,
2020-11-13T12:24:00-CME-001,M2M_CATALOG,2020-11-13T12:24Z,,,2020-11-13,3T12,,,,,,,,,,,,,
2020-11-17T08:36:00-CME-001,M2M_CATALOG,2020-11-17T08:36Z,,,2020-11-17,7T08,,,,,,,,,,,,,
2020-11-17T19:00:00-CME-001,M2M_CATALOG,2020-11-17T19:00Z,,,2020-11-17,7T19,,,,,,,,,,,,,
2020-10-28T13:42:00-CME-001,M2M_CATALOG,2020-10-28T13:42Z,,,2020-10-28,8T13,,,,,,,,,,,,,
2020-11-18T13:24:00-CME-001,M2M_CATALOG,2020-11-18T13:24Z,,,2020-11-18,8T13,,,,,,,,,,,,,
2020-11-18T13:36:00-CME-001,M2M_CATALOG,2020-11-18T13:36Z,,,2020-11-18,8T13,,,,,,,,,,,,,
2020-10-28T13:42:00-CME-001,M2M_CATALOG,2020-10-28T13:42Z,,,2020-10-28,8T13,,,,,,,,,,,,,
2020-11-18T13:24:00-CME-001,M2M_CATALOG,2020-11-18T13:24Z,,,2020-11-18,8T13,,,,,,,,,,,,,
2020-11-18T13:36:00-CME-001,M2M_CATALOG,2020-11-18T13:36Z,,,2020-11-18,8T13,,,,,,,,,,,,,
2020-11-18T21:48:00-CME-001,M2M_CATALOG,2020-11-18T21:48Z,S20E138,,2020-11-18,8T21,,,,,,,,,,,,,
2020-11-19T02:54:00-CME-001,M2M_CATALOG,2020-11-19T02:54Z,,,2020-11-19,9T02,,,,,,,,,,,,,
2020-11-19T03:12:00-CME-001,M2M_CATALOG,2020-11-19T03:12Z,N30E40,,2020-11-19,9T03,,,,,,,,,,,,,
2020-11-19T06:48:00-CME-001,M2M_CATALOG,2020-11-19T06:48Z,S23E49,,2020-11-19,9T06,,,,,,,,,,,,,
2020-11-19T15:12:00-CME-001,M2M_CATALOG,2020-11-19T15:12Z,,,2020-11-19,9T15,,,,,,,,,,,,,
2020-11-29T15:05:00-CME-001,M2M_CATALOG,2020-11-29T15:05Z,,12783.0,2020-11-29,9T15,,,,,,,,,,,,,
2020-10-10T04:24:00-CME-001,M2M_CATALOG,2020-10-10T04:24Z,,,2020-10-10,0T04,,,,,,,,,,,,,
2020-10-13T21:12:00-CME-001,M2M_CATALOG,2020-10-13T21:12Z,S23W37,12775.0,2020-10-13,3T21,,,,,,,,,,,,,
2020-10-14T03:24:00-CME-001,M2M_CATALOG,2020-10-14T03:24Z,,,2020-10-14,4T03,,,,,,,,,,,,,
2020-10-15T11:24:00-CME-001,M2M_CATALOG,2020-10-15T11:24Z,,,2020-10-15,5T11,,,,,,,,,,,,,
2020-10-15T16:36:00-CME-001,M2M_CATALOG,2020-10-15T16:36Z,,,2020-10-15,5T16,,,,,,,,,,,,,
2020-10-16T13:36:00-CME-001,M2M_CATALOG,2020-10-16T13:36Z,,12774.0,2020-10-16,6T13,,,,,,,,,,,,,
2020-10-16T16:03:00-CME-001,M2M_CATALOG,2020-10-16T16:03Z,S23W66,12775.0,2020-10-16,6T16,,,,,,,,,,,,,
2020-10-18T09:24:00-CME-001,M2M_CATALOG,2020-10-18T09:24Z,,,2020-10-18,8T09,,,,,,,,,,,,,
2020-10-22T13:09:00-CME-001,M2M_CATALOG,2020-10-22T13:09Z,,,2020-10-22,2T13,,,,,,,,,,,,,
2020-11-02T05:24:00-CME-001,M2M_CATALOG,2020-11-02T05:24Z,,,2020-11-02,2T05,,,,,,,,,,,,,
2020-11-07T13:24:00-CME-001,M2M_CATALOG,2020-11-07T13:24Z,N19W01,12780.0,2020-11-07,7T13,,,,,,,,,,,,,
2020-11-08T20:12:00-CME-001,M2M_CATALOG,2020-11-08T20:12Z,,,2020-11-08,8T20,,,,,,,,,,,,,
2020-11-11T19:36:00-CME-001,M2M_CATALOG,2020-11-11T19:36Z,S22E60,12782.0,2020-11-11,1T19,,,,,,,,,,,,,
2020-11-21T19:36:00-CME-001,M2M_CATALOG,2020-11-21T19:36Z,,,2020-11-21,1T19,,,,,,,,,,,,,
2020-12-11T19:09:00-CME-001,M2M_CATALOG,2020-12-11T19:09Z,,12791.0,2020-12-11,1T19,,,,,,,,,,,,,
2020-11-12T02:24:00-CME-001,M2M_CATALOG,2020-11-12T02:24Z,,,2020-11-12,2T02,,,,,,,,,,,,,
2020-11-13T12:24:00-CME-001,M2M_CATALOG,2020-11-13T12:24Z,,,2020-11-13,3T12,,,,,,,,,,,,,
2020-11-17T08:36:00-CME-001,M2M_CATALOG,2020-11-17T08:36Z,,,2020-11-17,7T08,,,,,,,,,,,,,
2020-11-17T19:00:00-CME-001,M2M_CATALOG,2020-11-17T19:00Z,,,2020-11-17,7T19,,,,,,,,,,,,,
2020-11-18T21:48:00-CME-001,M2M_CATALOG,2020-11-18T21:48Z,S20E138,,2020-11-18,8T21,,,,,,,,,,,,,
2020-11-19T02:54:00-CME-001,M2M_CATALOG,2020-11-19T02:54Z,,,2020-11-19,9T02,,,,,,,,,,,,,
2020-11-27T05:48:00-CME-001,M2M_CATALOG,2020-11-27T05:48Z,,,2020-11-27,7T05,,,,,,,,,,,,,
2020-11-29T13:24:00-CME-001,M2M_CATALOG,2020-11-29T13:24Z,S23E97,,2020-11-29,9T13,,,,,,,,,,,,,
2020-11-30T07:09:00-CME-001,M2M_CATALOG,2020-11-30T07:09Z,,,2020-11-30,0T07,,,,,,,,,,,,,
2020-12-01T05:48:00-CME-001,M2M_CATALOG,2020-12-01T05:48Z,S25E80,12790.0,2020-12-01,1T05,,,,,,,,,,,,,
2020-12-01T07:12:00-CME-001,M2M_CATALOG,2020-12-01T07:12Z,N35E30,12787.0,2020-12-01,1T07,,,,,,,,,,,,,
2020-12-03T11:12:00-CME-001,M2M_CATALOG,2020-12-03T11:12Z,S30E137,,2020-12-03,3T11,,,,,,,,,,,,,
2020-12-04T02:48:00-CME-001,M2M_CATALOG,2020-12-04T02:48Z,,,2020-12-04,4T02,,,,,,,,,,,,,
2020-12-06T22:00:00-CME-001,M2M_CATALOG,2020-12-06T22:00Z,,,2020-12-06,6T22,,,,,,,,,,,,,
2020-12-07T16:24:00-CME-001,M2M_CATALOG,2020-12-07T16:24Z,S23W11,12790.0,2020-12-07,7T16,,,,,,,,,,,,,
2020-12-07T18:36:00-CME-001,M2M_CATALOG,2020-12-07T18:36Z,S40W30,,2020-12-07,7T18,,,,,,,,,,,,,
2020-12-17T06:48:00-CME-001,M2M_CATALOG,2020-12-17T06:48Z,,,2020-12-17,7T06,,,,,,,,,,,,,
2020-12-27T00:48:00-CME-001,M2M_CATALOG,2020-12-27T00:48Z,,,2020-12-27,7T00,,,,,,,,,,,,,
2020-12-30T02:24:00-CME-001,M2M_CATALOG,2020-12-30T02:24Z,S20E08,12795.0,2020-12-30,0T02,,,,,,,,,,,,,
2020-10-10T04:24:00-CME-001,M2M_CATALOG,2020-10-10T04:24Z,,,2020-10-10,0T04,,,,,,,,,,,,,
2020-10-13T21:12:00-CME-001,M2M_CATALOG,2020-10-13T21:12Z,S23W37,12775.0,2020-10-13,3T21,,,,,,,,,,,,,
2020-10-14T03:24:00-CME-001,M2M_CATALOG,2020-10-14T03:24Z,,,2020-10-14,4T03,,,,,,,,,,,,,
2020-10-15T11:24:00-CME-001,M2M_CATALOG,2020-10-15T11:24Z,,,2020-10-15,5T11,,,,,,,,,,,,,
2020-10-15T16:36:00-CME-001,M2M_CATALOG,2020-10-15T16:36Z,,,2020-10-15,5T16,,,,,,,,,,,,,
2020-10-16T13:36:00-CME-001,M2M_CATALOG,2020-10-16T13:36Z,,12774.0,2020-10-16,6T13,,,,,,,,,,,,,
2020-10-16T16:03:00-CME-001,M2M_CATALOG,2020-10-16T16:03Z,S23W66,12775.0,2020-10-16,6T16,,,,,,,,,,,,,
2020-10-18T09:24:00-CME-001,M2M_CATALOG,2020-10-18T09:24Z,,,2020-10-18,8T09,,,,,,,,,,,,,
2020-10-22T13:09:00-CME-001,M2M_CATALOG,2020-10-22T13:09Z,,,2020-10-22,2T13,,,,,,,,,,,,,
2020-11-02T05:24:00-CME-001,M2M_CATALOG,2020-11-02T05:24Z,,,2020-11-02,2T05,,,,,,,,,,,,,
2020-11-07T13:24:00-CME-001,M2M_CATALOG,2020-11-07T13:24Z,N19W01,12780.0,2020-11-07,7T13,,,,,,,,,,,,,
2020-11-08T20:12:00-CME-001,M2M_CATALOG,2020-11-08T20:12Z,,,2020-11-08,8T20,,,,,,,,,,,,,
2020-11-11T19:36:00-CME-001,M2M_CATALOG,2020-11-11T19:36Z,S22E60,12782.0,2020-11-11,1T19,,,,,,,,,,,,,
2020-11-21T19:36:00-CME-001,M2M_CATALOG,2020-11-21T19:36Z,,,2020-11-21,1T19,,,,,,,,,,,,,
2020-12-11T19:09:00-CME-001,M2M_CATALOG,2020-12-11T19:09Z,,12791.0,2020-12-11,1T19,,,,,,,,,,,,,
2020-11-12T02:24:00-CME-001,M2M_CATALOG,2020-11-12T02:24Z,,,2020-11-12,2T02,,,,,,,,,,,,,
2020-11-13T12:24:00-CME-001,M2M_CATALOG,2020-11-13T12:24Z,,,2020-11-13,3T12,,,,,,,,,,,,,
2020-11-17T08:36:00-CME-001,M2M_CATALOG,2020-11-17T08:36Z,,,2020-11-17,7T08,,,,,,,,,,,,,
2020-11-17T19:00:00-CME-001,M2M_CATALOG,2020-11-17T19:00Z,,,2020-11-17,7T19,,,,,,,,,,,,,
2020-11-18T21:48:00-CME-001,M2M_CATALOG,2020-11-18T21:48Z,S20E138,,2020-11-18,8T21,,,,,,,,,,,,,
2020-11-19T02:54:00-CME-001,M2M_CATALOG,2020-11-19T02:54Z,,,2020-11-19,9T02,,,,,,,,,,,,,
2020-11-27T05:48:00-CME-001,M2M_CATALOG,2020-11-27T05:48Z,,,2020-11-27,7T05,,,,,,,,,,,,,
2020-11-29T13:24:00-CME-001,M2M_CATALOG,2020-11-29T13:24Z,S23E97,,2020-11-29,9T13,,,,,,,,,,,,,
2020-11-30T07:09:00-CME-001,M2M_CATALOG,2020-11-30T07:09Z,,,2020-11-30,0T07,,,,,,,,,,,,,
2020-12-01T05:48:00-CME-001,M2M_CATALOG,2020-12-01T05:48Z,S25E80,12790.0,2020-12-01,1T05,,,,,,,,,,,,,
2020-12-01T07:12:00-CME-001,M2M_CATALOG,2020-12-01T07:12Z,N35E30,12787.0,2020-12-01,1T07,,,,,,,,,,,,,
2020-12-03T11:12:00-CME-001,M2M_CATALOG,2020-12-03T11:12Z,S30E137,,2020-12-03,3T11,,,,,,,,,,,,,
2020-12-04T02:48:00-CME-001,M2M_CATALOG,2020-12-04T02:48Z,,,2020-12-04,4T02,,,,,,,,,,,,,
2020-12-06T22:00:00-CME-001,M2M_CATALOG,2020-12-06T22:00Z,,,2020-12-06,6T22,,,,,,,,,,,,,
2020-12-07T16:24:00-CME-001,M2M_CATALOG,2020-12-07T16:24Z,S23W11,12790.0,2020-12-07,7T16,,,,,,,,,,,,,
2020-12-07T18:36:00-CME-001,M2M_CATALOG,2020-12-07T18:36Z,S40W30,,2020-12-07,7T18,,,,,,,,,,,,,
2020-12-17T06:48:00-CME-001,M2M_CATALOG,2020-12-17T06:48Z,,,2020-12-17,7T06,,,,,,,,,,,,,
2020-12-27T00:48:00-CME-001,M2M_CATALOG,2020-12-27T00:48Z,,,2020-12-27,7T00,,,,,,,,,,,,,
2020-12-30T02:24:00-CME-001,M2M_CATALOG,2020-12-30T02:24Z,S20E08,12795.0,2020-12-30,0T02,,,,,,,,,,,,,
2020-10-10T04:24:00-CME-001,M2M_CATALOG,2020-10-10T04:24Z,,,2020-10-10,0T04,,,,,,,,,,,,,
2020-10-13T21:12:00-CME-001,M2M_CATALOG,2020-10-13T21:12Z,S23W37,12775.0,2020-10-13,3T21,,,,,,,,,,,,,
2020-10-14T03:24:00-CME-001,M2M_CATALOG,2020-10-14T03:24Z,,,2020-10-14,4T03,,,,,,,,,,,,,
2020-10-15T11:24:00-CME-001,M2M_CATALOG,2020-10-15T11:24Z,,,2020-10-15,5T11,,,,,,,,,,,,,
2020-10-15T16:36:00-CME-001,M2M_CATALOG,2020-10-15T16:36Z,,,2020-10-15,5T16,,,,,,,,,,,,,
2020-10-16T13:36:00-CME-001,M2M_CATALOG,2020-10-16T13:36Z,,12774.0,2020-10-16,6T13,,,,,,,,,,,,,
2020-10-16T16:03:00-CME-001,M2M_CATALOG,2020-10-16T16:03Z,S23W66,12775.0,2020-10-16,6T16,,,,,,,,,,,,,
2020-10-18T09:24:00-CME-001,M2M_CATALOG,2020-10-18T09:24Z,,,2020-10-18,8T09,,,,,,,,,,,,,
2020-10-22T13:09:00-CME-001,M2M_CATALOG,2020-10-22T13:09Z,,,2020-10-22,2T13,,,,,,,,,,,,,
2020-11-02T05:24:00-CME-001,M2M_CATALOG,2020-11-02T05:24Z,,,2020-11-02,2T05,,,,,,,,,,,,,
2020-11-07T13:24:00-CME-001,M2M_CATALOG,2020-11-07T13:24Z,N19W01,12780.0,2020-11-07,7T13,,,,,,,,,,,,,
2020-11-08T20:12:00-CME-001,M2M_CATALOG,2020-11-08T20:12Z,,,2020-11-08,8T20,,,,,,,,,,,,,
2020-11-11T19:36:00-CME-001,M2M_CATALOG,2020-11-11T19:36Z,S22E60,12782.0,2020-11-11,1T19,,,,,,,,,,,,,
2020-11-21T19:36:00-CME-001,M2M_CATALOG,2020-11-21T19:36Z,,,2020-11-21,1T19,,,,,,,,,,,,,
2020-12-11T19:09:00-CME-001,M2M_CATALOG,2020-12-11T19:09Z,,12791.0,2020-12-11,1T19,,,,,,,,,,,,,
2020-11-12T02:24:00-CME-001,M2M_CATALOG,2020-11-12T02:24Z,,,2020-11-12,2T02,,,,,,,,,,,,,
2020-11-13T12:24:00-CME-001,M2M_CATALOG,2020-11-13T12:24Z,,,2020-11-13,3T12,,,,,,,,,,,,,
2020-11-17T08:36:00-CME-001,M2M_CATALOG,2020-11-17T08:36Z,,,2020-11-17,7T08,,,,,,,,,,,,,
2020-11-17T19:00:00-CME-001,M2M_CATALOG,2020-11-17T19:00Z,,,2020-11-17,7T19,,,,,,,,,,,,,
2020-11-18T21:48:00-CME-001,M2M_CATALOG,2020-11-18T21:48Z,S20E138,,2020-11-18,8T21,,,,,,,,,,,,,
2020-11-19T02:54:00-CME-001,M2M_CATALOG,2020-11-19T02:54Z,,,2020-11-19,9T02,,,,,,,,,,,,,
2020-11-27T05:48:00-CME-001,M2M_CATALOG,2020-11-27T05:48Z,,,2020-11-27,7T05,,,,,,,,,,,,,
2020-11-29T13:24:00-CME-001,M2M_CATALOG,2020-11-29T13:24Z,S23E97,,2020-11-29,9T13,,,,,,,,,,,,,
2020-11-30T07:09:00-CME-001,M2M_CATALOG,2020-11-30T07:09Z,,,2020-11-30,0T07,,,,,,,,,,,,,
2020-12-01T05:48:00-CME-001,M2M_CATALOG,2020-12-01T05:48Z,S25E80,12790.0,2020-12-01,1T05,,,,,,,,,,,,,
2020-12-01T07:12:00-CME-001,M2M_CATALOG,2020-12-01T07:12Z,N35E30,12787.0,2020-12-01,1T07,,,,,,,,,,,,,
2020-12-03T11:12:00-CME-001,M2M_CATALOG,2020-12-03T11:12Z,S30E137,,2020-12-03,3T11,,,,,,,,,,,,,
2020-12-04T02:48:00-CME-001,M2M_CATALOG,2020-12-04T02:48Z,,,2020-12-04,4T02,,,,,,,,,,,,,
2020-12-06T22:00:00-CME-001,M2M_CATALOG,2020-12-06T22:00Z,,,2020-12-06,6T22,,,,,,,,,,,,,
2020-12-07T16:24:00-CME-001,M2M_CATALOG,2020-12-07T16:24Z,S23W11,12790.0,2020-12-07,7T16,,,,,,,,,,,,,
2020-12-07T18:36:00-CME-001,M2M_CATALOG,2020-12-07T18:36Z,S40W30,,2020-12-07,7T18,,,,,,,,,,,,,
2020-12-17T06:48:00-CME-001,M2M_CATALOG,2020-12-17T06:48Z,,,2020-12-17,7T06,,,,,,,,,,,,,
2020-12-27T00:48:00-CME-001,M2M_CATALOG,2020-12-27T00:48Z,,,2020-12-27,7T00,,,,,,,,,,,,,
2020-12-30T02:24:00-CME-001,M2M_CATALOG,2020-12-30T02:24Z,S20E08,12795.0,2020-12-30,0T02,,,,,,,,,,,,,
2020-10-23T04:39:00-CME-001,M2M_CATALOG,2020-10-23T04:39Z,,,2020-10-23,3T04,,,,,,,,,,,,,
2020-10-23T22:35:00-CME-001,M2M_CATALOG,2020-10-23T22:35Z,,,2020-10-23,3T22,,,,,,,,,,,,,
2020-10-10T04:24:00-CME-001,M2M_CATALOG,2020-10-10T04:24Z,,,2020-10-10,0T04,,,,,,,,,,,,,
2020-10-13T21:12:00-CME-001,M2M_CATALOG,2020-10-13T21:12Z,S23W37,12775.0,2020-10-13,3T21,,,,,,,,,,,,,
2020-10-14T03:24:00-CME-001,M2M_CATALOG,2020-10-14T03:24Z,,,2020-10-14,4T03,,,,,,,,,,,,,
2020-10-15T11:24:00-CME-001,M2M_CATALOG,2020-10-15T11:24Z,,,2020-10-15,5T11,,,,,,,,,,,,,
2020-10-15T16:36:00-CME-001,M2M_CATALOG,2020-10-15T16:36Z,,,2020-10-15,5T16,,,,,,,,,,,,,
2020-10-16T13:36:00-CME-001,M2M_CATALOG,2020-10-16T13:36Z,,12774.0,2020-10-16,6T13,,,,,,,,,,,,,
2020-10-16T16:03:00-CME-001,M2M_CATALOG,2020-10-16T16:03Z,S23W66,12775.0,2020-10-16,6T16,,,,,,,,,,,,,
2020-10-18T09:24:00-CME-001,M2M_CATALOG,2020-10-18T09:24Z,,,2020-10-18,8T09,,,,,,,,,,,,,
2020-10-22T13:09:00-CME-001,M2M_CATALOG,2020-10-22T13:09Z,,,2020-10-22,2T13,,,,,,,,,,,,,
2020-10-23T04:39:00-CME-001,M2M_CATALOG,2020-10-23T04:39Z,,,2020-10-23,3T04,,,,,,,,,,,,,
2020-10-23T22:35:00-CME-001,M2M_CATALOG,2020-10-23T22:35Z,,,2020-10-23,3T22,,,,,,,,,,,,,
2020-10-26T09:12:00-CME-001,M2M_CATALOG,2020-10-26T09:12Z,,,2020-10-26,6T09,,,,,,,,,,,,,
2020-10-26T18:09:00-CME-001,M2M_CATALOG,2020-10-26T18:09Z,,,2020-10-26,6T18,,,,,,,,,,,,,
2020-10-27T03:39:00-CME-001,M2M_CATALOG,2020-10-27T03:39Z,,,2020-10-27,7T03,,,,,,,,,,,,,
2020-10-28T13:42:00-CME-001,M2M_CATALOG,2020-10-28T13:42Z,,,2020-10-28,8T13,6308.0,8c891150-7f13-48d1-abc4-fc516f1bd2ee,Lowenbrau,Ten FIDY,Porter,Galena,5526 - Brettanomyces lambicus,Wheat mal,10 IBU,8.7%,15.8°Blg,Alemania,1746.0
2020-11-18T13:24:00-CME-001,M2M_CATALOG,2020-11-18T13:24Z,,,2020-11-18,8T13,6308.0,8c891150-7f13-48d1-abc4-fc516f1bd2ee,Lowenbrau,Ten FIDY,Porter,Galena,5526 - Brettanomyces lambicus,Wheat mal,10 IBU,8.7%,15.8°Blg,Alemania,1746.0
2020-11-18T13:36:00-CME-001,M2M_CATALOG,2020-11-18T13:36Z,,,2020-11-18,8T13,6308.0,8c891150-7f13-48d1-abc4-fc516f1bd2ee,Lowenbrau,Ten FIDY,Porter,Galena,5526 - Brettanomyces lambicus,Wheat mal,10 IBU,8.7%,15.8°Blg,Alemania,1746.0
2020-10-29T01:54:00-CME-001,M2M_CATALOG,2020-10-29T01:54Z,S19W28,12779.0,2020-10-29,9T01,,,,,,,,,,,,,
2020-10-31T00:12:00-CME-001,M2M_CATALOG,2020-10-31T00:12Z,,,2020-10-31,1T00,,,,,,,,,,,,,
2020-12-11T00:36:00-CME-001,M2M_CATALOG,2020-12-11T00:36Z,,,2020-12-11,1T00,,,,,,,,,,,,,
2020-11-01T20:00:00-CME-001,M2M_CATALOG,2020-11-01T20:00Z,,,2020-11-01,1T20,,,,,,,,,,,,,
2020-11-02T05:24:00-CME-001,M2M_CATALOG,2020-11-02T05:24Z,,,2020-11-02,2T05,,,,,,,,,,,,,
2020-11-07T13:24:00-CME-001,M2M_CATALOG,2020-11-07T13:24Z,N19W01,12780.0,2020-11-07,7T13,,,,,,,,,,,,,
2020-11-08T20:12:00-CME-001,M2M_CATALOG,2020-11-08T20:12Z,,,2020-11-08,8T20,,,,,,,,,,,,,
2020-11-11T19:36:00-CME-001,M2M_CATALOG,2020-11-11T19:36Z,S22E60,12782.0,2020-11-11,1T19,,,,,,,,,,,,,
2020-11-21T19:36:00-CME-001,M2M_CATALOG,2020-11-21T19:36Z,,,2020-11-21,1T19,,,,,,,,,,,,,
2020-12-11T19:09:00-CME-001,M2M_CATALOG,2020-12-11T19:09Z,,12791.0,2020-12-11,1T19,,,,,,,,,,,,,
2020-11-12T02:24:00-CME-001,M2M_CATALOG,2020-11-12T02:24Z,,,2020-11-12,2T02,,,,,,,,,,,,,
2020-11-13T12:24:00-CME-001,M2M_CATALOG,2020-11-13T12:24Z,,,2020-11-13,3T12,,,,,,,,,,,,,
2020-11-17T08:36:00-CME-001,M2M_CATALOG,2020-11-17T08:36Z,,,2020-11-17,7T08,6318.0,dcb9fada-4bef-4e3e-91c4-dbedcebce99f,Carlsberg,Delirium Tremens,Light Lager,Citra,1968 - London ESB Ale,Chocolate malt,26 IBU,2.4%,14.2°Blg,Dinamarca,1847.0
2020-11-17T19:00:00-CME-001,M2M_CATALOG,2020-11-17T19:00Z,,,2020-11-17,7T19,,,,,,,,,,,,,
2020-10-28T13:42:00-CME-001,M2M_CATALOG,2020-10-28T13:42Z,,,2020-10-28,8T13,,,,,,,,,,,,,
2020-11-18T13:24:00-CME-001,M2M_CATALOG,2020-11-18T13:24Z,,,2020-11-18,8T13,,,,,,,,,,,,,
2020-11-18T13:36:00-CME-001,M2M_CATALOG,2020-11-18T13:36Z,,,2020-11-18,8T13,,,,,,,,,,,,,
2020-10-28T13:42:00-CME-001,M2M_CATALOG,2020-10-28T13:42Z,,,2020-10-28,8T13,,,,,,,,,,,,,
2020-11-18T13:24:00-CME-001,M2M_CATALOG,2020-11-18T13:24Z,,,2020-11-18,8T13,,,,,,,,,,,,,
2020-11-18T13:36:00-CME-001,M2M_CATALOG,2020-11-18T13:36Z,,,2020-11-18,8T13,,,,,,,,,,,,,
2020-11-18T21:48:00-CME-001,M2M_CATALOG,2020-11-18T21:48Z,S20E138,,2020-11-18,8T21,,,,,,,,,,,,,
2020-11-19T02:54:00-CME-001,M2M_CATALOG,2020-11-19T02:54Z,,,2020-11-19,9T02,,,,,,,,,,,,,
2020-11-19T03:12:00-CME-001,M2M_CATALOG,2020-11-19T03:12Z,N30E40,,2020-11-19,9T03,,,,,,,,,,,,,
2020-11-19T06:48:00-CME-001,M2M_CATALOG,2020-11-19T06:48Z,S23E49,,2020-11-19,9T06,,,,,,,,,,,,,
2020-11-19T15:12:00-CME-001,M2M_CATALOG,2020-11-19T15:12Z,,,2020-11-19,9T15,,,,,,,,,,,,,
2020-11-29T15:05:00-CME-001,M2M_CATALOG,2020-11-29T15:05Z,,12783.0,2020-11-29,9T15,,,,,,,,,,,,,
2020-11-20T19:51:00-CME-001,M2M_CATALOG,2020-11-20T19:51Z,,12783.0,2020-11-20,0T19,,,,,,,,,,,,,
2020-11-20T21:12:00-CME-001,M2M_CATALOG,2020-11-20T21:12Z,,,2020-11-20,0T21,,,,,,,,,,,,,
2020-11-11T19:36:00-CME-001,M2M_CATALOG,2020-11-11T19:36Z,S22E60,12782.0,2020-11-11,1T19,,,,,,,,,,,,,
2020-11-21T19:36:00-CME-001,M2M_CATALOG,2020-11-21T19:36Z,,,2020-11-21,1T19,,,,,,,,,,,,,
2020-12-11T19:09:00-CME-001,M2M_CATALOG,2020-12-11T19:09Z,,12791.0,2020-12-11,1T19,,,,,,,,,,,,,
2020-11-21T23:12:00-CME-001,M2M_CATALOG,2020-11-21T23:12Z,,,2020-11-21,1T23,,,,,,,,,,,,,
2020-11-22T01:36:00-CME-001,M2M_CATALOG,2020-11-22T01:36Z,,,2020-11-22,2T01,,,,,,,,,,,,,
2020-11-23T18:48:00-CME-001,M2M_CATALOG,2020-11-23T18:48Z,,,2020-11-23,3T18,,,,,,,,,,,,,
2020-11-24T04:36:00-CME-001,M2M_CATALOG,2020-11-24T04:36Z,S20E65,12785.0,2020-11-24,4T04,,,,,,,,,,,,,
2020-11-24T11:24:00-CME-001,M2M_CATALOG,2020-11-24T11:24Z,,,2020-11-24,4T11,,,,,,,,,,,,,
2020-12-04T11:09:00-CME-001,M2M_CATALOG,2020-12-04T11:09Z,,,2020-12-04,4T11,,,,,,,,,,,,,
2020-11-24T13:24:00-CME-001,M2M_CATALOG,2020-11-24T13:24Z,,,2020-11-24,4T13,,,,,,,,,,,,,
2020-11-26T08:24:00-CME-001,M2M_CATALOG,2020-11-26T08:24Z,,,2020-11-26,6T08,,,,,,,,,,,,,
2020-11-26T21:24:00-CME-001,M2M_CATALOG,2020-11-26T21:24Z,N32E90,12787.0,2020-11-26,6T21,,,,,,,,,,,,,
2020-11-27T05:48:00-CME-001,M2M_CATALOG,2020-11-27T05:48Z,,,2020-11-27,7T05,,,,,,,,,,,,,
2020-11-29T13:24:00-CME-001,M2M_CATALOG,2020-11-29T13:24Z,S23E97,,2020-11-29,9T13,,,,,,,,,,,,,
2020-11-19T15:12:00-CME-001,M2M_CATALOG,2020-11-19T15:12Z,,,2020-11-19,9T15,,,,,,,,,,,,,
2020-11-29T15:05:00-CME-001,M2M_CATALOG,2020-11-29T15:05Z,,12783.0,2020-11-29,9T15,,,,,,,,,,,,,
2020-11-30T07:09:00-CME-001,M2M_CATALOG,2020-11-30T07:09Z,,,2020-11-30,0T07,,,,,,,,,,,,,
2020-12-01T05:48:00-CME-001,M2M_CATALOG,2020-12-01T05:48Z,S25E80,12790.0,2020-12-01,1T05,,,,,,,,,,,,,
2020-12-01T07:12:00-CME-001,M2M_CATALOG,2020-12-01T07:12Z,N35E30,12787.0,2020-12-01,1T07,,,,,,,,,,,,,
2020-12-03T11:12:00-CME-001,M2M_CATALOG,2020-12-03T11:12Z,S30E137,,2020-12-03,3T11,,,,,,,,,,,,,
2020-12-04T02:48:00-CME-001,M2M_CATALOG,2020-12-04T02:48Z,,,2020-12-04,4T02,,,,,,,,,,,,,
2020-11-24T11:24:00-CME-001,M2M_CATALOG,2020-11-24T11:24Z,,,2020-11-24,4T11,,,,,,,,,,,,,
2020-12-04T11:09:00-CME-001,M2M_CATALOG,2020-12-04T11:09Z,,,2020-12-04,4T11,,,,,,,,,,,,,
2020-12-06T22:00:00-CME-001,M2M_CATALOG,2020-12-06T22:00Z,,,2020-12-06,6T22,,,,,,,,,,,,,
2020-12-07T16:24:00-CME-001,M2M_CATALOG,2020-12-07T16:24Z,S23W11,12790.0,2020-12-07,7T16,,,,,,,,,,,,,
2020-12-07T18:36:00-CME-001,M2M_CATALOG,2020-12-07T18:36Z,S40W30,,2020-12-07,7T18,,,,,,,,,,,,,
2020-10-31T00:12:00-CME-001,M2M_CATALOG,2020-10-31T00:12Z,,,2020-10-31,1T00,,,,,,,,,,,,,
2020-12-11T00:36:00-CME-001,M2M_CATALOG,2020-12-11T00:36Z,,,2020-12-11,1T00,,,,,,,,,,,,,
2020-11-11T19:36:00-CME-001,M2M_CATALOG,2020-11-11T19:36Z,S22E60,12782.0,2020-11-11,1T19,,,,,,,,,,,,,
2020-11-21T19:36:00-CME-001,M2M_CATALOG,2020-11-21T19:36Z,,,2020-11-21,1T19,,,,,,,,,,,,,
2020-12-11T19:09:00-CME-001,M2M_CATALOG,2020-12-11T19:09Z,,12791.0,2020-12-11,1T19,,,,,,,,,,,,,
2020-12-12T04:12:00-CME-001,M2M_CATALOG,2020-12-12T04:12Z,,,2020-12-12,2T04,,,,,,,,,,,,,
2020-12-13T09:24:00-CME-001,M2M_CATALOG,2020-12-13T09:24Z,,,2020-12-13,3T09,,,,,,,,,,,,,
2020-12-14T15:12:00-CME-001,M2M_CATALOG,2020-12-14T15:12Z,S22E44,12792.0,2020-12-14,4T15,,,,,,,,,,,,,
2020-12-14T21:12:00-CME-001,M2M_CATALOG,2020-12-14T21:12Z,N40E110,,2020-12-14,4T21,,,,,,,,,,,,,
2020-12-17T06:48:00-CME-001,M2M_CATALOG,2020-12-17T06:48Z,,,2020-12-17,7T06,,,,,,,,,,,,,
2020-12-27T00:48:00-CME-001,M2M_CATALOG,2020-12-27T00:48Z,,,2020-12-27,7T00,,,,,,,,,,,,,
2020-12-30T02:24:00-CME-001,M2M_CATALOG,2020-12-30T02:24Z,S20E08,12795.0,2020-12-30,0T02,,,,,,,,,,,,,
2020-10-10T04:24:00-CME-001,M2M_CATALOG,2020-10-10T04:24Z,,,2020-10-10,0T04,,,,,,,,,,,,,
2020-10-13T21:12:00-CME-001,M2M_CATALOG,2020-10-13T21:12Z,S23W37,12775.0,2020-10-13,3T21,,,,,,,,,,,,,
2020-10-14T03:24:00-CME-001,M2M_CATALOG,2020-10-14T03:24Z,,,2020-10-14,4T03,,,,,,,,,,,,,
2020-10-15T11:24:00-CME-001,M2M_CATALOG,2020-10-15T11:24Z,,,2020-10-15,5T11,,,,,,,,,,,,,
2020-10-15T16:36:00-CME-001,M2M_CATALOG,2020-10-15T16:36Z,,,2020-10-15,5T16,,,,,,,,,,,,,
2020-10-16T13:36:00-CME-001,M2M_CATALOG,2020-10-16T13:36Z,,12774.0,2020-10-16,6T13,,,,,,,,,,,,,
2020-10-16T16:03:00-CME-001,M2M_CATALOG,2020-10-16T16:03Z,S23W66,12775.0,2020-10-16,6T16,,,,,,,,,,,,,
2020-10-18T09:24:00-CME-001,M2M_CATALOG,2020-10-18T09:24Z,,,2020-10-18,8T09,,,,,,,,,,,,,
2020-10-22T13:09:00-CME-001,M2M_CATALOG,2020-10-22T13:09Z,,,2020-10-22,2T13,,,,,,,,,,,,,
2020-10-23T04:39:00-CME-001,M2M_CATALOG,2020-10-23T04:39Z,,,2020-10-23,3T04,,,,,,,,,,,,,
2020-10-23T22:35:00-CME-001,M2M_CATALOG,2020-10-23T22:35Z,,,2020-10-23,3T22,6369.0,3d0febe9-3ec3-4ab5-9271-9f3a4b6dd303,Tsingtao,Hop Rod Rye,India Pale Ale,Ultra,5526 - Brettanomyces lambicus,Rye malt,50 IBU,6.8%,18.0°Blg,China,1903.0
2020-10-26T09:12:00-CME-001,M2M_CATALOG,2020-10-26T09:12Z,,,2020-10-26,6T09,,,,,,,,,,,,,
2020-10-26T18:09:00-CME-001,M2M_CATALOG,2020-10-26T18:09Z,,,2020-10-26,6T18,,,,,,,,,,,,,
2020-10-27T03:39:00-CME-001,M2M_CATALOG,2020-10-27T03:39Z,,,2020-10-27,7T03,,,,,,,,,,,,,
2020-10-28T13:42:00-CME-001,M2M_CATALOG,2020-10-28T13:42Z,,,2020-10-28,8T13,,,,,,,,,,,,,
2020-11-18T13:24:00-CME-001,M2M_CATALOG,2020-11-18T13:24Z,,,2020-11-18,8T13,,,,,,,,,,,,,
2020-11-18T13:36:00-CME-001,M2M_CATALOG,2020-11-18T13:36Z,,,2020-11-18,8T13,,,,,,,,,,,,,
2020-10-29T01:54:00-CME-001,M2M_CATALOG,2020-10-29T01:54Z,S19W28,12779.0,2020-10-29,9T01,,,,,,,,,,,,,
2020-10-31T00:12:00-CME-001,M2M_CATALOG,2020-10-31T00:12Z,,,2020-10-31,1T00,,,,,,,,,,,,,
2020-12-11T00:36:00-CME-001,M2M_CATALOG,2020-12-11T00:36Z,,,2020-12-11,1T00,,,,,,,,,,,,,
2020-11-01T20:00:00-CME-001,M2M_CATALOG,2020-11-01T20:00Z,,,2020-11-01,1T20,,,,,,,,,,,,,
2020-11-02T05:24:00-CME-001,M2M_CATALOG,2020-11-02T05:24Z,,,2020-11-02,2T05,,,,,,,,,,,,,
2020-11-07T13:24:00-CME-001,M2M_CATALOG,2020-11-07T13:24Z,N19W01,12780.0,2020-11-07,7T13,,,,,,,,,,,,,
2020-11-08T20:12:00-CME-001,M2M_CATALOG,2020-11-08T20:12Z,,,2020-11-08,8T20,,,,,,,,,,,,,
2020-11-11T19:36:00-CME-001,M2M_CATALOG,2020-11-11T19:36Z,S22E60,12782.0,2020-11-11,1T19,,,,,,,,,,,,,
2020-11-21T19:36:00-CME-001,M2M_CATALOG,2020-11-21T19:36Z,,,2020-11-21,1T19,,,,,,,,,,,,,
2020-12-11T19:09:00-CME-001,M2M_CATALOG,2020-12-11T19:09Z,,12791.0,2020-12-11,1T19,,,,,,,,,,,,,
2020-11-12T02:24:00-CME-001,M2M_CATALOG,2020-11-12T02:24Z,,,2020-11-12,2T02,,,,,,,,,,,,,
2020-11-13T12:24:00-CME-001,M2M_CATALOG,2020-11-13T12:24Z,,,2020-11-13,3T12,,,,,,,,,,,,,
2020-11-17T08:36:00-CME-001,M2M_CATALOG,2020-11-17T08:36Z,,,2020-11-17,7T08,,,,,,,,,,,,,
2020-11-17T19:00:00-CME-001,M2M_CATALOG,2020-11-17T19:00Z,,,2020-11-17,7T19,,,,,,,,,,,,,
2020-10-28T13:42:00-CME-001,M2M_CATALOG,2020-10-28T13:42Z,,,2020-10-28,8T13,,,,,,,,,,,,,
2020-11-18T13:24:00-CME-001,M2M_CATALOG,2020-11-18T13:24Z,,,2020-11-18,8T13,,,,,,,,,,,,,
2020-11-18T13:36:00-CME-001,M2M_CATALOG,2020-11-18T13:36Z,,,2020-11-18,8T13,,,,,,,,,,,,,
2020-10-28T13:42:00-CME-001,M2M_CATALOG,2020-10-28T13:42Z,,,2020-10-28,8T13,,,,,,,,,,,,,
2020-11-18T13:24:00-CME-001,M2M_CATALOG,2020-11-18T13:24Z,,,2020-11-18,8T13,,,,,,,,,,,,,
2020-11-18T13:36:00-CME-001,M2M_CATALOG,2020-11-18T13:36Z,,,2020-11-18,8T13,,,,,,,,,,,,,
2020-11-18T21:48:00-CME-001,M2M_CATALOG,2020-11-18T21:48Z,S20E138,,2020-11-18,8T21,,,,,,,,,,,,,
2020-11-19T02:54:00-CME-001,M2M_CATALOG,2020-11-19T02:54Z,,,2020-11-19,9T02,,,,,,,,,,,,,
2020-11-19T03:12:00-CME-001,M2M_CATALOG,2020-11-19T03:12Z,N30E40,,2020-11-19,9T03,,,,,,,,,,,,,
2020-11-19T06:48:00-CME-001,M2M_CATALOG,2020-11-19T06:48Z,S23E49,,2020-11-19,9T06,,,,,,,,,,,,,
2020-11-19T15:12:00-CME-001,M2M_CATALOG,2020-11-19T15:12Z,,,2020-11-19,9T15,,,,,,,,,,,,,
2020-11-29T15:05:00-CME-001,M2M_CATALOG,2020-11-29T15:05Z,,12783.0,2020-11-29,9T15,,,,,,,,,,,,,
2020-11-20T19:51:00-CME-001,M2M_CATALOG,2020-11-20T19:51Z,,12783.0,2020-11-20,0T19,,,,,,,,,,,,,
2020-10-10T04:24:00-CME-001,M2M_CATALOG,2020-10-10T04:24Z,,,2020-10-10,0T04,,,,,,,,,,,,,
2020-10-13T21:12:00-CME-001,M2M_CATALOG,2020-10-13T21:12Z,S23W37,12775.0,2020-10-13,3T21,,,,,,,,,,,,,
2020-10-14T03:24:00-CME-001,M2M_CATALOG,2020-10-14T03:24Z,,,2020-10-14,4T03,,,,,,,,,,,,,
2020-10-15T11:24:00-CME-001,M2M_CATALOG,2020-10-15T11:24Z,,,2020-10-15,5T11,,,,,,,,,,,,,
2020-10-15T16:36:00-CME-001,M2M_CATALOG,2020-10-15T16:36Z,,,2020-10-15,5T16,,,,,,,,,,,,,
2020-10-16T13:36:00-CME-001,M2M_CATALOG,2020-10-16T13:36Z,,12774.0,2020-10-16,6T13,,,,,,,,,,,,,
2020-10-16T16:03:00-CME-001,M2M_CATALOG,2020-10-16T16:03Z,S23W66,12775.0,2020-10-16,6T16,,,,,,,,,,,,,
2020-10-18T09:24:00-CME-001,M2M_CATALOG,2020-10-18T09:24Z,,,2020-10-18,8T09,,,,,,,,,,,,,
2020-10-22T13:09:00-CME-001,M2M_CATALOG,2020-10-22T13:09Z,,,2020-10-22,2T13,,,,,,,,,,,,,
2020-10-23T04:39:00-CME-001,M2M_CATALOG,2020-10-23T04:39Z,,,2020-10-23,3T04,,,,,,,,,,,,,
2020-10-23T22:35:00-CME-001,M2M_CATALOG,2020-10-23T22:35Z,,,2020-10-23,3T22,,,,,,,,,,,,,
2020-10-26T09:12:00-CME-001,M2M_CATALOG,2020-10-26T09:12Z,,,2020-10-26,6T09,,,,,,,,,,,,,
2020-10-26T18:09:00-CME-001,M2M_CATALOG,2020-10-26T18:09Z,,,2020-10-26,6T18,,,,,,,,,,,,,
2020-10-27T03:39:00-CME-001,M2M_CATALOG,2020-10-27T03:39Z,,,2020-10-27,7T03,,,,,,,,,,,,,
2020-10-28T13:42:00-CME-001,M2M_CATALOG,2020-10-28T13:42Z,,,2020-10-28,8T13,,,,,,,,,,,,,
2020-11-18T13:24:00-CME-001,M2M_CATALOG,2020-11-18T13:24Z,,,2020-11-18,8T13,,,,,,,,,,,,,
2020-11-18T13:36:00-CME-001,M2M_CATALOG,2020-11-18T13:36Z,,,2020-11-18,8T13,,,,,,,,,,,,,
2020-10-29T01:54:00-CME-001,M2M_CATALOG,2020-10-29T01:54Z,S19W28,12779.0,2020-10-29,9T01,,,,,,,,,,,,,
2020-10-31T00:12:00-CME-001,M2M_CATALOG,2020-10-31T00:12Z,,,2020-10-31,1T00,,,,,,,,,,,,,
2020-12-11T00:36:00-CME-001,M2M_CATALOG,2020-12-11T00:36Z,,,2020-12-11,1T00,,,,,,,,,,,,,
2020-11-01T20:00:00-CME-001,M2M_CATALOG,2020-11-01T20:00Z,,,2020-11-01,1T20,,,,,,,,,,,,,
2020-11-02T05:24:00-CME-001,M2M_CATALOG,2020-11-02T05:24Z,,,2020-11-02,2T05,,,,,,,,,,,,,
2020-11-07T13:24:00-CME-001,M2M_CATALOG,2020-11-07T13:24Z,N19W01,12780.0,2020-11-07,7T13,,,,,,,,,,,,,
2020-11-08T20:12:00-CME-001,M2M_CATALOG,2020-11-08T20:12Z,,,2020-11-08,8T20,,,,,,,,,,,,,
2020-11-11T19:36:00-CME-001,M2M_CATALOG,2020-11-11T19:36Z,S22E60,12782.0,2020-11-11,1T19,,,,,,,,,,,,,
2020-11-21T19:36:00-CME-001,M2M_CATALOG,2020-11-21T19:36Z,,,2020-11-21,1T19,,,,,,,,,,,,,
2020-12-11T19:09:00-CME-001,M2M_CATALOG,2020-12-11T19:09Z,,12791.0,2020-12-11,1T19,,,,,,,,,,,,,
2020-11-12T02:24:00-CME-001,M2M_CATALOG,2020-11-12T02:24Z,,,2020-11-12,2T02,,,,,,,,,,,,,
2020-11-13T12:24:00-CME-001,M2M_CATALOG,2020-11-13T12:24Z,,,2020-11-13,3T12,,,,,,,,,,,,,
2020-11-17T08:36:00-CME-001,M2M_CATALOG,2020-11-17T08:36Z,,,2020-11-17,7T08,,,,,,,,,,,,,
2020-11-17T19:00:00-CME-001,M2M_CATALOG,2020-11-17T19:00Z,,,2020-11-17,7T19,,,,,,,,,,,,,
2020-10-28T13:42:00-CME-001,M2M_CATALOG,2020-10-28T13:42Z,,,2020-10-28,8T13,,,,,,,,,,,,,
2020-11-18T13:24:00-CME-001,M2M_CATALOG,2020-11-18T13:24Z,,,2020-11-18,8T13,,,,,,,,,,,,,
2020-11-18T13:36:00-CME-001,M2M_CATALOG,2020-11-18T13:36Z,,,2020-11-18,8T13,,,,,,,,,,,,,
2020-10-28T13:42:00-CME-001,M2M_CATALOG,2020-10-28T13:42Z,,,2020-10-28,8T13,,,,,,,,,,,,,
2020-11-18T13:24:00-CME-001,M2M_CATALOG,2020-11-18T13:24Z,,,2020-11-18,8T13,,,,,,,,,,,,,
2020-11-18T13:36:00-CME-001,M2M_CATALOG,2020-11-18T13:36Z,,,2020-11-18,8T13,,,,,,,,,,,,,
2020-11-18T21:48:00-CME-001,M2M_CATALOG,2020-11-18T21:48Z,S20E138,,2020-11-18,8T21,,,,,,,,,,,,,
2020-11-19T02:54:00-CME-001,M2M_CATALOG,2020-11-19T02:54Z,,,2020-11-19,9T02,,,,,,,,,,,,,
2020-11-19T03:12:00-CME-001,M2M_CATALOG,2020-11-19T03:12Z,N30E40,,2020-11-19,9T03,,,,,,,,,,,,,
2020-11-19T06:48:00-CME-001,M2M_CATALOG,2020-11-19T06:48Z,S23E49,,2020-11-19,9T06,,,,,,,,,,,,,
2020-11-19T15:12:00-CME-001,M2M_CATALOG,2020-11-19T15:12Z,,,2020-11-19,9T15,,,,,,,,,,,,,
2020-11-29T15:05:00-CME-001,M2M_CATALOG,2020-11-29T15:05Z,,12783.0,2020-11-29,9T15,,,,,,,,,,,,,
2020-11-20T19:51:00-CME-001,M2M_CATALOG,2020-11-20T19:51Z,,12783.0,2020-11-20,0T19,,,,,,,,,,,,,
2020-11-20T21:12:00-CME-001,M2M_CATALOG,2020-11-20T21:12Z,,,2020-11-20,0T21,,,,,,,,,,,,,
2020-11-11T19:36:00-CME-001,M2M_CATALOG,2020-11-11T19:36Z,S22E60,12782.0,2020-11-11,1T19,,,,,,,,,,,,,
2020-11-21T19:36:00-CME-001,M2M_CATALOG,2020-11-21T19:36Z,,,2020-11-21,1T19,,,,,,,,,,,,,
2020-12-11T19:09:00-CME-001,M2M_CATALOG,2020-12-11T19:09Z,,12791.0,2020-12-11,1T19,,,,,,,,,,,,,
2020-11-21T23:12:00-CME-001,M2M_CATALOG,2020-11-21T23:12Z,,,2020-11-21,1T23,,,,,,,,,,,,,
2020-11-22T01:36:00-CME-001,M2M_CATALOG,2020-11-22T01:36Z,,,2020-11-22,2T01,,,,,,,,,,,,,
2020-11-23T18:48:00-CME-001,M2M_CATALOG,2020-11-23T18:48Z,,,2020-11-23,3T18,,,,,,,,,,,,,
2020-11-24T04:36:00-CME-001,M2M_CATALOG,2020-11-24T04:36Z,S20E65,12785.0,2020-11-24,4T04,,,,,,,,,,,,,
2020-11-24T11:24:00-CME-001,M2M_CATALOG,2020-11-24T11:24Z,,,2020-11-24,4T11,,,,,,,,,,,,,
2020-12-04T11:09:00-CME-001,M2M_CATALOG,2020-12-04T11:09Z,,,2020-12-04,4T11,,,,,,,,,,,,,
2020-11-24T13:24:00-CME-001,M2M_CATALOG,2020-11-24T13:24Z,,,2020-11-24,4T13,,,,,,,,,,,,,
2020-11-26T08:24:00-CME-001,M2M_CATALOG,2020-11-26T08:24Z,,,2020-11-26,6T08,,,,,,,,,,,,,
2020-11-26T21:24:00-CME-001,M2M_CATALOG,2020-11-26T21:24Z,N32E90,12787.0,2020-11-26,6T21,,,,,,,,,,,,,
2020-11-27T05:48:00-CME-001,M2M_CATALOG,2020-11-27T05:48Z,,,2020-11-27,7T05,,,,,,,,,,,,,
2020-11-29T13:24:00-CME-001,M2M_CATALOG,2020-11-29T13:24Z,S23E97,,2020-11-29,9T13,,,,,,,,,,,,,
2020-11-19T15:12:00-CME-001,M2M_CATALOG,2020-11-19T15:12Z,,,2020-11-19,9T15,,,,,,,,,,,,,
2020-11-29T15:05:00-CME-001,M2M_CATALOG,2020-11-29T15:05Z,,12783.0,2020-11-29,9T15,,,,,,,,,,,,,
2020-11-30T07:09:00-CME-001,M2M_CATALOG,2020-11-30T07:09Z,,,2020-11-30,0T07,,,,,,,,,,,,,
2020-12-01T05:48:00-CME-001,M2M_CATALOG,2020-12-01T05:48Z,S25E80,12790.0,2020-12-01,1T05,,,,,,,,,,,,,
2020-12-01T07:12:00-CME-001,M2M_CATALOG,2020-12-01T07:12Z,N35E30,12787.0,2020-12-01,1T07,,,,,,,,,,,,,
2020-12-03T11:12:00-CME-001,M2M_CATALOG,2020-12-03T11:12Z,S30E137,,2020-12-03,3T11,,,,,,,,,,,,,
2020-12-04T02:48:00-CME-001,M2M_CATALOG,2020-12-04T02:48Z,,,2020-12-04,4T02,,,,,,,,,,,,,
2020-11-24T11:24:00-CME-001,M2M_CATALOG,2020-11-24T11:24Z,,,2020-11-24,4T11,,,,,,,,,,,,,
2020-12-04T11:09:00-CME-001,M2M_CATALOG,2020-12-04T11:09Z,,,2020-12-04,4T11,,,,,,,,,,,,,
2020-12-06T22:00:00-CME-001,M2M_CATALOG,2020-12-06T22:00Z,,,2020-12-06,6T22,,,,,,,,,,,,,
2020-12-07T16:24:00-CME-001,M2M_CATALOG,2020-12-07T16:24Z,S23W11,12790.0,2020-12-07,7T16,,,,,,,,,,,,,
2020-12-07T18:36:00-CME-001,M2M_CATALOG,2020-12-07T18:36Z,S40W30,,2020-12-07,7T18,6448.0,975a73af-8136-4b65-bde7-697872033cb8,Patagonia,Maudite,Stout,Crystal,2308 - Munich Lager,Victory,24 IBU,9.3%,15.9°Blg,Argentina,2015.0
2020-10-31T00:12:00-CME-001,M2M_CATALOG,2020-10-31T00:12Z,,,2020-10-31,1T00,,,,,,,,,,,,,
2020-12-11T00:36:00-CME-001,M2M_CATALOG,2020-12-11T00:36Z,,,2020-12-11,1T00,,,,,,,,,,,,,
2020-11-11T19:36:00-CME-001,M2M_CATALOG,2020-11-11T19:36Z,S22E60,12782.0,2020-11-11,1T19,,,,,,,,,,,,,
2020-11-21T19:36:00-CME-001,M2M_CATALOG,2020-11-21T19:36Z,,,2020-11-21,1T19,,,,,,,,,,,,,
2020-12-11T19:09:00-CME-001,M2M_CATALOG,2020-12-11T19:09Z,,12791.0,2020-12-11,1T19,,,,,,,,,,,,,
2020-12-12T04:12:00-CME-001,M2M_CATALOG,2020-12-12T04:12Z,,,2020-12-12,2T04,,,,,,,,,,,,,
2020-12-13T09:24:00-CME-001,M2M_CATALOG,2020-12-13T09:24Z,,,2020-12-13,3T09,,,,,,,,,,,,,
2020-12-14T15:12:00-CME-001,M2M_CATALOG,2020-12-14T15:12Z,S22E44,12792.0,2020-12-14,4T15,,,,,,,,,,,,,
2020-12-14T21:12:00-CME-001,M2M_CATALOG,2020-12-14T21:12Z,N40E110,,2020-12-14,4T21,,,,,,,,,,,,,
2020-12-17T06:48:00-CME-001,M2M_CATALOG,2020-12-17T06:48Z,,,2020-12-17,7T06,,,,,,,,,,,,,
2020-12-27T00:48:00-CME-001,M2M_CATALOG,2020-12-27T00:48Z,,,2020-12-27,7T00,,,,,,,,,,,,,
2020-12-30T02:24:00-CME-001,M2M_CATALOG,2020-12-30T02:24Z,S20E08,12795.0,2020-12-30,0T02,,,,,,,,,,,,,
2020-10-10T04:24:00-CME-001,M2M_CATALOG,2020-10-10T04:24Z,,,2020-10-10,0T04,,,,,,,,,,,,,
2020-10-13T21:12:00-CME-001,M2M_CATALOG,2020-10-13T21:12Z,S23W37,12775.0,2020-10-13,3T21,,,,,,,,,,,,,
2020-10-14T03:24:00-CME-001,M2M_CATALOG,2020-10-14T03:24Z,,,2020-10-14,4T03,,,,,,,,,,,,,
2020-10-15T11:24:00-CME-001,M2M_CATALOG,2020-10-15T11:24Z,,,2020-10-15,5T11,,,,,,,,,,,,,
2020-10-15T16:36:00-CME-001,M2M_CATALOG,2020-10-15T16:36Z,,,2020-10-15,5T16,,,,,,,,,,,,,
2020-10-16T13:36:00-CME-001,M2M_CATALOG,2020-10-16T13:36Z,,12774.0,2020-10-16,6T13,6463.0,692b4f75-ee18-4b80-b86b-00ad8d0910b2,Murphys,Hercules Double IPA,Strong Ale,Cluster,3056 - Bavarian Wheat Blend,Chocolate,21 IBU,7.0%,10.3°Blg,Irlanda,1856.0
2020-10-16T16:03:00-CME-001,M2M_CATALOG,2020-10-16T16:03Z,S23W66,12775.0,2020-10-16,6T16,,,,,,,,,,,,,
2020-10-18T09:24:00-CME-001,M2M_CATALOG,2020-10-18T09:24Z,,,2020-10-18,8T09,,,,,,,,,,,,,
2020-10-22T13:09:00-CME-001,M2M_CATALOG,2020-10-22T13:09Z,,,2020-10-22,2T13,,,,,,,,,,,,,
2020-10-23T04:39:00-CME-001,M2M_CATALOG,2020-10-23T04:39Z,,,2020-10-23,3T04,,,,,,,,,,,,,
2020-10-23T22:35:00-CME-001,M2M_CATALOG,2020-10-23T22:35Z,,,2020-10-23,3T22,,,,,,,,,,,,,
2020-10-26T09:12:00-CME-001,M2M_CATALOG,2020-10-26T09:12Z,,,2020-10-26,6T09,,,,,,,,,,,,,
2020-10-26T18:09:00-CME-001,M2M_CATALOG,2020-10-26T18:09Z,,,2020-10-26,6T18,,,,,,,,,,,,,
2020-10-27T03:39:00-CME-001,M2M_CATALOG,2020-10-27T03:39Z,,,2020-10-27,7T03,,,,,,,,,,,,,
2020-10-28T13:42:00-CME-001,M2M_CATALOG,2020-10-28T13:42Z,,,2020-10-28,8T13,,,,,,,,,,,,,
2020-11-18T13:24:00-CME-001,M2M_CATALOG,2020-11-18T13:24Z,,,2020-11-18,8T13,,,,,,,,,,,,,
2020-11-18T13:36:00-CME-001,M2M_CATALOG,2020-11-18T13:36Z,,,2020-11-18,8T13,,,,,,,,,,,,,
2020-10-29T01:54:00-CME-001,M2M_CATALOG,2020-10-29T01:54Z,S19W28,12779.0,2020-10-29,9T01,,,,,,,,,,,,,
2020-10-31T00:12:00-CME-001,M2M_CATALOG,2020-10-31T00:12Z,,,2020-10-31,1T00,,,,,,,,,,,,,
2020-12-11T00:36:00-CME-001,M2M_CATALOG,2020-12-11T00:36Z,,,2020-12-11,1T00,,,,,,,,,,,,,
2020-11-01T20:00:00-CME-001,M2M_CATALOG,2020-11-01T20:00Z,,,2020-11-01,1T20,,,,,,,,,,,,,
2020-11-02T05:24:00-CME-001,M2M_CATALOG,2020-11-02T05:24Z,,,2020-11-02,2T05,,,,,,,,,,,,,
2020-11-07T13:24:00-CME-001,M2M_CATALOG,2020-11-07T13:24Z,N19W01,12780.0,2020-11-07,7T13,,,,,,,,,,,,,
2020-11-08T20:12:00-CME-001,M2M_CATALOG,2020-11-08T20:12Z,,,2020-11-08,8T20,,,,,,,,,,,,,
2020-11-11T19:36:00-CME-001,M2M_CATALOG,2020-11-11T19:36Z,S22E60,12782.0,2020-11-11,1T19,,,,,,,,,,,,,
2020-11-21T19:36:00-CME-001,M2M_CATALOG,2020-11-21T19:36Z,,,2020-11-21,1T19,,,,,,,,,,,,,
2020-12-11T19:09:00-CME-001,M2M_CATALOG,2020-12-11T19:09Z,,12791.0,2020-12-11,1T19,,,,,,,,,,,,,
2020-11-12T02:24:00-CME-001,M2M_CATALOG,2020-11-12T02:24Z,,,2020-11-12,2T02,,,,,,,,,,,,,
2020-11-13T12:24:00-CME-001,M2M_CATALOG,2020-11-13T12:24Z,,,2020-11-13,3T12,,,,,,,,,,,,,
2020-11-17T08:36:00-CME-001,M2M_CATALOG,2020-11-17T08:36Z,,,2020-11-17,7T08,,,,,,,,,,,,,
2020-11-17T19:00:00-CME-001,M2M_CATALOG,2020-11-17T19:00Z,,,2020-11-17,7T19,,,,,,,,,,,,,
2020-10-28T13:42:00-CME-001,M2M_CATALOG,2020-10-28T13:42Z,,,2020-10-28,8T13,,,,,,,,,,,,,
2020-11-18T13:24:00-CME-001,M2M_CATALOG,2020-11-18T13:24Z,,,2020-11-18,8T13,,,,,,,,,,,,,
2020-11-18T13:36:00-CME-001,M2M_CATALOG,2020-11-18T13:36Z,,,2020-11-18,8T13,,,,,,,,,,,,,
2020-10-28T13:42:00-CME-001,M2M_CATALOG,2020-10-28T13:42Z,,,2020-10-28,8T13,,,,,,,,,,,,,
2020-11-18T13:24:00-CME-001,M2M_CATALOG,2020-11-18T13:24Z,,,2020-11-18,8T13,,,,,,,,,,,,,
2020-11-18T13:36:00-CME-001,M2M_CATALOG,2020-11-18T13:36Z,,,2020-11-18,8T13,,,,,,,,,,,,,
2020-11-18T21:48:00-CME-001,M2M_CATALOG,2020-11-18T21:48Z,S20E138,,2020-11-18,8T21,,,,,,,,,,,,,
2020-11-19T02:54:00-CME-001,M2M_CATALOG,2020-11-19T02:54Z,,,2020-11-19,9T02,,,,,,,,,,,,,
2020-11-19T03:12:00-CME-001,M2M_CATALOG,2020-11-19T03:12Z,N30E40,,2020-11-19,9T03,,,,,,,,,,,,,
2020-11-19T06:48:00-CME-001,M2M_CATALOG,2020-11-19T06:48Z,S23E49,,2020-11-19,9T06,,,,,,,,,,,,,
2020-11-19T15:12:00-CME-001,M2M_CATALOG,2020-11-19T15:12Z,,,2020-11-19,9T15,,,,,,,,,,,,,
2020-11-29T15:05:00-CME-001,M2M_CATALOG,2020-11-29T15:05Z,,12783.0,2020-11-29,9T15,,,,,,,,,,,,,
2020-10-10T04:24:00-CME-001,M2M_CATALOG,2020-10-10T04:24Z,,,2020-10-10,0T04,,,,,,,,,,,,,
2020-10-13T21:12:00-CME-001,M2M_CATALOG,2020-10-13T21:12Z,S23W37,12775.0,2020-10-13,3T21,,,,,,,,,,,,,
2020-10-14T03:24:00-CME-001,M2M_CATALOG,2020-10-14T03:24Z,,,2020-10-14,4T03,,,,,,,,,,,,,
2020-10-15T11:24:00-CME-001,M2M_CATALOG,2020-10-15T11:24Z,,,2020-10-15,5T11,,,,,,,,,,,,,
2020-10-15T16:36:00-CME-001,M2M_CATALOG,2020-10-15T16:36Z,,,2020-10-15,5T16,,,,,,,,,,,,,
2020-10-16T13:36:00-CME-001,M2M_CATALOG,2020-10-16T13:36Z,,12774.0,2020-10-16,6T13,,,,,,,,,,,,,
2020-10-16T16:03:00-CME-001,M2M_CATALOG,2020-10-16T16:03Z,S23W66,12775.0,2020-10-16,6T16,,,,,,,,,,,,,
2020-10-18T09:24:00-CME-001,M2M_CATALOG,2020-10-18T09:24Z,,,2020-10-18,8T09,,,,,,,,,,,,,
2020-10-22T13:09:00-CME-001,M2M_CATALOG,2020-10-22T13:09Z,,,2020-10-22,2T13,,,,,,,,,,,,,
2020-11-02T05:24:00-CME-001,M2M_CATALOG,2020-11-02T05:24Z,,,2020-11-02,2T05,,,,,,,,,,,,,
2020-11-07T13:24:00-CME-001,M2M_CATALOG,2020-11-07T13:24Z,N19W01,12780.0,2020-11-07,7T13,,,,,,,,,,,,,
2020-11-08T20:12:00-CME-001,M2M_CATALOG,2020-11-08T20:12Z,,,2020-11-08,8T20,,,,,,,,,,,,,
2020-11-11T19:36:00-CME-001,M2M_CATALOG,2020-11-11T19:36Z,S22E60,12782.0,2020-11-11,1T19,,,,,,,,,,,,,
2020-11-21T19:36:00-CME-001,M2M_CATALOG,2020-11-21T19:36Z,,,2020-11-21,1T19,,,,,,,,,,,,,
2020-12-11T19:09:00-CME-001,M2M_CATALOG,2020-12-11T19:09Z,,12791.0,2020-12-11,1T19,,,,,,,,,,,,,
2020-11-12T02:24:00-CME-001,M2M_CATALOG,2020-11-12T02:24Z,,,2020-11-12,2T02,,,,,,,,,,,,,
2020-11-13T12:24:00-CME-001,M2M_CATALOG,2020-11-13T12:24Z,,,2020-11-13,3T12,,,,,,,,,,,,,
2020-11-17T08:36:00-CME-001,M2M_CATALOG,2020-11-17T08:36Z,,,2020-11-17,7T08,,,,,,,,,,,,,
2020-11-17T19:00:00-CME-001,M2M_CATALOG,2020-11-17T19:00Z,,,2020-11-17,7T19,,,,,,,,,,,,,
2020-11-18T21:48:00-CME-001,M2M_CATALOG,2020-11-18T21:48Z,S20E138,,2020-11-18,8T21,,,,,,,,,,,,,
2020-11-19T02:54:00-CME-001,M2M_CATALOG,2020-11-19T02:54Z,,,2020-11-19,9T02,,,,,,,,,,,,,
2020-11-27T05:48:00-CME-001,M2M_CATALOG,2020-11-27T05:48Z,,,2020-11-27,7T05,,,,,,,,,,,,,
2020-11-29T13:24:00-CME-001,M2M_CATALOG,2020-11-29T13:24Z,S23E97,,2020-11-29,9T13,,,,,,,,,,,,,
2020-11-30T07:09:00-CME-001,M2M_CATALOG,2020-11-30T07:09Z,,,2020-11-30,0T07,,,,,,,,,,,,,
2020-12-01T05:48:00-CME-001,M2M_CATALOG,2020-12-01T05:48Z,S25E80,12790.0,2020-12-01,1T05,,,,,,,,,,,,,
2020-12-01T07:12:00-CME-001,M2M_CATALOG,2020-12-01T07:12Z,N35E30,12787.0,2020-12-01,1T07,,,,,,,,,,,,,
2020-12-03T11:12:00-CME-001,M2M_CATALOG,2020-12-03T11:12Z,S30E137,,2020-12-03,3T11,,,,,,,,,,,,,
2020-12-04T02:48:00-CME-001,M2M_CATALOG,2020-12-04T02:48Z,,,2020-12-04,4T02,,,,,,,,,,,,,
2020-12-06T22:00:00-CME-001,M2M_CATALOG,2020-12-06T22:00Z,,,2020-12-06,6T22,,,,,,,,,,,,,
2020-12-07T16:24:00-CME-001,M2M_CATALOG,2020-12-07T16:24Z,S23W11,12790.0,2020-12-07,7T16,,,,,,,,,,,,,
2020-12-07T18:36:00-CME-001,M2M_CATALOG,2020-12-07T18:36Z,S40W30,,2020-12-07,7T18,,,,,,,,,,,,,
2020-12-17T06:48:00-CME-001,M2M_CATALOG,2020-12-17T06:48Z,,,2020-12-17,7T06,,,,,,,,,,,,,
2020-12-27T00:48:00-CME-001,M2M_CATALOG,2020-12-27T00:48Z,,,2020-12-27,7T00,,,,,,,,,,,,,
2020-12-30T02:24:00-CME-001,M2M_CATALOG,2020-12-30T02:24Z,S20E08,12795.0,2020-12-30,0T02,,,,,,,,,,,,,
2020-10-10T04:24:00-CME-001,M2M_CATALOG,2020-10-10T04:24Z,,,2020-10-10,0T04,,,,,,,,,,,,,
2020-10-13T21:12:00-CME-001,M2M_CATALOG,2020-10-13T21:12Z,S23W37,12775.0,2020-10-13,3T21,,,,,,,,,,,,,
2020-10-14T03:24:00-CME-001,M2M_CATALOG,2020-10-14T03:24Z,,,2020-10-14,4T03,,,,,,,,,,,,,
2020-10-15T11:24:00-CME-001,M2M_CATALOG,2020-10-15T11:24Z,,,2020-10-15,5T11,,,,,,,,,,,,,
2020-10-15T16:36:00-CME-001,M2M_CATALOG,2020-10-15T16:36Z,,,2020-10-15,5T16,,,,,,,,,,,,,
2020-10-16T13:36:00-CME-001,M2M_CATALOG,2020-10-16T13:36Z,,12774.0,2020-10-16,6T13,,,,,,,,,,,,,
2020-10-16T16:03:00-CME-001,M2M_CATALOG,2020-10-16T16:03Z,S23W66,12775.0,2020-10-16,6T16,,,,,,,,,,,,,
2020-10-18T09:24:00-CME-001,M2M_CATALOG,2020-10-18T09:24Z,,,2020-10-18,8T09,,,,,,,,,,,,,
2020-10-22T13:09:00-CME-001,M2M_CATALOG,2020-10-22T13:09Z,,,2020-10-22,2T13,,,,,,,,,,,,,
2020-11-02T05:24:00-CME-001,M2M_CATALOG,2020-11-02T05:24Z,,,2020-11-02,2T05,,,,,,,,,,,,,
2020-11-07T13:24:00-CME-001,M2M_CATALOG,2020-11-07T13:24Z,N19W01,12780.0,2020-11-07,7T13,,,,,,,,,,,,,
2020-11-08T20:12:00-CME-001,M2M_CATALOG,2020-11-08T20:12Z,,,2020-11-08,8T20,,,,,,,,,,,,,
2020-11-11T19:36:00-CME-001,M2M_CATALOG,2020-11-11T19:36Z,S22E60,12782.0,2020-11-11,1T19,,,,,,,,,,,,,
2020-11-21T19:36:00-CME-001,M2M_CATALOG,2020-11-21T19:36Z,,,2020-11-21,1T19,,,,,,,,,,,,,
2020-12-11T19:09:00-CME-001,M2M_CATALOG,2020-12-11T19:09Z,,12791.0,2020-12-11,1T19,,,,,,,,,,,,,
2020-11-12T02:24:00-CME-001,M2M_CATALOG,2020-11-12T02:24Z,,,2020-11-12,2T02,,,,,,,,,,,,,
2020-11-13T12:24:00-CME-001,M2M_CATALOG,2020-11-13T12:24Z,,,2020-11-13,3T12,,,,,,,,,,,,,
2020-11-17T08:36:00-CME-001,M2M_CATALOG,2020-11-17T08:36Z,,,2020-11-17,7T08,,,,,,,,,,,,,
2020-11-17T19:00:00-CME-001,M2M_CATALOG,2020-11-17T19:00Z,,,2020-11-17,7T19,,,,,,,,,,,,,
2020-11-18T21:48:00-CME-001,M2M_CATALOG,2020-11-18T21:48Z,S20E138,,2020-11-18,8T21,,,,,,,,,,,,,
2020-11-19T02:54:00-CME-001,M2M_CATALOG,2020-11-19T02:54Z,,,2020-11-19,9T02,,,,,,,,,,,,,
2020-11-27T05:48:00-CME-001,M2M_CATALOG,2020-11-27T05:48Z,,,2020-11-27,7T05,,,,,,,,,,,,,
2020-11-29T13:24:00-CME-001,M2M_CATALOG,2020-11-29T13:24Z,S23E97,,2020-11-29,9T13,,,,,,,,,,,,,
2020-11-30T07:09:00-CME-001,M2M_CATALOG,2020-11-30T07:09Z,,,2020-11-30,0T07,,,,,,,,,,,,,
2020-12-01T05:48:00-CME-001,M2M_CATALOG,2020-12-01T05:48Z,S25E80,12790.0,2020-12-01,1T05,,,,,,,,,,,,,
2020-12-01T07:12:00-CME-001,M2M_CATALOG,2020-12-01T07:12Z,N35E30,12787.0,2020-12-01,1T07,,,,,,,,,,,,,
2020-12-03T11:12:00-CME-001,M2M_CATALOG,2020-12-03T11:12Z,S30E137,,2020-12-03,3T11,,,,,,,,,,,,,
2020-12-04T02:48:00-CME-001,M2M_CATALOG,2020-12-04T02:48Z,,,2020-12-04,4T02,,,,,,,,,,,,,
2020-12-06T22:00:00-CME-001,M2M_CATALOG,2020-12-06T22:00Z,,,2020-12-06,6T22,,,,,,,,,,,,,
2020-12-07T16:24:00-CME-001,M2M_CATALOG,2020-12-07T16:24Z,S23W11,12790.0,2020-12-07,7T16,,,,,,,,,,,,,
2020-12-07T18:36:00-CME-001,M2M_CATALOG,2020-12-07T18:36Z,S40W30,,2020-12-07,7T18,,,,,,,,,,,,,
2020-12-17T06:48:00-CME-001,M2M_CATALOG,2020-12-17T06:48Z,,,2020-12-17,7T06,,,,,,,,,,,,,
2020-12-27T00:48:00-CME-001,M2M_CATALOG,2020-12-27T00:48Z,,,2020-12-27,7T00,,,,,,,,,,,,,
2020-12-30T02:24:00-CME-001,M2M_CATALOG,2020-12-30T02:24Z,S20E08,12795.0,2020-12-30,0T02,,,,,,,,,,,,,
2020-10-10T04:24:00-CME-001,M2M_CATALOG,2020-10-10T04:24Z,,,2020-10-10,0T04,,,,,,,,,,,,,
2020-10-13T21:12:00-CME-001,M2M_CATALOG,2020-10-13T21:12Z,S23W37,12775.0,2020-10-13,3T21,,,,,,,,,,,,,
2020-10-14T03:24:00-CME-001,M2M_CATALOG,2020-10-14T03:24Z,,,2020-10-14,4T03,,,,,,,,,,,,,
2020-10-15T11:24:00-CME-001,M2M_CATALOG,2020-10-15T11:24Z,,,2020-10-15,5T11,,,,,,,,,,,,,
2020-10-15T16:36:00-CME-001,M2M_CATALOG,2020-10-15T16:36Z,,,2020-10-15,5T16,,,,,,,,,,,,,
2020-10-16T13:36:00-CME-001,M2M_CATALOG,2020-10-16T13:36Z,,12774.0,2020-10-16,6T13,,,,,,,,,,,,,
2020-10-16T16:03:00-CME-001,M2M_CATALOG,2020-10-16T16:03Z,S23W66,12775.0,2020-10-16,6T16,,,,,,,,,,,,,
2020-10-18T09:24:00-CME-001,M2M_CATALOG,2020-10-18T09:24Z,,,2020-10-18,8T09,,,,,,,,,,,,,
2020-10-22T13:09:00-CME-001,M2M_CATALOG,2020-10-22T13:09Z,,,2020-10-22,2T13,,,,,,,,,,,,,
2020-11-02T05:24:00-CME-001,M2M_CATALOG,2020-11-02T05:24Z,,,2020-11-02,2T05,,,,,,,,,,,,,
2020-11-07T13:24:00-CME-001,M2M_CATALOG,2020-11-07T13:24Z,N19W01,12780.0,2020-11-07,7T13,,,,,,,,,,,,,
2020-11-08T20:12:00-CME-001,M2M_CATALOG,2020-11-08T20:12Z,,,2020-11-08,8T20,,,,,,,,,,,,,
2020-11-11T19:36:00-CME-001,M2M_CATALOG,2020-11-11T19:36Z,S22E60,12782.0,2020-11-11,1T19,,,,,,,,,,,,,
2020-11-21T19:36:00-CME-001,M2M_CATALOG,2020-11-21T19:36Z,,,2020-11-21,1T19,,,,,,,,,,,,,
2020-12-11T19:09:00-CME-001,M2M_CATALOG,2020-12-11T19:09Z,,12791.0,2020-12-11,1T19,,,,,,,,,,,,,
2020-11-12T02:24:00-CME-001,M2M_CATALOG,2020-11-12T02:24Z,,,2020-11-12,2T02,,,,,,,,,,,,,
2020-11-13T12:24:00-CME-001,M2M_CATALOG,2020-11-13T12:24Z,,,2020-11-13,3T12,,,,,,,,,,,,,
2020-11-17T08:36:00-CME-001,M2M_CATALOG,2020-11-17T08:36Z,,,2020-11-17,7T08,,,,,,,,,,,,,
2020-11-17T19:00:00-CME-001,M2M_CATALOG,2020-11-17T19:00Z,,,2020-11-17,7T19,,,,,,,,,,,,,
2020-11-18T21:48:00-CME-001,M2M_CATALOG,2020-11-18T21:48Z,S20E138,,2020-11-18,8T21,,,,,,,,,,,,,
2020-11-19T02:54:00-CME-001,M2M_CATALOG,2020-11-19T02:54Z,,,2020-11-19,9T02,,,,,,,,,,,,,
2020-11-27T05:48:00-CME-001,M2M_CATALOG,2020-11-27T05:48Z,,,2020-11-27,7T05,,,,,,,,,,,,,
2020-11-29T13:24:00-CME-001,M2M_CATALOG,2020-11-29T13:24Z,S23E97,,2020-11-29,9T13,,,,,,,,,,,,,
2020-11-30T07:09:00-CME-001,M2M_CATALOG,2020-11-30T07:09Z,,,2020-11-30,0T07,,,,,,,,,,,,,
2020-12-01T05:48:00-CME-001,M2M_CATALOG,2020-12-01T05:48Z,S25E80,12790.0,2020-12-01,1T05,,,,,,,,,,,,,
2020-12-01T07:12:00-CME-001,M2M_CATALOG,2020-12-01T07:12Z,N35E30,12787.0,2020-12-01,1T07,,,,,,,,,,,,,
2020-12-03T11:12:00-CME-001,M2M_CATALOG,2020-12-03T11:12Z,S30E137,,2020-12-03,3T11,,,,,,,,,,,,,
2020-12-04T02:48:00-CME-001,M2M_CATALOG,2020-12-04T02:48Z,,,2020-12-04,4T02,,,,,,,,,,,,,
2020-12-06T22:00:00-CME-001,M2M_CATALOG,2020-12-06T22:00Z,,,2020-12-06,6T22,,,,,,,,,,,,,
2020-12-07T16:24:00-CME-001,M2M_CATALOG,2020-12-07T16:24Z,S23W11,12790.0,2020-12-07,7T16,,,,,,,,,,,,,
2020-12-07T18:36:00-CME-001,M2M_CATALOG,2020-12-07T18:36Z,S40W30,,2020-12-07,7T18,,,,,,,,,,,,,
2020-12-17T06:48:00-CME-001,M2M_CATALOG,2020-12-17T06:48Z,,,2020-12-17,7T06,,,,,,,,,,,,,
2020-12-27T00:48:00-CME-001,M2M_CATALOG,2020-12-27T00:48Z,,,2020-12-27,7T00,,,,,,,,,,,,,
2020-12-30T02:24:00-CME-001,M2M_CATALOG,2020-12-30T02:24Z,S20E08,12795.0,2020-12-30,0T02,,,,,,,,,,,,,
2020-10-23T04:39:00-CME-001,M2M_CATALOG,2020-10-23T04:39Z,,,2020-10-23,3T04,,,,,,,,,,,,,
2020-10-23T22:35:00-CME-001,M2M_CATALOG,2020-10-23T22:35Z,,,2020-10-23,3T22,,,,,,,,,,,,,
2020-10-10T04:24:00-CME-001,M2M_CATALOG,2020-10-10T04:24Z,,,2020-10-10,0T04,,,,,,,,,,,,,
2020-10-13T21:12:00-CME-001,M2M_CATALOG,2020-10-13T21:12Z,S23W37,12775.0,2020-10-13,3T21,,,,,,,,,,,,,
2020-10-14T03:24:00-CME-001,M2M_CATALOG,2020-10-14T03:24Z,,,2020-10-14,4T03,,,,,,,,,,,,,
2020-10-15T11:24:00-CME-001,M2M_CATALOG,2020-10-15T11:24Z,,,2020-10-15,5T11,,,,,,,,,,,,,
2020-10-15T16:36:00-CME-001,M2M_CATALOG,2020-10-15T16:36Z,,,2020-10-15,5T16,,,,,,,,,,,,,
2020-10-16T13:36:00-CME-001,M2M_CATALOG,2020-10-16T13:36Z,,12774.0,2020-10-16,6T13,,,,,,,,,,,,,
2020-10-16T16:03:00-CME-001,M2M_CATALOG,2020-10-16T16:03Z,S23W66,12775.0,2020-10-16,6T16,,,,,,,,,,,,,
2020-10-18T09:24:00-CME-001,M2M_CATALOG,2020-10-18T09:24Z,,,2020-10-18,8T09,,,,,,,,,,,,,
2020-10-22T13:09:00-CME-001,M2M_CATALOG,2020-10-22T13:09Z,,,2020-10-22,2T13,,,,,,,,,,,,,
2020-10-23T04:39:00-CME-001,M2M_CATALOG,2020-10-23T04:39Z,,,2020-10-23,3T04,,,,,,,,,,,,,
2020-10-23T22:35:00-CME-001,M2M_CATALOG,2020-10-23T22:35Z,,,2020-10-23,3T22,,,,,,,,,,,,,
2020-10-26T09:12:00-CME-001,M2M_CATALOG,2020-10-26T09:12Z,,,2020-10-26,6T09,,,,,,,,,,,,,
2020-10-26T18:09:00-CME-001,M2M_CATALOG,2020-10-26T18:09Z,,,2020-10-26,6T18,,,,,,,,,,,,,
2020-10-27T03:39:00-CME-001,M2M_CATALOG,2020-10-27T03:39Z,,,2020-10-27,7T03,,,,,,,,,,,,,
2020-10-28T13:42:00-CME-001,M2M_CATALOG,2020-10-28T13:42Z,,,2020-10-28,8T13,,,,,,,,,,,,,
2020-11-18T13:24:00-CME-001,M2M_CATALOG,2020-11-18T13:24Z,,,2020-11-18,8T13,,,,,,,,,,,,,
2020-11-18T13:36:00-CME-001,M2M_CATALOG,2020-11-18T13:36Z,,,2020-11-18,8T13,,,,,,,,,,,,,
2020-10-29T01:54:00-CME-001,M2M_CATALOG,2020-10-29T01:54Z,S19W28,12779.0,2020-10-29,9T01,,,,,,,,,,,,,
2020-10-31T00:12:00-CME-001,M2M_CATALOG,2020-10-31T00:12Z,,,2020-10-31,1T00,,,,,,,,,,,,,
2020-12-11T00:36:00-CME-001,M2M_CATALOG,2020-12-11T00:36Z,,,2020-12-11,1T00,,,,,,,,,,,,,
2020-11-01T20:00:00-CME-001,M2M_CATALOG,2020-11-01T20:00Z,,,2020-11-01,1T20,,,,,,,,,,,,,
2020-11-02T05:24:00-CME-001,M2M_CATALOG,2020-11-02T05:24Z,,,2020-11-02,2T05,,,,,,,,,,,,,
2020-11-07T13:24:00-CME-001,M2M_CATALOG,2020-11-07T13:24Z,N19W01,12780.0,2020-11-07,7T13,,,,,,,,,,,,,
2020-11-08T20:12:00-CME-001,M2M_CATALOG,2020-11-08T20:12Z,,,2020-11-08,8T20,,,,,,,,,,,,,
2020-11-11T19:36:00-CME-001,M2M_CATALOG,2020-11-11T19:36Z,S22E60,12782.0,2020-11-11,1T19,,,,,,,,,,,,,
2020-11-21T19:36:00-CME-001,M2M_CATALOG,2020-11-21T19:36Z,,,2020-11-21,1T19,,,,,,,,,,,,,
2020-12-11T19:09:00-CME-001,M2M_CATALOG,2020-12-11T19:09Z,,12791.0,2020-12-11,1T19,,,,,,,,,,,,,
2020-11-12T02:24:00-CME-001,M2M_CATALOG,2020-11-12T02:24Z,,,2020-11-12,2T02,,,,,,,,,,,,,
2020-11-13T12:24:00-CME-001,M2M_CATALOG,2020-11-13T12:24Z,,,2020-11-13,3T12,,,,,,,,,,,,,
2020-11-17T08:36:00-CME-001,M2M_CATALOG,2020-11-17T08:36Z,,,2020-11-17,7T08,,,,,,,,,,,,,
2020-11-17T19:00:00-CME-001,M2M_CATALOG,2020-11-17T19:00Z,,,2020-11-17,7T19,,,,,,,,,,,,,
2020-10-28T13:42:00-CME-001,M2M_CATALOG,2020-10-28T13:42Z,,,2020-10-28,8T13,,,,,,,,,,,,,
2020-11-18T13:24:00-CME-001,M2M_CATALOG,2020-11-18T13:24Z,,,2020-11-18,8T13,,,,,,,,,,,,,
2020-11-18T13:36:00-CME-001,M2M_CATALOG,2020-11-18T13:36Z,,,2020-11-18,8T13,,,,,,,,,,,,,
2020-10-28T13:42:00-CME-001,M2M_CATALOG,2020-10-28T13:42Z,,,2020-10-28,8T13,,,,,,,,,,,,,
2020-11-18T13:24:00-CME-001,M2M_CATALOG,2020-11-18T13:24Z,,,2020-11-18,8T13,,,,,,,,,,,,,
2020-11-18T13:36:00-CME-001,M2M_CATALOG,2020-11-18T13:36Z,,,2020-11-18,8T13,,,,,,,,,,,,,
2020-11-18T21:48:00-CME-001,M2M_CATALOG,2020-11-18T21:48Z,S20E138,,2020-11-18,8T21,,,,,,,,,,,,,
2020-11-19T02:54:00-CME-001,M2M_CATALOG,2020-11-19T02:54Z,,,2020-11-19,9T02,,,,,,,,,,,,,
2020-11-19T03:12:00-CME-001,M2M_CATALOG,2020-11-19T03:12Z,N30E40,,2020-11-19,9T03,,,,,,,,,,,,,
2020-11-19T06:48:00-CME-001,M2M_CATALOG,2020-11-19T06:48Z,S23E49,,2020-11-19,9T06,,,,,,,,,,,,,
2020-11-19T15:12:00-CME-001,M2M_CATALOG,2020-11-19T15:12Z,,,2020-11-19,9T15,,,,,,,,,,,,,
2020-11-29T15:05:00-CME-001,M2M_CATALOG,2020-11-29T15:05Z,,12783.0,2020-11-29,9T15,,,,,,,,,,,,,
2020-11-20T19:51:00-CME-001,M2M_CATALOG,2020-11-20T19:51Z,,12783.0,2020-11-20,0T19,,,,,,,,,,,,,
2020-11-20T21:12:00-CME-001,M2M_CATALOG,2020-11-20T21:12Z,,,2020-11-20,0T21,,,,,,,,,,,,,
2020-11-11T19:36:00-CME-001,M2M_CATALOG,2020-11-11T19:36Z,S22E60,12782.0,2020-11-11,1T19,,,,,,,,,,,,,
2020-11-21T19:36:00-CME-001,M2M_CATALOG,2020-11-21T19:36Z,,,2020-11-21,1T19,,,,,,,,,,,,,
2020-12-11T19:09:00-CME-001,M2M_CATALOG,2020-12-11T19:09Z,,12791.0,2020-12-11,1T19,,,,,,,,,,,,,
2020-11-21T23:12:00-CME-001,M2M_CATALOG,2020-11-21T23:12Z,,,2020-11-21,1T23,,,,,,,,,,,,,
2020-11-22T01:36:00-CME-001,M2M_CATALOG,2020-11-22T01:36Z,,,2020-11-22,2T01,,,,,,,,,,,,,
2020-11-23T18:48:00-CME-001,M2M_CATALOG,2020-11-23T18:48Z,,,2020-11-23,3T18,,,,,,,,,,,,,
2020-11-24T04:36:00-CME-001,M2M_CATALOG,2020-11-24T04:36Z,S20E65,12785.0,2020-11-24,4T04,,,,,,,,,,,,,
2020-11-24T11:24:00-CME-001,M2M_CATALOG,2020-11-24T11:24Z,,,2020-11-24,4T11,,,,,,,,,,,,,
2020-12-04T11:09:00-CME-001,M2M_CATALOG,2020-12-04T11:09Z,,,2020-12-04,4T11,,,,,,,,,,,,,
2020-11-24T13:24:00-CME-001,M2M_CATALOG,2020-11-24T13:24Z,,,2020-11-24,4T13,,,,,,,,,,,,,
2020-11-26T08:24:00-CME-001,M2M_CATALOG,2020-11-26T08:24Z,,,2020-11-26,6T08,,,,,,,,,,,,,
2020-11-26T21:24:00-CME-001,M2M_CATALOG,2020-11-26T21:24Z,N32E90,12787.0,2020-11-26,6T21,,,,,,,,,,,,,
2020-11-27T05:48:00-CME-001,M2M_CATALOG,2020-11-27T05:48Z,,,2020-11-27,7T05,,,,,,,,,,,,,
2020-11-29T13:24:00-CME-001,M2M_CATALOG,2020-11-29T13:24Z,S23E97,,2020-11-29,9T13,,,,,,,,,,,,,
2020-11-19T15:12:00-CME-001,M2M_CATALOG,2020-11-19T15:12Z,,,2020-11-19,9T15,,,,,,,,,,,,,
2020-11-29T15:05:00-CME-001,M2M_CATALOG,2020-11-29T15:05Z,,12783.0,2020-11-29,9T15,,,,,,,,,,,,,
2020-11-30T07:09:00-CME-001,M2M_CATALOG,2020-11-30T07:09Z,,,2020-11-30,0T07,,,,,,,,,,,,,
2020-12-01T05:48:00-CME-001,M2M_CATALOG,2020-12-01T05:48Z,S25E80,12790.0,2020-12-01,1T05,,,,,,,,,,,,,
2020-12-01T07:12:00-CME-001,M2M_CATALOG,2020-12-01T07:12Z,N35E30,12787.0,2020-12-01,1T07,6638.0,0a702009-5b3d-4577-ad8d-973a8e145489,Quimes,Oaked Arrogant Bastard Ale,Pilsner,Warrior,1388 - Belgian Strong Ale,Chocolate malt,52 IBU,7.9%,10.8°Blg,Argentina,1890.0
2020-12-03T11:12:00-CME-001,M2M_CATALOG,2020-12-03T11:12Z,S30E137,,2020-12-03,3T11,,,,,,,,,,,,,
2020-12-04T02:48:00-CME-001,M2M_CATALOG,2020-12-04T02:48Z,,,2020-12-04,4T02,,,,,,,,,,,,,
2020-11-24T11:24:00-CME-001,M2M_CATALOG,2020-11-24T11:24Z,,,2020-11-24,4T11,,,,,,,,,,,,,
2020-12-04T11:09:00-CME-001,M2M_CATALOG,2020-12-04T11:09Z,,,2020-12-04,4T11,,,,,,,,,,,,,
2020-12-06T22:00:00-CME-001,M2M_CATALOG,2020-12-06T22:00Z,,,2020-12-06,6T22,,,,,,,,,,,,,
2020-12-07T16:24:00-CME-001,M2M_CATALOG,2020-12-07T16:24Z,S23W11,12790.0,2020-12-07,7T16,,,,,,,,,,,,,
2020-12-07T18:36:00-CME-001,M2M_CATALOG,2020-12-07T18:36Z,S40W30,,2020-12-07,7T18,,,,,,,,,,,,,
2020-10-31T00:12:00-CME-001,M2M_CATALOG,2020-10-31T00:12Z,,,2020-10-31,1T00,,,,,,,,,,,,,
2020-12-11T00:36:00-CME-001,M2M_CATALOG,2020-12-11T00:36Z,,,2020-12-11,1T00,,,,,,,,,,,,,
2020-11-11T19:36:00-CME-001,M2M_CATALOG,2020-11-11T19:36Z,S22E60,12782.0,2020-11-11,1T19,,,,,,,,,,,,,
2020-11-21T19:36:00-CME-001,M2M_CATALOG,2020-11-21T19:36Z,,,2020-11-21,1T19,,,,,,,,,,,,,
2020-12-11T19:09:00-CME-001,M2M_CATALOG,2020-12-11T19:09Z,,12791.0,2020-12-11,1T19,,,,,,,,,,,,,
2020-12-12T04:12:00-CME-001,M2M_CATALOG,2020-12-12T04:12Z,,,2020-12-12,2T04,,,,,,,,,,,,,
2020-12-13T09:24:00-CME-001,M2M_CATALOG,2020-12-13T09:24Z,,,2020-12-13,3T09,,,,,,,,,,,,,
2020-12-14T15:12:00-CME-001,M2M_CATALOG,2020-12-14T15:12Z,S22E44,12792.0,2020-12-14,4T15,,,,,,,,,,,,,
2020-12-14T21:12:00-CME-001,M2M_CATALOG,2020-12-14T21:12Z,N40E110,,2020-12-14,4T21,,,,,,,,,,,,,
2020-12-17T06:48:00-CME-001,M2M_CATALOG,2020-12-17T06:48Z,,,2020-12-17,7T06,,,,,,,,,,,,,
2020-12-27T00:48:00-CME-001,M2M_CATALOG,2020-12-27T00:48Z,,,2020-12-27,7T00,,,,,,,,,,,,,
2020-12-30T02:24:00-CME-001,M2M_CATALOG,2020-12-30T02:24Z,S20E08,12795.0,2020-12-30,0T02,,,,,,,,,,,,,
2020-10-10T04:24:00-CME-001,M2M_CATALOG,2020-10-10T04:24Z,,,2020-10-10,0T04,,,,,,,,,,,,,
2020-10-13T21:12:00-CME-001,M2M_CATALOG,2020-10-13T21:12Z,S23W37,12775.0,2020-10-13,3T21,,,,,,,,,,,,,
2020-10-14T03:24:00-CME-001,M2M_CATALOG,2020-10-14T03:24Z,,,2020-10-14,4T03,,,,,,,,,,,,,
2020-10-15T11:24:00-CME-001,M2M_CATALOG,2020-10-15T11:24Z,,,2020-10-15,5T11,,,,,,,,,,,,,
2020-10-15T16:36:00-CME-001,M2M_CATALOG,2020-10-15T16:36Z,,,2020-10-15,5T16,,,,,,,,,,,,,
2020-10-16T13:36:00-CME-001,M2M_CATALOG,2020-10-16T13:36Z,,12774.0,2020-10-16,6T13,,,,,,,,,,,,,
2020-10-16T16:03:00-CME-001,M2M_CATALOG,2020-10-16T16:03Z,S23W66,12775.0,2020-10-16,6T16,,,,,,,,,,,,,
2020-10-18T09:24:00-CME-001,M2M_CATALOG,2020-10-18T09:24Z,,,2020-10-18,8T09,,,,,,,,,,,,,
2020-10-22T13:09:00-CME-001,M2M_CATALOG,2020-10-22T13:09Z,,,2020-10-22,2T13,,,,,,,,,,,,,
2020-10-23T04:39:00-CME-001,M2M_CATALOG,2020-10-23T04:39Z,,,2020-10-23,3T04,,,,,,,,,,,,,
2020-10-23T22:35:00-CME-001,M2M_CATALOG,2020-10-23T22:35Z,,,2020-10-23,3T22,,,,,,,,,,,,,
2020-10-26T09:12:00-CME-001,M2M_CATALOG,2020-10-26T09:12Z,,,2020-10-26,6T09,,,,,,,,,,,,,
2020-10-26T18:09:00-CME-001,M2M_CATALOG,2020-10-26T18:09Z,,,2020-10-26,6T18,,,,,,,,,,,,,
2020-10-27T03:39:00-CME-001,M2M_CATALOG,2020-10-27T03:39Z,,,2020-10-27,7T03,,,,,,,,,,,,,
2020-10-28T13:42:00-CME-001,M2M_CATALOG,2020-10-28T13:42Z,,,2020-10-28,8T13,,,,,,,,,,,,,
2020-11-18T13:24:00-CME-001,M2M_CATALOG,2020-11-18T13:24Z,,,2020-11-18,8T13,,,,,,,,,,,,,
2020-11-18T13:36:00-CME-001,M2M_CATALOG,2020-11-18T13:36Z,,,2020-11-18,8T13,,,,,,,,,,,,,
2020-10-29T01:54:00-CME-001,M2M_CATALOG,2020-10-29T01:54Z,S19W28,12779.0,2020-10-29,9T01,,,,,,,,,,,,,
2020-10-31T00:12:00-CME-001,M2M_CATALOG,2020-10-31T00:12Z,,,2020-10-31,1T00,,,,,,,,,,,,,
2020-12-11T00:36:00-CME-001,M2M_CATALOG,2020-12-11T00:36Z,,,2020-12-11,1T00,,,,,,,,,,,,,
2020-11-01T20:00:00-CME-001,M2M_CATALOG,2020-11-01T20:00Z,,,2020-11-01,1T20,,,,,,,,,,,,,
2020-11-02T05:24:00-CME-001,M2M_CATALOG,2020-11-02T05:24Z,,,2020-11-02,2T05,,,,,,,,,,,,,
2020-11-07T13:24:00-CME-001,M2M_CATALOG,2020-11-07T13:24Z,N19W01,12780.0,2020-11-07,7T13,,,,,,,,,,,,,
2020-11-08T20:12:00-CME-001,M2M_CATALOG,2020-11-08T20:12Z,,,2020-11-08,8T20,,,,,,,,,,,,,
2020-11-11T19:36:00-CME-001,M2M_CATALOG,2020-11-11T19:36Z,S22E60,12782.0,2020-11-11,1T19,,,,,,,,,,,,,
2020-11-21T19:36:00-CME-001,M2M_CATALOG,2020-11-21T19:36Z,,,2020-11-21,1T19,,,,,,,,,,,,,
2020-12-11T19:09:00-CME-001,M2M_CATALOG,2020-12-11T19:09Z,,12791.0,2020-12-11,1T19,,,,,,,,,,,,,
2020-11-12T02:24:00-CME-001,M2M_CATALOG,2020-11-12T02:24Z,,,2020-11-12,2T02,,,,,,,,,,,,,
2020-11-13T12:24:00-CME-001,M2M_CATALOG,2020-11-13T12:24Z,,,2020-11-13,3T12,,,,,,,,,,,,,
2020-11-17T08:36:00-CME-001,M2M_CATALOG,2020-11-17T08:36Z,,,2020-11-17,7T08,,,,,,,,,,,,,
2020-11-17T19:00:00-CME-001,M2M_CATALOG,2020-11-17T19:00Z,,,2020-11-17,7T19,,,,,,,,,,,,,
2020-10-28T13:42:00-CME-001,M2M_CATALOG,2020-10-28T13:42Z,,,2020-10-28,8T13,,,,,,,,,,,,,
2020-11-18T13:24:00-CME-001,M2M_CATALOG,2020-11-18T13:24Z,,,2020-11-18,8T13,,,,,,,,,,,,,
2020-11-18T13:36:00-CME-001,M2M_CATALOG,2020-11-18T13:36Z,,,2020-11-18,8T13,,,,,,,,,,,,,
2020-10-28T13:42:00-CME-001,M2M_CATALOG,2020-10-28T13:42Z,,,2020-10-28,8T13,,,,,,,,,,,,,
2020-11-18T13:24:00-CME-001,M2M_CATALOG,2020-11-18T13:24Z,,,2020-11-18,8T13,,,,,,,,,,,,,
2020-11-18T13:36:00-CME-001,M2M_CATALOG,2020-11-18T13:36Z,,,2020-11-18,8T13,,,,,,,,,,,,,
2020-11-18T21:48:00-CME-001,M2M_CATALOG,2020-11-18T21:48Z,S20E138,,2020-11-18,8T21,,,,,,,,,,,,,
2020-11-19T02:54:00-CME-001,M2M_CATALOG,2020-11-19T02:54Z,,,2020-11-19,9T02,,,,,,,,,,,,,
2020-11-19T03:12:00-CME-001,M2M_CATALOG,2020-11-19T03:12Z,N30E40,,2020-11-19,9T03,,,,,,,,,,,,,
2020-11-19T06:48:00-CME-001,M2M_CATALOG,2020-11-19T06:48Z,S23E49,,2020-11-19,9T06,,,,,,,,,,,,,
2020-11-19T15:12:00-CME-001,M2M_CATALOG,2020-11-19T15:12Z,,,2020-11-19,9T15,,,,,,,,,,,,,
2020-11-29T15:05:00-CME-001,M2M_CATALOG,2020-11-29T15:05Z,,12783.0,2020-11-29,9T15,,,,,,,,,,,,,
2020-11-20T19:51:00-CME-001,M2M_CATALOG,2020-11-20T19:51Z,,12783.0,2020-11-20,0T19,,,,,,,,,,,,,
2020-10-10T04:24:00-CME-001,M2M_CATALOG,2020-10-10T04:24Z,,,2020-10-10,0T04,,,,,,,,,,,,,
2020-10-13T21:12:00-CME-001,M2M_CATALOG,2020-10-13T21:12Z,S23W37,12775.0,2020-10-13,3T21,,,,,,,,,,,,,
2020-10-14T03:24:00-CME-001,M2M_CATALOG,2020-10-14T03:24Z,,,2020-10-14,4T03,,,,,,,,,,,,,
2020-10-15T11:24:00-CME-001,M2M_CATALOG,2020-10-15T11:24Z,,,2020-10-15,5T11,,,,,,,,,,,,,
2020-10-15T16:36:00-CME-001,M2M_CATALOG,2020-10-15T16:36Z,,,2020-10-15,5T16,,,,,,,,,,,,,
2020-10-16T13:36:00-CME-001,M2M_CATALOG,2020-10-16T13:36Z,,12774.0,2020-10-16,6T13,,,,,,,,,,,,,
2020-10-16T16:03:00-CME-001,M2M_CATALOG,2020-10-16T16:03Z,S23W66,12775.0,2020-10-16,6T16,,,,,,,,,,,,,
2020-10-18T09:24:00-CME-001,M2M_CATALOG,2020-10-18T09:24Z,,,2020-10-18,8T09,,,,,,,,,,,,,
2020-10-22T13:09:00-CME-001,M2M_CATALOG,2020-10-22T13:09Z,,,2020-10-22,2T13,,,,,,,,,,,,,
2020-10-23T04:39:00-CME-001,M2M_CATALOG,2020-10-23T04:39Z,,,2020-10-23,3T04,,,,,,,,,,,,,
2020-10-23T22:35:00-CME-001,M2M_CATALOG,2020-10-23T22:35Z,,,2020-10-23,3T22,,,,,,,,,,,,,
2020-10-26T09:12:00-CME-001,M2M_CATALOG,2020-10-26T09:12Z,,,2020-10-26,6T09,,,,,,,,,,,,,
2020-10-26T18:09:00-CME-001,M2M_CATALOG,2020-10-26T18:09Z,,,2020-10-26,6T18,,,,,,,,,,,,,
2020-10-27T03:39:00-CME-001,M2M_CATALOG,2020-10-27T03:39Z,,,2020-10-27,7T03,,,,,,,,,,,,,
2020-10-28T13:42:00-CME-001,M2M_CATALOG,2020-10-28T13:42Z,,,2020-10-28,8T13,,,,,,,,,,,,,
2020-11-18T13:24:00-CME-001,M2M_CATALOG,2020-11-18T13:24Z,,,2020-11-18,8T13,,,,,,,,,,,,,
2020-11-18T13:36:00-CME-001,M2M_CATALOG,2020-11-18T13:36Z,,,2020-11-18,8T13,,,,,,,,,,,,,
2020-10-29T01:54:00-CME-001,M2M_CATALOG,2020-10-29T01:54Z,S19W28,12779.0,2020-10-29,9T01,,,,,,,,,,,,,
2020-10-31T00:12:00-CME-001,M2M_CATALOG,2020-10-31T00:12Z,,,2020-10-31,1T00,,,,,,,,,,,,,
2020-12-11T00:36:00-CME-001,M2M_CATALOG,2020-12-11T00:36Z,,,2020-12-11,1T00,,,,,,,,,,,,,
2020-11-01T20:00:00-CME-001,M2M_CATALOG,2020-11-01T20:00Z,,,2020-11-01,1T20,,,,,,,,,,,,,
2020-11-02T05:24:00-CME-001,M2M_CATALOG,2020-11-02T05:24Z,,,2020-11-02,2T05,,,,,,,,,,,,,
2020-11-07T13:24:00-CME-001,M2M_CATALOG,2020-11-07T13:24Z,N19W01,12780.0,2020-11-07,7T13,,,,,,,,,,,,,
2020-11-08T20:12:00-CME-001,M2M_CATALOG,2020-11-08T20:12Z,,,2020-11-08,8T20,,,,,,,,,,,,,
2020-11-11T19:36:00-CME-001,M2M_CATALOG,2020-11-11T19:36Z,S22E60,12782.0,2020-11-11,1T19,,,,,,,,,,,,,
2020-11-21T19:36:00-CME-001,M2M_CATALOG,2020-11-21T19:36Z,,,2020-11-21,1T19,,,,,,,,,,,,,
2020-12-11T19:09:00-CME-001,M2M_CATALOG,2020-12-11T19:09Z,,12791.0,2020-12-11,1T19,,,,,,,,,,,,,
2020-11-12T02:24:00-CME-001,M2M_CATALOG,2020-11-12T02:24Z,,,2020-11-12,2T02,,,,,,,,,,,,,
2020-11-13T12:24:00-CME-001,M2M_CATALOG,2020-11-13T12:24Z,,,2020-11-13,3T12,,,,,,,,,,,,,
2020-11-17T08:36:00-CME-001,M2M_CATALOG,2020-11-17T08:36Z,,,2020-11-17,7T08,,,,,,,,,,,,,
2020-11-17T19:00:00-CME-001,M2M_CATALOG,2020-11-17T19:00Z,,,2020-11-17,7T19,,,,,,,,,,,,,
2020-10-28T13:42:00-CME-001,M2M_CATALOG,2020-10-28T13:42Z,,,2020-10-28,8T13,,,,,,,,,,,,,
2020-11-18T13:24:00-CME-001,M2M_CATALOG,2020-11-18T13:24Z,,,2020-11-18,8T13,,,,,,,,,,,,,
2020-11-18T13:36:00-CME-001,M2M_CATALOG,2020-11-18T13:36Z,,,2020-11-18,8T13,,,,,,,,,,,,,
2020-10-28T13:42:00-CME-001,M2M_CATALOG,2020-10-28T13:42Z,,,2020-10-28,8T13,,,,,,,,,,,,,
2020-11-18T13:24:00-CME-001,M2M_CATALOG,2020-11-18T13:24Z,,,2020-11-18,8T13,,,,,,,,,,,,,
2020-11-18T13:36:00-CME-001,M2M_CATALOG,2020-11-18T13:36Z,,,2020-11-18,8T13,,,,,,,,,,,,,
2020-11-18T21:48:00-CME-001,M2M_CATALOG,2020-11-18T21:48Z,S20E138,,2020-11-18,8T21,,,,,,,,,,,,,
2020-11-19T02:54:00-CME-001,M2M_CATALOG,2020-11-19T02:54Z,,,2020-11-19,9T02,,,,,,,,,,,,,
2020-11-19T03:12:00-CME-001,M2M_CATALOG,2020-11-19T03:12Z,N30E40,,2020-11-19,9T03,,,,,,,,,,,,,
2020-11-19T06:48:00-CME-001,M2M_CATALOG,2020-11-19T06:48Z,S23E49,,2020-11-19,9T06,,,,,,,,,,,,,
2020-11-19T15:12:00-CME-001,M2M_CATALOG,2020-11-19T15:12Z,,,2020-11-19,9T15,,,,,,,,,,,,,
2020-11-29T15:05:00-CME-001,M2M_CATALOG,2020-11-29T15:05Z,,12783.0,2020-11-29,9T15,,,,,,,,,,,,,
2020-11-20T19:51:00-CME-001,M2M_CATALOG,2020-11-20T19:51Z,,12783.0,2020-11-20,0T19,,,,,,,,,,,,,
2020-11-20T21:12:00-CME-001,M2M_CATALOG,2020-11-20T21:12Z,,,2020-11-20,0T21,,,,,,,,,,,,,
2020-11-11T19:36:00-CME-001,M2M_CATALOG,2020-11-11T19:36Z,S22E60,12782.0,2020-11-11,1T19,,,,,,,,,,,,,
2020-11-21T19:36:00-CME-001,M2M_CATALOG,2020-11-21T19:36Z,,,2020-11-21,1T19,,,,,,,,,,,,,
2020-12-11T19:09:00-CME-001,M2M_CATALOG,2020-12-11T19:09Z,,12791.0,2020-12-11,1T19,,,,,,,,,,,,,
2020-11-21T23:12:00-CME-001,M2M_CATALOG,2020-11-21T23:12Z,,,2020-11-21,1T23,,,,,,,,,,,,,
2020-11-22T01:36:00-CME-001,M2M_CATALOG,2020-11-22T01:36Z,,,2020-11-22,2T01,,,,,,,,,,,,,
2020-11-23T18:48:00-CME-001,M2M_CATALOG,2020-11-23T18:48Z,,,2020-11-23,3T18,,,,,,,,,,,,,
2020-11-24T04:36:00-CME-001,M2M_CATALOG,2020-11-24T04:36Z,S20E65,12785.0,2020-11-24,4T04,,,,,,,,,,,,,
2020-11-24T11:24:00-CME-001,M2M_CATALOG,2020-11-24T11:24Z,,,2020-11-24,4T11,,,,,,,,,,,,,
2020-12-04T11:09:00-CME-001,M2M_CATALOG,2020-12-04T11:09Z,,,2020-12-04,4T11,,,,,,,,,,,,,
2020-11-24T13:24:00-CME-001,M2M_CATALOG,2020-11-24T13:24Z,,,2020-11-24,4T13,,,,,,,,,,,,,
2020-11-26T08:24:00-CME-001,M2M_CATALOG,2020-11-26T08:24Z,,,2020-11-26,6T08,,,,,,,,,,,,,
2020-11-26T21:24:00-CME-001,M2M_CATALOG,2020-11-26T21:24Z,N32E90,12787.0,2020-11-26,6T21,,,,,,,,,,,,,
2020-11-27T05:48:00-CME-001,M2M_CATALOG,2020-11-27T05:48Z,,,2020-11-27,7T05,,,,,,,,,,,,,
2020-11-29T13:24:00-CME-001,M2M_CATALOG,2020-11-29T13:24Z,S23E97,,2020-11-29,9T13,,,,,,,,,,,,,
2020-11-19T15:12:00-CME-001,M2M_CATALOG,2020-11-19T15:12Z,,,2020-11-19,9T15,,,,,,,,,,,,,
2020-11-29T15:05:00-CME-001,M2M_CATALOG,2020-11-29T15:05Z,,12783.0,2020-11-29,9T15,,,,,,,,,,,,,
2020-11-30T07:09:00-CME-001,M2M_CATALOG,2020-11-30T07:09Z,,,2020-11-30,0T07,,,,,,,,,,,,,
2020-12-01T05:48:00-CME-001,M2M_CATALOG,2020-12-01T05:48Z,S25E80,12790.0,2020-12-01,1T05,,,,,,,,,,,,,
2020-12-01T07:12:00-CME-001,M2M_CATALOG,2020-12-01T07:12Z,N35E30,12787.0,2020-12-01,1T07,,,,,,,,,,,,,
2020-12-03T11:12:00-CME-001,M2M_CATALOG,2020-12-03T11:12Z,S30E137,,2020-12-03,3T11,,,,,,,,,,,,,
2020-12-04T02:48:00-CME-001,M2M_CATALOG,2020-12-04T02:48Z,,,2020-12-04,4T02,,,,,,,,,,,,,
2020-11-24T11:24:00-CME-001,M2M_CATALOG,2020-11-24T11:24Z,,,2020-11-24,4T11,,,,,,,,,,,,,
2020-12-04T11:09:00-CME-001,M2M_CATALOG,2020-12-04T11:09Z,,,2020-12-04,4T11,,,,,,,,,,,,,
2020-12-06T22:00:00-CME-001,M2M_CATALOG,2020-12-06T22:00Z,,,2020-12-06,6T22,,,,,,,,,,,,,
2020-12-07T16:24:00-CME-001,M2M_CATALOG,2020-12-07T16:24Z,S23W11,12790.0,2020-12-07,7T16,,,,,,,,,,,,,
2020-12-07T18:36:00-CME-001,M2M_CATALOG,2020-12-07T18:36Z,S40W30,,2020-12-07,7T18,,,,,,,,,,,,,
2020-10-31T00:12:00-CME-001,M2M_CATALOG,2020-10-31T00:12Z,,,2020-10-31,1T00,,,,,,,,,,,,,
2020-12-11T00:36:00-CME-001,M2M_CATALOG,2020-12-11T00:36Z,,,2020-12-11,1T00,,,,,,,,,,,,,
2020-11-11T19:36:00-CME-001,M2M_CATALOG,2020-11-11T19:36Z,S22E60,12782.0,2020-11-11,1T19,,,,,,,,,,,,,
2020-11-21T19:36:00-CME-001,M2M_CATALOG,2020-11-21T19:36Z,,,2020-11-21,1T19,,,,,,,,,,,,,
2020-12-11T19:09:00-CME-001,M2M_CATALOG,2020-12-11T19:09Z,,12791.0,2020-12-11,1T19,,,,,,,,,,,,,
2020-12-12T04:12:00-CME-001,M2M_CATALOG,2020-12-12T04:12Z,,,2020-12-12,2T04,,,,,,,,,,,,,
2020-12-13T09:24:00-CME-001,M2M_CATALOG,2020-12-13T09:24Z,,,2020-12-13,3T09,,,,,,,,,,,,,
2020-12-14T15:12:00-CME-001,M2M_CATALOG,2020-12-14T15:12Z,S22E44,12792.0,2020-12-14,4T15,,,,,,,,,,,,,
2020-12-14T21:12:00-CME-001,M2M_CATALOG,2020-12-14T21:12Z,N40E110,,2020-12-14,4T21,,,,,,,,,,,,,
2020-12-17T06:48:00-CME-001,M2M_CATALOG,2020-12-17T06:48Z,,,2020-12-17,7T06,,,,,,,,,,,,,
2020-12-27T00:48:00-CME-001,M2M_CATALOG,2020-12-27T00:48Z,,,2020-12-27,7T00,,,,,,,,,,,,,
2020-12-30T02:24:00-CME-001,M2M_CATALOG,2020-12-30T02:24Z,S20E08,12795.0,2020-12-30,0T02,,,,,,,,,,,,,
2020-10-10T04:24:00-CME-001,M2M_CATALOG,2020-10-10T04:24Z,,,2020-10-10,0T04,,,,,,,,,,,,,
2020-10-13T21:12:00-CME-001,M2M_CATALOG,2020-10-13T21:12Z,S23W37,12775.0,2020-10-13,3T21,,,,,,,,,,,,,
2020-10-14T03:24:00-CME-001,M2M_CATALOG,2020-10-14T03:24Z,,,2020-10-14,4T03,,,,,,,,,,,,,
2020-10-15T11:24:00-CME-001,M2M_CATALOG,2020-10-15T11:24Z,,,2020-10-15,5T11,,,,,,,,,,,,,
2020-10-15T16:36:00-CME-001,M2M_CATALOG,2020-10-15T16:36Z,,,2020-10-15,5T16,,,,,,,,,,,,,
2020-10-16T13:36:00-CME-001,M2M_CATALOG,2020-10-16T13:36Z,,12774.0,2020-10-16,6T13,,,,,,,,,,,,,
2020-10-16T16:03:00-CME-001,M2M_CATALOG,2020-10-16T16:03Z,S23W66,12775.0,2020-10-16,6T16,,,,,,,,,,,,,
2020-10-18T09:24:00-CME-001,M2M_CATALOG,2020-10-18T09:24Z,,,2020-10-18,8T09,,,,,,,,,,,,,
2020-10-22T13:09:00-CME-001,M2M_CATALOG,2020-10-22T13:09Z,,,2020-10-22,2T13,,,,,,,,,,,,,
2020-10-23T04:39:00-CME-001,M2M_CATALOG,2020-10-23T04:39Z,,,2020-10-23,3T04,,,,,,,,,,,,,
2020-10-23T22:35:00-CME-001,M2M_CATALOG,2020-10-23T22:35Z,,,2020-10-23,3T22,,,,,,,,,,,,,
2020-10-26T09:12:00-CME-001,M2M_CATALOG,2020-10-26T09:12Z,,,2020-10-26,6T09,6764.0,7b153027-dfbd-48a2-8a8e-8fc9b2cd5d81,Delirium,Samuel Smith’s Imperial IPA,India Pale Ale,Equinox,1469 - West Yorkshire Ale,Vienna,24 IBU,2.7%,16.7°Blg,Belgica,1989.0
2020-10-26T18:09:00-CME-001,M2M_CATALOG,2020-10-26T18:09Z,,,2020-10-26,6T18,,,,,,,,,,,,,
2020-10-27T03:39:00-CME-001,M2M_CATALOG,2020-10-27T03:39Z,,,2020-10-27,7T03,,,,,,,,,,,,,
2020-10-28T13:42:00-CME-001,M2M_CATALOG,2020-10-28T13:42Z,,,2020-10-28,8T13,6767.0,9f3a13a4-f760-41a1-b129-dc76a413010f,Patagonia,Chimay Grande Réserve,Merican Ale,Golding,1318 - London Ale III,Wheat mal,64 IBU,6.7%,6.9°Blg,Argentina,2015.0
2020-11-18T13:24:00-CME-001,M2M_CATALOG,2020-11-18T13:24Z,,,2020-11-18,8T13,6767.0,9f3a13a4-f760-41a1-b129-dc76a413010f,Patagonia,Chimay Grande Réserve,Merican Ale,Golding,1318 - London Ale III,Wheat mal,64 IBU,6.7%,6.9°Blg,Argentina,2015.0
2020-11-18T13:36:00-CME-001,M2M_CATALOG,2020-11-18T13:36Z,,,2020-11-18,8T13,6767.0,9f3a13a4-f760-41a1-b129-dc76a413010f,Patagonia,Chimay Grande Réserve,Merican Ale,Golding,1318 - London Ale III,Wheat mal,64 IBU,6.7%,6.9°Blg,Argentina,2015.0
2020-10-29T01:54:00-CME-001,M2M_CATALOG,2020-10-29T01:54Z,S19W28,12779.0,2020-10-29,9T01,,,,,,,,,,,,,
2020-10-31T00:12:00-CME-001,M2M_CATALOG,2020-10-31T00:12Z,,,2020-10-31,1T00,,,,,,,,,,,,,
2020-12-11T00:36:00-CME-001,M2M_CATALOG,2020-12-11T00:36Z,,,2020-12-11,1T00,,,,,,,,,,,,,
2020-11-01T20:00:00-CME-001,M2M_CATALOG,2020-11-01T20:00Z,,,2020-11-01,1T20,,,,,,,,,,,,,
2020-11-02T05:24:00-CME-001,M2M_CATALOG,2020-11-02T05:24Z,,,2020-11-02,2T05,,,,,,,,,,,,,
2020-11-07T13:24:00-CME-001,M2M_CATALOG,2020-11-07T13:24Z,N19W01,12780.0,2020-11-07,7T13,,,,,,,,,,,,,
2020-11-08T20:12:00-CME-001,M2M_CATALOG,2020-11-08T20:12Z,,,2020-11-08,8T20,,,,,,,,,,,,,
2020-11-11T19:36:00-CME-001,M2M_CATALOG,2020-11-11T19:36Z,S22E60,12782.0,2020-11-11,1T19,,,,,,,,,,,,,
2020-11-21T19:36:00-CME-001,M2M_CATALOG,2020-11-21T19:36Z,,,2020-11-21,1T19,,,,,,,,,,,,,
2020-12-11T19:09:00-CME-001,M2M_CATALOG,2020-12-11T19:09Z,,12791.0,2020-12-11,1T19,,,,,,,,,,,,,
2020-11-12T02:24:00-CME-001,M2M_CATALOG,2020-11-12T02:24Z,,,2020-11-12,2T02,,,,,,,,,,,,,
2020-11-13T12:24:00-CME-001,M2M_CATALOG,2020-11-13T12:24Z,,,2020-11-13,3T12,,,,,,,,,,,,,
2020-11-17T08:36:00-CME-001,M2M_CATALOG,2020-11-17T08:36Z,,,2020-11-17,7T08,,,,,,,,,,,,,
2020-11-17T19:00:00-CME-001,M2M_CATALOG,2020-11-17T19:00Z,,,2020-11-17,7T19,,,,,,,,,,,,,
2020-10-28T13:42:00-CME-001,M2M_CATALOG,2020-10-28T13:42Z,,,2020-10-28,8T13,,,,,,,,,,,,,
2020-11-18T13:24:00-CME-001,M2M_CATALOG,2020-11-18T13:24Z,,,2020-11-18,8T13,,,,,,,,,,,,,
2020-11-18T13:36:00-CME-001,M2M_CATALOG,2020-11-18T13:36Z,,,2020-11-18,8T13,,,,,,,,,,,,,
2020-10-28T13:42:00-CME-001,M2M_CATALOG,2020-10-28T13:42Z,,,2020-10-28,8T13,,,,,,,,,,,,,
2020-11-18T13:24:00-CME-001,M2M_CATALOG,2020-11-18T13:24Z,,,2020-11-18,8T13,,,,,,,,,,,,,
2020-11-18T13:36:00-CME-001,M2M_CATALOG,2020-11-18T13:36Z,,,2020-11-18,8T13,,,,,,,,,,,,,
2020-11-18T21:48:00-CME-001,M2M_CATALOG,2020-11-18T21:48Z,S20E138,,2020-11-18,8T21,,,,,,,,,,,,,
2020-11-19T02:54:00-CME-001,M2M_CATALOG,2020-11-19T02:54Z,,,2020-11-19,9T02,,,,,,,,,,,,,
2020-11-19T03:12:00-CME-001,M2M_CATALOG,2020-11-19T03:12Z,N30E40,,2020-11-19,9T03,,,,,,,,,,,,,
2020-11-19T06:48:00-CME-001,M2M_CATALOG,2020-11-19T06:48Z,S23E49,,2020-11-19,9T06,,,,,,,,,,,,,
2020-11-19T15:12:00-CME-001,M2M_CATALOG,2020-11-19T15:12Z,,,2020-11-19,9T15,,,,,,,,,,,,,
2020-11-29T15:05:00-CME-001,M2M_CATALOG,2020-11-29T15:05Z,,12783.0,2020-11-29,9T15,,,,,,,,,,,,,
2020-10-10T04:24:00-CME-001,M2M_CATALOG,2020-10-10T04:24Z,,,2020-10-10,0T04,,,,,,,,,,,,,
2020-10-13T21:12:00-CME-001,M2M_CATALOG,2020-10-13T21:12Z,S23W37,12775.0,2020-10-13,3T21,,,,,,,,,,,,,
2020-10-14T03:24:00-CME-001,M2M_CATALOG,2020-10-14T03:24Z,,,2020-10-14,4T03,,,,,,,,,,,,,
2020-10-15T11:24:00-CME-001,M2M_CATALOG,2020-10-15T11:24Z,,,2020-10-15,5T11,,,,,,,,,,,,,
2020-10-15T16:36:00-CME-001,M2M_CATALOG,2020-10-15T16:36Z,,,2020-10-15,5T16,,,,,,,,,,,,,
2020-10-16T13:36:00-CME-001,M2M_CATALOG,2020-10-16T13:36Z,,12774.0,2020-10-16,6T13,,,,,,,,,,,,,
2020-10-16T16:03:00-CME-001,M2M_CATALOG,2020-10-16T16:03Z,S23W66,12775.0,2020-10-16,6T16,,,,,,,,,,,,,
2020-10-18T09:24:00-CME-001,M2M_CATALOG,2020-10-18T09:24Z,,,2020-10-18,8T09,,,,,,,,,,,,,
2020-10-22T13:09:00-CME-001,M2M_CATALOG,2020-10-22T13:09Z,,,2020-10-22,2T13,,,,,,,,,,,,,
2020-11-02T05:24:00-CME-001,M2M_CATALOG,2020-11-02T05:24Z,,,2020-11-02,2T05,,,,,,,,,,,,,
2020-11-07T13:24:00-CME-001,M2M_CATALOG,2020-11-07T13:24Z,N19W01,12780.0,2020-11-07,7T13,,,,,,,,,,,,,
2020-11-08T20:12:00-CME-001,M2M_CATALOG,2020-11-08T20:12Z,,,2020-11-08,8T20,,,,,,,,,,,,,
2020-11-11T19:36:00-CME-001,M2M_CATALOG,2020-11-11T19:36Z,S22E60,12782.0,2020-11-11,1T19,,,,,,,,,,,,,
2020-11-21T19:36:00-CME-001,M2M_CATALOG,2020-11-21T19:36Z,,,2020-11-21,1T19,,,,,,,,,,,,,
2020-12-11T19:09:00-CME-001,M2M_CATALOG,2020-12-11T19:09Z,,12791.0,2020-12-11,1T19,,,,,,,,,,,,,
2020-11-12T02:24:00-CME-001,M2M_CATALOG,2020-11-12T02:24Z,,,2020-11-12,2T02,,,,,,,,,,,,,
2020-11-13T12:24:00-CME-001,M2M_CATALOG,2020-11-13T12:24Z,,,2020-11-13,3T12,,,,,,,,,,,,,
2020-11-17T08:36:00-CME-001,M2M_CATALOG,2020-11-17T08:36Z,,,2020-11-17,7T08,,,,,,,,,,,,,
2020-11-17T19:00:00-CME-001,M2M_CATALOG,2020-11-17T19:00Z,,,2020-11-17,7T19,,,,,,,,,,,,,
2020-11-18T21:48:00-CME-001,M2M_CATALOG,2020-11-18T21:48Z,S20E138,,2020-11-18,8T21,,,,,,,,,,,,,
2020-11-19T02:54:00-CME-001,M2M_CATALOG,2020-11-19T02:54Z,,,2020-11-19,9T02,,,,,,,,,,,,,
2020-11-27T05:48:00-CME-001,M2M_CATALOG,2020-11-27T05:48Z,,,2020-11-27,7T05,,,,,,,,,,,,,
2020-11-29T13:24:00-CME-001,M2M_CATALOG,2020-11-29T13:24Z,S23E97,,2020-11-29,9T13,,,,,,,,,,,,,
2020-11-30T07:09:00-CME-001,M2M_CATALOG,2020-11-30T07:09Z,,,2020-11-30,0T07,,,,,,,,,,,,,
2020-12-01T05:48:00-CME-001,M2M_CATALOG,2020-12-01T05:48Z,S25E80,12790.0,2020-12-01,1T05,,,,,,,,,,,,,
2020-12-01T07:12:00-CME-001,M2M_CATALOG,2020-12-01T07:12Z,N35E30,12787.0,2020-12-01,1T07,,,,,,,,,,,,,
2020-12-03T11:12:00-CME-001,M2M_CATALOG,2020-12-03T11:12Z,S30E137,,2020-12-03,3T11,,,,,,,,,,,,,
2020-12-04T02:48:00-CME-001,M2M_CATALOG,2020-12-04T02:48Z,,,2020-12-04,4T02,,,,,,,,,,,,,
2020-12-06T22:00:00-CME-001,M2M_CATALOG,2020-12-06T22:00Z,,,2020-12-06,6T22,,,,,,,,,,,,,
2020-12-07T16:24:00-CME-001,M2M_CATALOG,2020-12-07T16:24Z,S23W11,12790.0,2020-12-07,7T16,,,,,,,,,,,,,
2020-12-07T18:36:00-CME-001,M2M_CATALOG,2020-12-07T18:36Z,S40W30,,2020-12-07,7T18,,,,,,,,,,,,,
2020-12-17T06:48:00-CME-001,M2M_CATALOG,2020-12-17T06:48Z,,,2020-12-17,7T06,,,,,,,,,,,,,
2020-12-27T00:48:00-CME-001,M2M_CATALOG,2020-12-27T00:48Z,,,2020-12-27,7T00,,,,,,,,,,,,,
2020-12-30T02:24:00-CME-001,M2M_CATALOG,2020-12-30T02:24Z,S20E08,12795.0,2020-12-30,0T02,,,,,,,,,,,,,
2020-10-10T04:24:00-CME-001,M2M_CATALOG,2020-10-10T04:24Z,,,2020-10-10,0T04,,,,,,,,,,,,,
2020-10-13T21:12:00-CME-001,M2M_CATALOG,2020-10-13T21:12Z,S23W37,12775.0,2020-10-13,3T21,,,,,,,,,,,,,
2020-10-14T03:24:00-CME-001,M2M_CATALOG,2020-10-14T03:24Z,,,2020-10-14,4T03,,,,,,,,,,,,,
2020-10-15T11:24:00-CME-001,M2M_CATALOG,2020-10-15T11:24Z,,,2020-10-15,5T11,,,,,,,,,,,,,
2020-10-15T16:36:00-CME-001,M2M_CATALOG,2020-10-15T16:36Z,,,2020-10-15,5T16,,,,,,,,,,,,,
2020-10-16T13:36:00-CME-001,M2M_CATALOG,2020-10-16T13:36Z,,12774.0,2020-10-16,6T13,,,,,,,,,,,,,
2020-10-16T16:03:00-CME-001,M2M_CATALOG,2020-10-16T16:03Z,S23W66,12775.0,2020-10-16,6T16,,,,,,,,,,,,,
2020-10-18T09:24:00-CME-001,M2M_CATALOG,2020-10-18T09:24Z,,,2020-10-18,8T09,,,,,,,,,,,,,
2020-10-22T13:09:00-CME-001,M2M_CATALOG,2020-10-22T13:09Z,,,2020-10-22,2T13,,,,,,,,,,,,,
2020-11-02T05:24:00-CME-001,M2M_CATALOG,2020-11-02T05:24Z,,,2020-11-02,2T05,,,,,,,,,,,,,
2020-11-07T13:24:00-CME-001,M2M_CATALOG,2020-11-07T13:24Z,N19W01,12780.0,2020-11-07,7T13,,,,,,,,,,,,,
2020-11-08T20:12:00-CME-001,M2M_CATALOG,2020-11-08T20:12Z,,,2020-11-08,8T20,,,,,,,,,,,,,
2020-11-11T19:36:00-CME-001,M2M_CATALOG,2020-11-11T19:36Z,S22E60,12782.0,2020-11-11,1T19,,,,,,,,,,,,,
2020-11-21T19:36:00-CME-001,M2M_CATALOG,2020-11-21T19:36Z,,,2020-11-21,1T19,,,,,,,,,,,,,
2020-12-11T19:09:00-CME-001,M2M_CATALOG,2020-12-11T19:09Z,,12791.0,2020-12-11,1T19,,,,,,,,,,,,,
2020-11-12T02:24:00-CME-001,M2M_CATALOG,2020-11-12T02:24Z,,,2020-11-12,2T02,,,,,,,,,,,,,
2020-11-13T12:24:00-CME-001,M2M_CATALOG,2020-11-13T12:24Z,,,2020-11-13,3T12,,,,,,,,,,,,,
2020-11-17T08:36:00-CME-001,M2M_CATALOG,2020-11-17T08:36Z,,,2020-11-17,7T08,,,,,,,,,,,,,
2020-11-17T19:00:00-CME-001,M2M_CATALOG,2020-11-17T19:00Z,,,2020-11-17,7T19,,,,,,,,,,,,,
2020-11-18T21:48:00-CME-001,M2M_CATALOG,2020-11-18T21:48Z,S20E138,,2020-11-18,8T21,,,,,,,,,,,,,
2020-11-19T02:54:00-CME-001,M2M_CATALOG,2020-11-19T02:54Z,,,2020-11-19,9T02,,,,,,,,,,,,,
2020-11-27T05:48:00-CME-001,M2M_CATALOG,2020-11-27T05:48Z,,,2020-11-27,7T05,,,,,,,,,,,,,
2020-11-29T13:24:00-CME-001,M2M_CATALOG,2020-11-29T13:24Z,S23E97,,2020-11-29,9T13,,,,,,,,,,,,,
2020-11-30T07:09:00-CME-001,M2M_CATALOG,2020-11-30T07:09Z,,,2020-11-30,0T07,,,,,,,,,,,,,
2020-12-01T05:48:00-CME-001,M2M_CATALOG,2020-12-01T05:48Z,S25E80,12790.0,2020-12-01,1T05,,,,,,,,,,,,,
2020-12-01T07:12:00-CME-001,M2M_CATALOG,2020-12-01T07:12Z,N35E30,12787.0,2020-12-01,1T07,,,,,,,,,,,,,
2020-12-03T11:12:00-CME-001,M2M_CATALOG,2020-12-03T11:12Z,S30E137,,2020-12-03,3T11,,,,,,,,,,,,,
2020-12-04T02:48:00-CME-001,M2M_CATALOG,2020-12-04T02:48Z,,,2020-12-04,4T02,,,,,,,,,,,,,
2020-12-06T22:00:00-CME-001,M2M_CATALOG,2020-12-06T22:00Z,,,2020-12-06,6T22,,,,,,,,,,,,,
2020-12-07T16:24:00-CME-001,M2M_CATALOG,2020-12-07T16:24Z,S23W11,12790.0,2020-12-07,7T16,,,,,,,,,,,,,
2020-12-07T18:36:00-CME-001,M2M_CATALOG,2020-12-07T18:36Z,S40W30,,2020-12-07,7T18,,,,,,,,,,,,,
2020-12-17T06:48:00-CME-001,M2M_CATALOG,2020-12-17T06:48Z,,,2020-12-17,7T06,,,,,,,,,,,,,
2020-12-27T00:48:00-CME-001,M2M_CATALOG,2020-12-27T00:48Z,,,2020-12-27,7T00,,,,,,,,,,,,,
2020-12-30T02:24:00-CME-001,M2M_CATALOG,2020-12-30T02:24Z,S20E08,12795.0,2020-12-30,0T02,,,,,,,,,,,,,
2020-10-10T04:24:00-CME-001,M2M_CATALOG,2020-10-10T04:24Z,,,2020-10-10,0T04,,,,,,,,,,,,,
2020-10-13T21:12:00-CME-001,M2M_CATALOG,2020-10-13T21:12Z,S23W37,12775.0,2020-10-13,3T21,,,,,,,,,,,,,
2020-10-14T03:24:00-CME-001,M2M_CATALOG,2020-10-14T03:24Z,,,2020-10-14,4T03,,,,,,,,,,,,,
2020-10-15T11:24:00-CME-001,M2M_CATALOG,2020-10-15T11:24Z,,,2020-10-15,5T11,,,,,,,,,,,,,
2020-10-15T16:36:00-CME-001,M2M_CATALOG,2020-10-15T16:36Z,,,2020-10-15,5T16,,,,,,,,,,,,,
2020-10-16T13:36:00-CME-001,M2M_CATALOG,2020-10-16T13:36Z,,12774.0,2020-10-16,6T13,,,,,,,,,,,,,
2020-10-16T16:03:00-CME-001,M2M_CATALOG,2020-10-16T16:03Z,S23W66,12775.0,2020-10-16,6T16,,,,,,,,,,,,,
2020-10-18T09:24:00-CME-001,M2M_CATALOG,2020-10-18T09:24Z,,,2020-10-18,8T09,,,,,,,,,,,,,
2020-10-22T13:09:00-CME-001,M2M_CATALOG,2020-10-22T13:09Z,,,2020-10-22,2T13,,,,,,,,,,,,,
2020-11-02T05:24:00-CME-001,M2M_CATALOG,2020-11-02T05:24Z,,,2020-11-02,2T05,,,,,,,,,,,,,
2020-11-07T13:24:00-CME-001,M2M_CATALOG,2020-11-07T13:24Z,N19W01,12780.0,2020-11-07,7T13,,,,,,,,,,,,,
2020-11-08T20:12:00-CME-001,M2M_CATALOG,2020-11-08T20:12Z,,,2020-11-08,8T20,,,,,,,,,,,,,
2020-11-11T19:36:00-CME-001,M2M_CATALOG,2020-11-11T19:36Z,S22E60,12782.0,2020-11-11,1T19,,,,,,,,,,,,,
2020-11-21T19:36:00-CME-001,M2M_CATALOG,2020-11-21T19:36Z,,,2020-11-21,1T19,,,,,,,,,,,,,
2020-12-11T19:09:00-CME-001,M2M_CATALOG,2020-12-11T19:09Z,,12791.0,2020-12-11,1T19,,,,,,,,,,,,,
2020-11-12T02:24:00-CME-001,M2M_CATALOG,2020-11-12T02:24Z,,,2020-11-12,2T02,,,,,,,,,,,,,
2020-11-13T12:24:00-CME-001,M2M_CATALOG,2020-11-13T12:24Z,,,2020-11-13,3T12,,,,,,,,,,,,,
2020-11-17T08:36:00-CME-001,M2M_CATALOG,2020-11-17T08:36Z,,,2020-11-17,7T08,,,,,,,,,,,,,
2020-11-17T19:00:00-CME-001,M2M_CATALOG,2020-11-17T19:00Z,,,2020-11-17,7T19,,,,,,,,,,,,,
2020-11-18T21:48:00-CME-001,M2M_CATALOG,2020-11-18T21:48Z,S20E138,,2020-11-18,8T21,,,,,,,,,,,,,
2020-11-19T02:54:00-CME-001,M2M_CATALOG,2020-11-19T02:54Z,,,2020-11-19,9T02,,,,,,,,,,,,,
2020-11-27T05:48:00-CME-001,M2M_CATALOG,2020-11-27T05:48Z,,,2020-11-27,7T05,,,,,,,,,,,,,
2020-11-29T13:24:00-CME-001,M2M_CATALOG,2020-11-29T13:24Z,S23E97,,2020-11-29,9T13,,,,,,,,,,,,,
2020-11-30T07:09:00-CME-001,M2M_CATALOG,2020-11-30T07:09Z,,,2020-11-30,0T07,,,,,,,,,,,,,
2020-12-01T05:48:00-CME-001,M2M_CATALOG,2020-12-01T05:48Z,S25E80,12790.0,2020-12-01,1T05,,,,,,,,,,,,,
2020-12-01T07:12:00-CME-001,M2M_CATALOG,2020-12-01T07:12Z,N35E30,12787.0,2020-12-01,1T07,,,,,,,,,,,,,
2020-12-03T11:12:00-CME-001,M2M_CATALOG,2020-12-03T11:12Z,S30E137,,2020-12-03,3T11,,,,,,,,,,,,,
2020-12-04T02:48:00-CME-001,M2M_CATALOG,2020-12-04T02:48Z,,,2020-12-04,4T02,,,,,,,,,,,,,
2020-12-06T22:00:00-CME-001,M2M_CATALOG,2020-12-06T22:00Z,,,2020-12-06,6T22,,,,,,,,,,,,,
2020-12-07T16:24:00-CME-001,M2M_CATALOG,2020-12-07T16:24Z,S23W11,12790.0,2020-12-07,7T16,,,,,,,,,,,,,
2020-12-07T18:36:00-CME-001,M2M_CATALOG,2020-12-07T18:36Z,S40W30,,2020-12-07,7T18,,,,,,,,,,,,,
2020-12-17T06:48:00-CME-001,M2M_CATALOG,2020-12-17T06:48Z,,,2020-12-17,7T06,,,,,,,,,,,,,
2020-12-27T00:48:00-CME-001,M2M_CATALOG,2020-12-27T00:48Z,,,2020-12-27,7T00,,,,,,,,,,,,,
2020-12-30T02:24:00-CME-001,M2M_CATALOG,2020-12-30T02:24Z,S20E08,12795.0,2020-12-30,0T02,,,,,,,,,,,,,
2020-10-23T04:39:00-CME-001,M2M_CATALOG,2020-10-23T04:39Z,,,2020-10-23,3T04,,,,,,,,,,,,,
2020-10-23T22:35:00-CME-001,M2M_CATALOG,2020-10-23T22:35Z,,,2020-10-23,3T22,,,,,,,,,,,,,
2020-10-10T04:24:00-CME-001,M2M_CATALOG,2020-10-10T04:24Z,,,2020-10-10,0T04,,,,,,,,,,,,,
2020-10-13T21:12:00-CME-001,M2M_CATALOG,2020-10-13T21:12Z,S23W37,12775.0,2020-10-13,3T21,,,,,,,,,,,,,
2020-10-14T03:24:00-CME-001,M2M_CATALOG,2020-10-14T03:24Z,,,2020-10-14,4T03,,,,,,,,,,,,,
2020-10-15T11:24:00-CME-001,M2M_CATALOG,2020-10-15T11:24Z,,,2020-10-15,5T11,,,,,,,,,,,,,
2020-10-15T16:36:00-CME-001,M2M_CATALOG,2020-10-15T16:36Z,,,2020-10-15,5T16,,,,,,,,,,,,,
2020-10-16T13:36:00-CME-001,M2M_CATALOG,2020-10-16T13:36Z,,12774.0,2020-10-16,6T13,,,,,,,,,,,,,
2020-10-16T16:03:00-CME-001,M2M_CATALOG,2020-10-16T16:03Z,S23W66,12775.0,2020-10-16,6T16,,,,,,,,,,,,,
2020-10-18T09:24:00-CME-001,M2M_CATALOG,2020-10-18T09:24Z,,,2020-10-18,8T09,,,,,,,,,,,,,
2020-10-22T13:09:00-CME-001,M2M_CATALOG,2020-10-22T13:09Z,,,2020-10-22,2T13,,,,,,,,,,,,,
2020-10-23T04:39:00-CME-001,M2M_CATALOG,2020-10-23T04:39Z,,,2020-10-23,3T04,,,,,,,,,,,,,
2020-10-23T22:35:00-CME-001,M2M_CATALOG,2020-10-23T22:35Z,,,2020-10-23,3T22,,,,,,,,,,,,,
2020-10-26T09:12:00-CME-001,M2M_CATALOG,2020-10-26T09:12Z,,,2020-10-26,6T09,,,,,,,,,,,,,
2020-10-26T18:09:00-CME-001,M2M_CATALOG,2020-10-26T18:09Z,,,2020-10-26,6T18,,,,,,,,,,,,,
2020-10-27T03:39:00-CME-001,M2M_CATALOG,2020-10-27T03:39Z,,,2020-10-27,7T03,,,,,,,,,,,,,
2020-10-28T13:42:00-CME-001,M2M_CATALOG,2020-10-28T13:42Z,,,2020-10-28,8T13,,,,,,,,,,,,,
2020-11-18T13:24:00-CME-001,M2M_CATALOG,2020-11-18T13:24Z,,,2020-11-18,8T13,,,,,,,,,,,,,
2020-11-18T13:36:00-CME-001,M2M_CATALOG,2020-11-18T13:36Z,,,2020-11-18,8T13,,,,,,,,,,,,,
2020-10-29T01:54:00-CME-001,M2M_CATALOG,2020-10-29T01:54Z,S19W28,12779.0,2020-10-29,9T01,,,,,,,,,,,,,
2020-10-31T00:12:00-CME-001,M2M_CATALOG,2020-10-31T00:12Z,,,2020-10-31,1T00,,,,,,,,,,,,,
2020-12-11T00:36:00-CME-001,M2M_CATALOG,2020-12-11T00:36Z,,,2020-12-11,1T00,,,,,,,,,,,,,
2020-11-01T20:00:00-CME-001,M2M_CATALOG,2020-11-01T20:00Z,,,2020-11-01,1T20,,,,,,,,,,,,,
2020-11-02T05:24:00-CME-001,M2M_CATALOG,2020-11-02T05:24Z,,,2020-11-02,2T05,,,,,,,,,,,,,
2020-11-07T13:24:00-CME-001,M2M_CATALOG,2020-11-07T13:24Z,N19W01,12780.0,2020-11-07,7T13,,,,,,,,,,,,,
2020-11-08T20:12:00-CME-001,M2M_CATALOG,2020-11-08T20:12Z,,,2020-11-08,8T20,,,,,,,,,,,,,
2020-11-11T19:36:00-CME-001,M2M_CATALOG,2020-11-11T19:36Z,S22E60,12782.0,2020-11-11,1T19,,,,,,,,,,,,,
2020-11-21T19:36:00-CME-001,M2M_CATALOG,2020-11-21T19:36Z,,,2020-11-21,1T19,,,,,,,,,,,,,
2020-12-11T19:09:00-CME-001,M2M_CATALOG,2020-12-11T19:09Z,,12791.0,2020-12-11,1T19,,,,,,,,,,,,,
2020-11-12T02:24:00-CME-001,M2M_CATALOG,2020-11-12T02:24Z,,,2020-11-12,2T02,,,,,,,,,,,,,
2020-11-13T12:24:00-CME-001,M2M_CATALOG,2020-11-13T12:24Z,,,2020-11-13,3T12,,,,,,,,,,,,,
2020-11-17T08:36:00-CME-001,M2M_CATALOG,2020-11-17T08:36Z,,,2020-11-17,7T08,,,,,,,,,,,,,
2020-11-17T19:00:00-CME-001,M2M_CATALOG,2020-11-17T19:00Z,,,2020-11-17,7T19,,,,,,,,,,,,,
2020-10-28T13:42:00-CME-001,M2M_CATALOG,2020-10-28T13:42Z,,,2020-10-28,8T13,,,,,,,,,,,,,
2020-11-18T13:24:00-CME-001,M2M_CATALOG,2020-11-18T13:24Z,,,2020-11-18,8T13,,,,,,,,,,,,,
2020-11-18T13:36:00-CME-001,M2M_CATALOG,2020-11-18T13:36Z,,,2020-11-18,8T13,,,,,,,,,,,,,
2020-10-28T13:42:00-CME-001,M2M_CATALOG,2020-10-28T13:42Z,,,2020-10-28,8T13,,,,,,,,,,,,,
2020-11-18T13:24:00-CME-001,M2M_CATALOG,2020-11-18T13:24Z,,,2020-11-18,8T13,,,,,,,,,,,,,
2020-11-18T13:36:00-CME-001,M2M_CATALOG,2020-11-18T13:36Z,,,2020-11-18,8T13,,,,,,,,,,,,,
2020-11-18T21:48:00-CME-001,M2M_CATALOG,2020-11-18T21:48Z,S20E138,,2020-11-18,8T21,,,,,,,,,,,,,
2020-11-19T02:54:00-CME-001,M2M_CATALOG,2020-11-19T02:54Z,,,2020-11-19,9T02,,,,,,,,,,,,,
2020-11-19T03:12:00-CME-001,M2M_CATALOG,2020-11-19T03:12Z,N30E40,,2020-11-19,9T03,,,,,,,,,,,,,
2020-11-19T06:48:00-CME-001,M2M_CATALOG,2020-11-19T06:48Z,S23E49,,2020-11-19,9T06,,,,,,,,,,,,,
2020-11-19T15:12:00-CME-001,M2M_CATALOG,2020-11-19T15:12Z,,,2020-11-19,9T15,,,,,,,,,,,,,
2020-11-29T15:05:00-CME-001,M2M_CATALOG,2020-11-29T15:05Z,,12783.0,2020-11-29,9T15,,,,,,,,,,,,,
2020-11-20T19:51:00-CME-001,M2M_CATALOG,2020-11-20T19:51Z,,12783.0,2020-11-20,0T19,,,,,,,,,,,,,
2020-11-20T21:12:00-CME-001,M2M_CATALOG,2020-11-20T21:12Z,,,2020-11-20,0T21,,,,,,,,,,,,,
2020-11-11T19:36:00-CME-001,M2M_CATALOG,2020-11-11T19:36Z,S22E60,12782.0,2020-11-11,1T19,,,,,,,,,,,,,
2020-11-21T19:36:00-CME-001,M2M_CATALOG,2020-11-21T19:36Z,,,2020-11-21,1T19,,,,,,,,,,,,,
2020-12-11T19:09:00-CME-001,M2M_CATALOG,2020-12-11T19:09Z,,12791.0,2020-12-11,1T19,,,,,,,,,,,,,
2020-11-21T23:12:00-CME-001,M2M_CATALOG,2020-11-21T23:12Z,,,2020-11-21,1T23,,,,,,,,,,,,,
2020-11-22T01:36:00-CME-001,M2M_CATALOG,2020-11-22T01:36Z,,,2020-11-22,2T01,,,,,,,,,,,,,
2020-11-23T18:48:00-CME-001,M2M_CATALOG,2020-11-23T18:48Z,,,2020-11-23,3T18,,,,,,,,,,,,,
2020-11-24T04:36:00-CME-001,M2M_CATALOG,2020-11-24T04:36Z,S20E65,12785.0,2020-11-24,4T04,,,,,,,,,,,,,
2020-11-24T11:24:00-CME-001,M2M_CATALOG,2020-11-24T11:24Z,,,2020-11-24,4T11,,,,,,,,,,,,,
2020-12-04T11:09:00-CME-001,M2M_CATALOG,2020-12-04T11:09Z,,,2020-12-04,4T11,,,,,,,,,,,,,
2020-11-24T13:24:00-CME-001,M2M_CATALOG,2020-11-24T13:24Z,,,2020-11-24,4T13,,,,,,,,,,,,,
2020-11-26T08:24:00-CME-001,M2M_CATALOG,2020-11-26T08:24Z,,,2020-11-26,6T08,,,,,,,,,,,,,
2020-11-26T21:24:00-CME-001,M2M_CATALOG,2020-11-26T21:24Z,N32E90,12787.0,2020-11-26,6T21,,,,,,,,,,,,,
2020-11-27T05:48:00-CME-001,M2M_CATALOG,2020-11-27T05:48Z,,,2020-11-27,7T05,,,,,,,,,,,,,
2020-11-29T13:24:00-CME-001,M2M_CATALOG,2020-11-29T13:24Z,S23E97,,2020-11-29,9T13,,,,,,,,,,,,,
2020-11-19T15:12:00-CME-001,M2M_CATALOG,2020-11-19T15:12Z,,,2020-11-19,9T15,,,,,,,,,,,,,
2020-11-29T15:05:00-CME-001,M2M_CATALOG,2020-11-29T15:05Z,,12783.0,2020-11-29,9T15,,,,,,,,,,,,,
2020-11-30T07:09:00-CME-001,M2M_CATALOG,2020-11-30T07:09Z,,,2020-11-30,0T07,,,,,,,,,,,,,
2020-12-01T05:48:00-CME-001,M2M_CATALOG,2020-12-01T05:48Z,S25E80,12790.0,2020-12-01,1T05,,,,,,,,,,,,,
2020-12-01T07:12:00-CME-001,M2M_CATALOG,2020-12-01T07:12Z,N35E30,12787.0,2020-12-01,1T07,,,,,,,,,,,,,
2020-12-03T11:12:00-CME-001,M2M_CATALOG,2020-12-03T11:12Z,S30E137,,2020-12-03,3T11,,,,,,,,,,,,,
2020-12-04T02:48:00-CME-001,M2M_CATALOG,2020-12-04T02:48Z,,,2020-12-04,4T02,,,,,,,,,,,,,
2020-11-24T11:24:00-CME-001,M2M_CATALOG,2020-11-24T11:24Z,,,2020-11-24,4T11,,,,,,,,,,,,,
2020-12-04T11:09:00-CME-001,M2M_CATALOG,2020-12-04T11:09Z,,,2020-12-04,4T11,,,,,,,,,,,,,
2020-12-06T22:00:00-CME-001,M2M_CATALOG,2020-12-06T22:00Z,,,2020-12-06,6T22,,,,,,,,,,,,,
2020-12-07T16:24:00-CME-001,M2M_CATALOG,2020-12-07T16:24Z,S23W11,12790.0,2020-12-07,7T16,,,,,,,,,,,,,
2020-12-07T18:36:00-CME-001,M2M_CATALOG,2020-12-07T18:36Z,S40W30,,2020-12-07,7T18,,,,,,,,,,,,,
2020-10-31T00:12:00-CME-001,M2M_CATALOG,2020-10-31T00:12Z,,,2020-10-31,1T00,,,,,,,,,,,,,
2020-12-11T00:36:00-CME-001,M2M_CATALOG,2020-12-11T00:36Z,,,2020-12-11,1T00,,,,,,,,,,,,,
2020-11-11T19:36:00-CME-001,M2M_CATALOG,2020-11-11T19:36Z,S22E60,12782.0,2020-11-11,1T19,,,,,,,,,,,,,
2020-11-21T19:36:00-CME-001,M2M_CATALOG,2020-11-21T19:36Z,,,2020-11-21,1T19,,,,,,,,,,,,,
2020-12-11T19:09:00-CME-001,M2M_CATALOG,2020-12-11T19:09Z,,12791.0,2020-12-11,1T19,,,,,,,,,,,,,
2020-12-12T04:12:00-CME-001,M2M_CATALOG,2020-12-12T04:12Z,,,2020-12-12,2T04,,,,,,,,,,,,,
2020-12-13T09:24:00-CME-001,M2M_CATALOG,2020-12-13T09:24Z,,,2020-12-13,3T09,,,,,,,,,,,,,
2020-12-14T15:12:00-CME-001,M2M_CATALOG,2020-12-14T15:12Z,S22E44,12792.0,2020-12-14,4T15,,,,,,,,,,,,,
2020-12-14T21:12:00-CME-001,M2M_CATALOG,2020-12-14T21:12Z,N40E110,,2020-12-14,4T21,,,,,,,,,,,,,
2020-12-17T06:48:00-CME-001,M2M_CATALOG,2020-12-17T06:48Z,,,2020-12-17,7T06,,,,,,,,,,,,,
2020-12-27T00:48:00-CME-001,M2M_CATALOG,2020-12-27T00:48Z,,,2020-12-27,7T00,,,,,,,,,,,,,
2020-12-30T02:24:00-CME-001,M2M_CATALOG,2020-12-30T02:24Z,S20E08,12795.0,2020-12-30,0T02,,,,,,,,,,,,,
2020-10-10T04:24:00-CME-001,M2M_CATALOG,2020-10-10T04:24Z,,,2020-10-10,0T04,,,,,,,,,,,,,
2020-10-13T21:12:00-CME-001,M2M_CATALOG,2020-10-13T21:12Z,S23W37,12775.0,2020-10-13,3T21,,,,,,,,,,,,,
2020-10-14T03:24:00-CME-001,M2M_CATALOG,2020-10-14T03:24Z,,,2020-10-14,4T03,,,,,,,,,,,,,
2020-10-15T11:24:00-CME-001,M2M_CATALOG,2020-10-15T11:24Z,,,2020-10-15,5T11,,,,,,,,,,,,,
2020-10-15T16:36:00-CME-001,M2M_CATALOG,2020-10-15T16:36Z,,,2020-10-15,5T16,,,,,,,,,,,,,
2020-10-16T13:36:00-CME-001,M2M_CATALOG,2020-10-16T13:36Z,,12774.0,2020-10-16,6T13,,,,,,,,,,,,,
2020-10-16T16:03:00-CME-001,M2M_CATALOG,2020-10-16T16:03Z,S23W66,12775.0,2020-10-16,6T16,,,,,,,,,,,,,
2020-10-18T09:24:00-CME-001,M2M_CATALOG,2020-10-18T09:24Z,,,2020-10-18,8T09,,,,,,,,,,,,,
2020-10-22T13:09:00-CME-001,M2M_CATALOG,2020-10-22T13:09Z,,,2020-10-22,2T13,,,,,,,,,,,,,
2020-10-23T04:39:00-CME-001,M2M_CATALOG,2020-10-23T04:39Z,,,2020-10-23,3T04,,,,,,,,,,,,,
2020-10-23T22:35:00-CME-001,M2M_CATALOG,2020-10-23T22:35Z,,,2020-10-23,3T22,,,,,,,,,,,,,
2020-10-26T09:12:00-CME-001,M2M_CATALOG,2020-10-26T09:12Z,,,2020-10-26,6T09,,,,,,,,,,,,,
2020-10-26T18:09:00-CME-001,M2M_CATALOG,2020-10-26T18:09Z,,,2020-10-26,6T18,,,,,,,,,,,,,
2020-10-27T03:39:00-CME-001,M2M_CATALOG,2020-10-27T03:39Z,,,2020-10-27,7T03,,,,,,,,,,,,,
2020-10-28T13:42:00-CME-001,M2M_CATALOG,2020-10-28T13:42Z,,,2020-10-28,8T13,,,,,,,,,,,,,
2020-11-18T13:24:00-CME-001,M2M_CATALOG,2020-11-18T13:24Z,,,2020-11-18,8T13,,,,,,,,,,,,,
2020-11-18T13:36:00-CME-001,M2M_CATALOG,2020-11-18T13:36Z,,,2020-11-18,8T13,,,,,,,,,,,,,
2020-10-29T01:54:00-CME-001,M2M_CATALOG,2020-10-29T01:54Z,S19W28,12779.0,2020-10-29,9T01,,,,,,,,,,,,,
2020-10-31T00:12:00-CME-001,M2M_CATALOG,2020-10-31T00:12Z,,,2020-10-31,1T00,,,,,,,,,,,,,
2020-12-11T00:36:00-CME-001,M2M_CATALOG,2020-12-11T00:36Z,,,2020-12-11,1T00,,,,,,,,,,,,,
2020-11-01T20:00:00-CME-001,M2M_CATALOG,2020-11-01T20:00Z,,,2020-11-01,1T20,,,,,,,,,,,,,
2020-11-02T05:24:00-CME-001,M2M_CATALOG,2020-11-02T05:24Z,,,2020-11-02,2T05,,,,,,,,,,,,,
2020-11-07T13:24:00-CME-001,M2M_CATALOG,2020-11-07T13:24Z,N19W01,12780.0,2020-11-07,7T13,,,,,,,,,,,,,
2020-11-08T20:12:00-CME-001,M2M_CATALOG,2020-11-08T20:12Z,,,2020-11-08,8T20,,,,,,,,,,,,,
2020-11-11T19:36:00-CME-001,M2M_CATALOG,2020-11-11T19:36Z,S22E60,12782.0,2020-11-11,1T19,,,,,,,,,,,,,
2020-11-21T19:36:00-CME-001,M2M_CATALOG,2020-11-21T19:36Z,,,2020-11-21,1T19,,,,,,,,,,,,,
2020-12-11T19:09:00-CME-001,M2M_CATALOG,2020-12-11T19:09Z,,12791.0,2020-12-11,1T19,,,,,,,,,,,,,
2020-11-12T02:24:00-CME-001,M2M_CATALOG,2020-11-12T02:24Z,,,2020-11-12,2T02,,,,,,,,,,,,,
2020-11-13T12:24:00-CME-001,M2M_CATALOG,2020-11-13T12:24Z,,,2020-11-13,3T12,,,,,,,,,,,,,
2020-11-17T08:36:00-CME-001,M2M_CATALOG,2020-11-17T08:36Z,,,2020-11-17,7T08,,,,,,,,,,,,,
2020-11-17T19:00:00-CME-001,M2M_CATALOG,2020-11-17T19:00Z,,,2020-11-17,7T19,,,,,,,,,,,,,
2020-10-28T13:42:00-CME-001,M2M_CATALOG,2020-10-28T13:42Z,,,2020-10-28,8T13,,,,,,,,,,,,,
2020-11-18T13:24:00-CME-001,M2M_CATALOG,2020-11-18T13:24Z,,,2020-11-18,8T13,,,,,,,,,,,,,
2020-11-18T13:36:00-CME-001,M2M_CATALOG,2020-11-18T13:36Z,,,2020-11-18,8T13,,,,,,,,,,,,,
2020-10-28T13:42:00-CME-001,M2M_CATALOG,2020-10-28T13:42Z,,,2020-10-28,8T13,,,,,,,,,,,,,
2020-11-18T13:24:00-CME-001,M2M_CATALOG,2020-11-18T13:24Z,,,2020-11-18,8T13,,,,,,,,,,,,,
2020-11-18T13:36:00-CME-001,M2M_CATALOG,2020-11-18T13:36Z,,,2020-11-18,8T13,,,,,,,,,,,,,
2020-11-18T21:48:00-CME-001,M2M_CATALOG,2020-11-18T21:48Z,S20E138,,2020-11-18,8T21,,,,,,,,,,,,,
2020-11-19T02:54:00-CME-001,M2M_CATALOG,2020-11-19T02:54Z,,,2020-11-19,9T02,,,,,,,,,,,,,
2020-11-19T03:12:00-CME-001,M2M_CATALOG,2020-11-19T03:12Z,N30E40,,2020-11-19,9T03,,,,,,,,,,,,,
2020-11-19T06:48:00-CME-001,M2M_CATALOG,2020-11-19T06:48Z,S23E49,,2020-11-19,9T06,,,,,,,,,,,,,
2020-11-19T15:12:00-CME-001,M2M_CATALOG,2020-11-19T15:12Z,,,2020-11-19,9T15,,,,,,,,,,,,,
2020-11-29T15:05:00-CME-001,M2M_CATALOG,2020-11-29T15:05Z,,12783.0,2020-11-29,9T15,,,,,,,,,,,,,
2020-11-20T19:51:00-CME-001,M2M_CATALOG,2020-11-20T19:51Z,,12783.0,2020-11-20,0T19,,,,,,,,,,,,,
2020-10-10T04:24:00-CME-001,M2M_CATALOG,2020-10-10T04:24Z,,,2020-10-10,0T04,,,,,,,,,,,,,
2020-10-13T21:12:00-CME-001,M2M_CATALOG,2020-10-13T21:12Z,S23W37,12775.0,2020-10-13,3T21,,,,,,,,,,,,,
2020-10-14T03:24:00-CME-001,M2M_CATALOG,2020-10-14T03:24Z,,,2020-10-14,4T03,,,,,,,,,,,,,
2020-10-15T11:24:00-CME-001,M2M_CATALOG,2020-10-15T11:24Z,,,2020-10-15,5T11,,,,,,,,,,,,,
2020-10-15T16:36:00-CME-001,M2M_CATALOG,2020-10-15T16:36Z,,,2020-10-15,5T16,,,,,,,,,,,,,
2020-10-16T13:36:00-CME-001,M2M_CATALOG,2020-10-16T13:36Z,,12774.0,2020-10-16,6T13,,,,,,,,,,,,,
2020-10-16T16:03:00-CME-001,M2M_CATALOG,2020-10-16T16:03Z,S23W66,12775.0,2020-10-16,6T16,,,,,,,,,,,,,
2020-10-18T09:24:00-CME-001,M2M_CATALOG,2020-10-18T09:24Z,,,2020-10-18,8T09,,,,,,,,,,,,,
2020-10-22T13:09:00-CME-001,M2M_CATALOG,2020-10-22T13:09Z,,,2020-10-22,2T13,,,,,,,,,,,,,
2020-10-23T04:39:00-CME-001,M2M_CATALOG,2020-10-23T04:39Z,,,2020-10-23,3T04,,,,,,,,,,,,,
2020-10-23T22:35:00-CME-001,M2M_CATALOG,2020-10-23T22:35Z,,,2020-10-23,3T22,,,,,,,,,,,,,
2020-10-26T09:12:00-CME-001,M2M_CATALOG,2020-10-26T09:12Z,,,2020-10-26,6T09,,,,,,,,,,,,,
2020-10-26T18:09:00-CME-001,M2M_CATALOG,2020-10-26T18:09Z,,,2020-10-26,6T18,,,,,,,,,,,,,
2020-10-27T03:39:00-CME-001,M2M_CATALOG,2020-10-27T03:39Z,,,2020-10-27,7T03,,,,,,,,,,,,,
2020-10-28T13:42:00-CME-001,M2M_CATALOG,2020-10-28T13:42Z,,,2020-10-28,8T13,,,,,,,,,,,,,
2020-11-18T13:24:00-CME-001,M2M_CATALOG,2020-11-18T13:24Z,,,2020-11-18,8T13,,,,,,,,,,,,,
2020-11-18T13:36:00-CME-001,M2M_CATALOG,2020-11-18T13:36Z,,,2020-11-18,8T13,,,,,,,,,,,,,
2020-10-29T01:54:00-CME-001,M2M_CATALOG,2020-10-29T01:54Z,S19W28,12779.0,2020-10-29,9T01,,,,,,,,,,,,,
2020-10-31T00:12:00-CME-001,M2M_CATALOG,2020-10-31T00:12Z,,,2020-10-31,1T00,,,,,,,,,,,,,
2020-12-11T00:36:00-CME-001,M2M_CATALOG,2020-12-11T00:36Z,,,2020-12-11,1T00,,,,,,,,,,,,,
2020-11-01T20:00:00-CME-001,M2M_CATALOG,2020-11-01T20:00Z,,,2020-11-01,1T20,,,,,,,,,,,,,
2020-11-02T05:24:00-CME-001,M2M_CATALOG,2020-11-02T05:24Z,,,2020-11-02,2T05,,,,,,,,,,,,,
2020-11-07T13:24:00-CME-001,M2M_CATALOG,2020-11-07T13:24Z,N19W01,12780.0,2020-11-07,7T13,,,,,,,,,,,,,
2020-11-08T20:12:00-CME-001,M2M_CATALOG,2020-11-08T20:12Z,,,2020-11-08,8T20,,,,,,,,,,,,,
2020-11-11T19:36:00-CME-001,M2M_CATALOG,2020-11-11T19:36Z,S22E60,12782.0,2020-11-11,1T19,,,,,,,,,,,,,
2020-11-21T19:36:00-CME-001,M2M_CATALOG,2020-11-21T19:36Z,,,2020-11-21,1T19,,,,,,,,,,,,,
2020-12-11T19:09:00-CME-001,M2M_CATALOG,2020-12-11T19:09Z,,12791.0,2020-12-11,1T19,,,,,,,,,,,,,
2020-11-12T02:24:00-CME-001,M2M_CATALOG,2020-11-12T02:24Z,,,2020-11-12,2T02,,,,,,,,,,,,,
2020-11-13T12:24:00-CME-001,M2M_CATALOG,2020-11-13T12:24Z,,,2020-11-13,3T12,,,,,,,,,,,,,
2020-11-17T08:36:00-CME-001,M2M_CATALOG,2020-11-17T08:36Z,,,2020-11-17,7T08,,,,,,,,,,,,,
2020-11-17T19:00:00-CME-001,M2M_CATALOG,2020-11-17T19:00Z,,,2020-11-17,7T19,,,,,,,,,,,,,
2020-10-28T13:42:00-CME-001,M2M_CATALOG,2020-10-28T13:42Z,,,2020-10-28,8T13,,,,,,,,,,,,,
2020-11-18T13:24:00-CME-001,M2M_CATALOG,2020-11-18T13:24Z,,,2020-11-18,8T13,,,,,,,,,,,,,
2020-11-18T13:36:00-CME-001,M2M_CATALOG,2020-11-18T13:36Z,,,2020-11-18,8T13,,,,,,,,,,,,,
2020-10-28T13:42:00-CME-001,M2M_CATALOG,2020-10-28T13:42Z,,,2020-10-28,8T13,,,,,,,,,,,,,
2020-11-18T13:24:00-CME-001,M2M_CATALOG,2020-11-18T13:24Z,,,2020-11-18,8T13,,,,,,,,,,,,,
2020-11-18T13:36:00-CME-001,M2M_CATALOG,2020-11-18T13:36Z,,,2020-11-18,8T13,,,,,,,,,,,,,
2020-11-18T21:48:00-CME-001,M2M_CATALOG,2020-11-18T21:48Z,S20E138,,2020-11-18,8T21,,,,,,,,,,,,,
2020-11-19T02:54:00-CME-001,M2M_CATALOG,2020-11-19T02:54Z,,,2020-11-19,9T02,,,,,,,,,,,,,
2020-11-19T03:12:00-CME-001,M2M_CATALOG,2020-11-19T03:12Z,N30E40,,2020-11-19,9T03,,,,,,,,,,,,,
2020-11-19T06:48:00-CME-001,M2M_CATALOG,2020-11-19T06:48Z,S23E49,,2020-11-19,9T06,,,,,,,,,,,,,
2020-11-19T15:12:00-CME-001,M2M_CATALOG,2020-11-19T15:12Z,,,2020-11-19,9T15,,,,,,,,,,,,,
2020-11-29T15:05:00-CME-001,M2M_CATALOG,2020-11-29T15:05Z,,12783.0,2020-11-29,9T15,,,,,,,,,,,,,
2020-11-20T19:51:00-CME-001,M2M_CATALOG,2020-11-20T19:51Z,,12783.0,2020-11-20,0T19,,,,,,,,,,,,,
2020-11-20T21:12:00-CME-001,M2M_CATALOG,2020-11-20T21:12Z,,,2020-11-20,0T21,,,,,,,,,,,,,
2020-11-11T19:36:00-CME-001,M2M_CATALOG,2020-11-11T19:36Z,S22E60,12782.0,2020-11-11,1T19,,,,,,,,,,,,,
2020-11-21T19:36:00-CME-001,M2M_CATALOG,2020-11-21T19:36Z,,,2020-11-21,1T19,,,,,,,,,,,,,
2020-12-11T19:09:00-CME-001,M2M_CATALOG,2020-12-11T19:09Z,,12791.0,2020-12-11,1T19,,,,,,,,,,,,,
2020-11-21T23:12:00-CME-001,M2M_CATALOG,2020-11-21T23:12Z,,,2020-11-21,1T23,,,,,,,,,,,,,
2020-11-22T01:36:00-CME-001,M2M_CATALOG,2020-11-22T01:36Z,,,2020-11-22,2T01,,,,,,,,,,,,,
2020-11-23T18:48:00-CME-001,M2M_CATALOG,2020-11-23T18:48Z,,,2020-11-23,3T18,,,,,,,,,,,,,
2020-11-24T04:36:00-CME-001,M2M_CATALOG,2020-11-24T04:36Z,S20E65,12785.0,2020-11-24,4T04,,,,,,,,,,,,,
2020-11-24T11:24:00-CME-001,M2M_CATALOG,2020-11-24T11:24Z,,,2020-11-24,4T11,,,,,,,,,,,,,
2020-12-04T11:09:00-CME-001,M2M_CATALOG,2020-12-04T11:09Z,,,2020-12-04,4T11,,,,,,,,,,,,,
2020-11-24T13:24:00-CME-001,M2M_CATALOG,2020-11-24T13:24Z,,,2020-11-24,4T13,,,,,,,,,,,,,
2020-11-26T08:24:00-CME-001,M2M_CATALOG,2020-11-26T08:24Z,,,2020-11-26,6T08,,,,,,,,,,,,,
2020-11-26T21:24:00-CME-001,M2M_CATALOG,2020-11-26T21:24Z,N32E90,12787.0,2020-11-26,6T21,,,,,,,,,,,,,
2020-11-27T05:48:00-CME-001,M2M_CATALOG,2020-11-27T05:48Z,,,2020-11-27,7T05,,,,,,,,,,,,,
2020-11-29T13:24:00-CME-001,M2M_CATALOG,2020-11-29T13:24Z,S23E97,,2020-11-29,9T13,,,,,,,,,,,,,
2020-11-19T15:12:00-CME-001,M2M_CATALOG,2020-11-19T15:12Z,,,2020-11-19,9T15,,,,,,,,,,,,,
2020-11-29T15:05:00-CME-001,M2M_CATALOG,2020-11-29T15:05Z,,12783.0,2020-11-29,9T15,,,,,,,,,,,,,
2020-11-30T07:09:00-CME-001,M2M_CATALOG,2020-11-30T07:09Z,,,2020-11-30,0T07,,,,,,,,,,,,,
2020-12-01T05:48:00-CME-001,M2M_CATALOG,2020-12-01T05:48Z,S25E80,12790.0,2020-12-01,1T05,,,,,,,,,,,,,
2020-12-01T07:12:00-CME-001,M2M_CATALOG,2020-12-01T07:12Z,N35E30,12787.0,2020-12-01,1T07,,,,,,,,,,,,,
2020-12-03T11:12:00-CME-001,M2M_CATALOG,2020-12-03T11:12Z,S30E137,,2020-12-03,3T11,,,,,,,,,,,,,
2020-12-04T02:48:00-CME-001,M2M_CATALOG,2020-12-04T02:48Z,,,2020-12-04,4T02,,,,,,,,,,,,,
2020-11-24T11:24:00-CME-001,M2M_CATALOG,2020-11-24T11:24Z,,,2020-11-24,4T11,,,,,,,,,,,,,
2020-12-04T11:09:00-CME-001,M2M_CATALOG,2020-12-04T11:09Z,,,2020-12-04,4T11,,,,,,,,,,,,,
2020-12-06T22:00:00-CME-001,M2M_CATALOG,2020-12-06T22:00Z,,,2020-12-06,6T22,,,,,,,,,,,,,
2020-12-07T16:24:00-CME-001,M2M_CATALOG,2020-12-07T16:24Z,S23W11,12790.0,2020-12-07,7T16,,,,,,,,,,,,,
2020-12-07T18:36:00-CME-001,M2M_CATALOG,2020-12-07T18:36Z,S40W30,,2020-12-07,7T18,,,,,,,,,,,,,
2020-10-31T00:12:00-CME-001,M2M_CATALOG,2020-10-31T00:12Z,,,2020-10-31,1T00,,,,,,,,,,,,,
2020-12-11T00:36:00-CME-001,M2M_CATALOG,2020-12-11T00:36Z,,,2020-12-11,1T00,,,,,,,,,,,,,
2020-11-11T19:36:00-CME-001,M2M_CATALOG,2020-11-11T19:36Z,S22E60,12782.0,2020-11-11,1T19,,,,,,,,,,,,,
2020-11-21T19:36:00-CME-001,M2M_CATALOG,2020-11-21T19:36Z,,,2020-11-21,1T19,,,,,,,,,,,,,
2020-12-11T19:09:00-CME-001,M2M_CATALOG,2020-12-11T19:09Z,,12791.0,2020-12-11,1T19,,,,,,,,,,,,,
2020-12-12T04:12:00-CME-001,M2M_CATALOG,2020-12-12T04:12Z,,,2020-12-12,2T04,,,,,,,,,,,,,
2020-12-13T09:24:00-CME-001,M2M_CATALOG,2020-12-13T09:24Z,,,2020-12-13,3T09,,,,,,,,,,,,,
2020-12-14T15:12:00-CME-001,M2M_CATALOG,2020-12-14T15:12Z,S22E44,12792.0,2020-12-14,4T15,,,,,,,,,,,,,
2020-12-14T21:12:00-CME-001,M2M_CATALOG,2020-12-14T21:12Z,N40E110,,2020-12-14,4T21,,,,,,,,,,,,,
2020-12-17T06:48:00-CME-001,M2M_CATALOG,2020-12-17T06:48Z,,,2020-12-17,7T06,,,,,,,,,,,,,
2020-12-27T00:48:00-CME-001,M2M_CATALOG,2020-12-27T00:48Z,,,2020-12-27,7T00,,,,,,,,,,,,,
2020-12-30T02:24:00-CME-001,M2M_CATALOG,2020-12-30T02:24Z,S20E08,12795.0,2020-12-30,0T02,,,,,,,,,,,,,
2020-10-10T04:24:00-CME-001,M2M_CATALOG,2020-10-10T04:24Z,,,2020-10-10,0T04,,,,,,,,,,,,,
2020-10-13T21:12:00-CME-001,M2M_CATALOG,2020-10-13T21:12Z,S23W37,12775.0,2020-10-13,3T21,,,,,,,,,,,,,
2020-10-14T03:24:00-CME-001,M2M_CATALOG,2020-10-14T03:24Z,,,2020-10-14,4T03,,,,,,,,,,,,,
2020-10-15T11:24:00-CME-001,M2M_CATALOG,2020-10-15T11:24Z,,,2020-10-15,5T11,,,,,,,,,,,,,
2020-10-15T16:36:00-CME-001,M2M_CATALOG,2020-10-15T16:36Z,,,2020-10-15,5T16,,,,,,,,,,,,,
2020-10-16T13:36:00-CME-001,M2M_CATALOG,2020-10-16T13:36Z,,12774.0,2020-10-16,6T13,,,,,,,,,,,,,
2020-10-16T16:03:00-CME-001,M2M_CATALOG,2020-10-16T16:03Z,S23W66,12775.0,2020-10-16,6T16,,,,,,,,,,,,,
2020-10-18T09:24:00-CME-001,M2M_CATALOG,2020-10-18T09:24Z,,,2020-10-18,8T09,,,,,,,,,,,,,
2020-10-22T13:09:00-CME-001,M2M_CATALOG,2020-10-22T13:09Z,,,2020-10-22,2T13,,,,,,,,,,,,,
2020-10-23T04:39:00-CME-001,M2M_CATALOG,2020-10-23T04:39Z,,,2020-10-23,3T04,,,,,,,,,,,,,
2020-10-23T22:35:00-CME-001,M2M_CATALOG,2020-10-23T22:35Z,,,2020-10-23,3T22,,,,,,,,,,,,,
2020-10-26T09:12:00-CME-001,M2M_CATALOG,2020-10-26T09:12Z,,,2020-10-26,6T09,,,,,,,,,,,,,
2020-10-26T18:09:00-CME-001,M2M_CATALOG,2020-10-26T18:09Z,,,2020-10-26,6T18,,,,,,,,,,,,,
2020-10-27T03:39:00-CME-001,M2M_CATALOG,2020-10-27T03:39Z,,,2020-10-27,7T03,,,,,,,,,,,,,
2020-10-28T13:42:00-CME-001,M2M_CATALOG,2020-10-28T13:42Z,,,2020-10-28,8T13,,,,,,,,,,,,,
2020-11-18T13:24:00-CME-001,M2M_CATALOG,2020-11-18T13:24Z,,,2020-11-18,8T13,,,,,,,,,,,,,
2020-11-18T13:36:00-CME-001,M2M_CATALOG,2020-11-18T13:36Z,,,2020-11-18,8T13,,,,,,,,,,,,,
2020-10-29T01:54:00-CME-001,M2M_CATALOG,2020-10-29T01:54Z,S19W28,12779.0,2020-10-29,9T01,,,,,,,,,,,,,
2020-10-31T00:12:00-CME-001,M2M_CATALOG,2020-10-31T00:12Z,,,2020-10-31,1T00,,,,,,,,,,,,,
2020-12-11T00:36:00-CME-001,M2M_CATALOG,2020-12-11T00:36Z,,,2020-12-11,1T00,,,,,,,,,,,,,
2020-11-01T20:00:00-CME-001,M2M_CATALOG,2020-11-01T20:00Z,,,2020-11-01,1T20,,,,,,,,,,,,,
2020-11-02T05:24:00-CME-001,M2M_CATALOG,2020-11-02T05:24Z,,,2020-11-02,2T05,,,,,,,,,,,,,
2020-11-07T13:24:00-CME-001,M2M_CATALOG,2020-11-07T13:24Z,N19W01,12780.0,2020-11-07,7T13,,,,,,,,,,,,,
2020-11-08T20:12:00-CME-001,M2M_CATALOG,2020-11-08T20:12Z,,,2020-11-08,8T20,,,,,,,,,,,,,
2020-11-11T19:36:00-CME-001,M2M_CATALOG,2020-11-11T19:36Z,S22E60,12782.0,2020-11-11,1T19,,,,,,,,,,,,,
2020-11-21T19:36:00-CME-001,M2M_CATALOG,2020-11-21T19:36Z,,,2020-11-21,1T19,,,,,,,,,,,,,
2020-12-11T19:09:00-CME-001,M2M_CATALOG,2020-12-11T19:09Z,,12791.0,2020-12-11,1T19,,,,,,,,,,,,,
2020-11-12T02:24:00-CME-001,M2M_CATALOG,2020-11-12T02:24Z,,,2020-11-12,2T02,,,,,,,,,,,,,
2020-11-13T12:24:00-CME-001,M2M_CATALOG,2020-11-13T12:24Z,,,2020-11-13,3T12,,,,,,,,,,,,,
2020-11-17T08:36:00-CME-001,M2M_CATALOG,2020-11-17T08:36Z,,,2020-11-17,7T08,,,,,,,,,,,,,
2020-11-17T19:00:00-CME-001,M2M_CATALOG,2020-11-17T19:00Z,,,2020-11-17,7T19,,,,,,,,,,,,,
2020-10-28T13:42:00-CME-001,M2M_CATALOG,2020-10-28T13:42Z,,,2020-10-28,8T13,,,,,,,,,,,,,
2020-11-18T13:24:00-CME-001,M2M_CATALOG,2020-11-18T13:24Z,,,2020-11-18,8T13,,,,,,,,,,,,,
2020-11-18T13:36:00-CME-001,M2M_CATALOG,2020-11-18T13:36Z,,,2020-11-18,8T13,,,,,,,,,,,,,
2020-10-28T13:42:00-CME-001,M2M_CATALOG,2020-10-28T13:42Z,,,2020-10-28,8T13,,,,,,,,,,,,,
2020-11-18T13:24:00-CME-001,M2M_CATALOG,2020-11-18T13:24Z,,,2020-11-18,8T13,,,,,,,,,,,,,
2020-11-18T13:36:00-CME-001,M2M_CATALOG,2020-11-18T13:36Z,,,2020-11-18,8T13,,,,,,,,,,,,,
2020-11-18T21:48:00-CME-001,M2M_CATALOG,2020-11-18T21:48Z,S20E138,,2020-11-18,8T21,,,,,,,,,,,,,
2020-11-19T02:54:00-CME-001,M2M_CATALOG,2020-11-19T02:54Z,,,2020-11-19,9T02,,,,,,,,,,,,,
2020-11-19T03:12:00-CME-001,M2M_CATALOG,2020-11-19T03:12Z,N30E40,,2020-11-19,9T03,,,,,,,,,,,,,
2020-11-19T06:48:00-CME-001,M2M_CATALOG,2020-11-19T06:48Z,S23E49,,2020-11-19,9T06,,,,,,,,,,,,,
2020-11-19T15:12:00-CME-001,M2M_CATALOG,2020-11-19T15:12Z,,,2020-11-19,9T15,,,,,,,,,,,,,
2020-11-29T15:05:00-CME-001,M2M_CATALOG,2020-11-29T15:05Z,,12783.0,2020-11-29,9T15,,,,,,,,,,,,,
2020-10-10T04:24:00-CME-001,M2M_CATALOG,2020-10-10T04:24Z,,,2020-10-10,0T04,,,,,,,,,,,,,
2020-10-13T21:12:00-CME-001,M2M_CATALOG,2020-10-13T21:12Z,S23W37,12775.0,2020-10-13,3T21,,,,,,,,,,,,,
2020-10-14T03:24:00-CME-001,M2M_CATALOG,2020-10-14T03:24Z,,,2020-10-14,4T03,,,,,,,,,,,,,
2020-10-15T11:24:00-CME-001,M2M_CATALOG,2020-10-15T11:24Z,,,2020-10-15,5T11,,,,,,,,,,,,,
2020-10-15T16:36:00-CME-001,M2M_CATALOG,2020-10-15T16:36Z,,,2020-10-15,5T16,,,,,,,,,,,,,
2020-10-16T13:36:00-CME-001,M2M_CATALOG,2020-10-16T13:36Z,,12774.0,2020-10-16,6T13,,,,,,,,,,,,,
2020-10-16T16:03:00-CME-001,M2M_CATALOG,2020-10-16T16:03Z,S23W66,12775.0,2020-10-16,6T16,,,,,,,,,,,,,
2020-10-18T09:24:00-CME-001,M2M_CATALOG,2020-10-18T09:24Z,,,2020-10-18,8T09,,,,,,,,,,,,,
2020-10-22T13:09:00-CME-001,M2M_CATALOG,2020-10-22T13:09Z,,,2020-10-22,2T13,,,,,,,,,,,,,
2020-11-02T05:24:00-CME-001,M2M_CATALOG,2020-11-02T05:24Z,,,2020-11-02,2T05,,,,,,,,,,,,,
2020-11-07T13:24:00-CME-001,M2M_CATALOG,2020-11-07T13:24Z,N19W01,12780.0,2020-11-07,7T13,,,,,,,,,,,,,
2020-11-08T20:12:00-CME-001,M2M_CATALOG,2020-11-08T20:12Z,,,2020-11-08,8T20,,,,,,,,,,,,,
2020-11-11T19:36:00-CME-001,M2M_CATALOG,2020-11-11T19:36Z,S22E60,12782.0,2020-11-11,1T19,,,,,,,,,,,,,
2020-11-21T19:36:00-CME-001,M2M_CATALOG,2020-11-21T19:36Z,,,2020-11-21,1T19,,,,,,,,,,,,,
2020-12-11T19:09:00-CME-001,M2M_CATALOG,2020-12-11T19:09Z,,12791.0,2020-12-11,1T19,,,,,,,,,,,,,
2020-11-12T02:24:00-CME-001,M2M_CATALOG,2020-11-12T02:24Z,,,2020-11-12,2T02,,,,,,,,,,,,,
2020-11-13T12:24:00-CME-001,M2M_CATALOG,2020-11-13T12:24Z,,,2020-11-13,3T12,,,,,,,,,,,,,
2020-11-17T08:36:00-CME-001,M2M_CATALOG,2020-11-17T08:36Z,,,2020-11-17,7T08,,,,,,,,,,,,,
2020-11-17T19:00:00-CME-001,M2M_CATALOG,2020-11-17T19:00Z,,,2020-11-17,7T19,,,,,,,,,,,,,
2020-11-18T21:48:00-CME-001,M2M_CATALOG,2020-11-18T21:48Z,S20E138,,2020-11-18,8T21,,,,,,,,,,,,,
2020-11-19T02:54:00-CME-001,M2M_CATALOG,2020-11-19T02:54Z,,,2020-11-19,9T02,,,,,,,,,,,,,
2020-11-27T05:48:00-CME-001,M2M_CATALOG,2020-11-27T05:48Z,,,2020-11-27,7T05,,,,,,,,,,,,,
2020-11-29T13:24:00-CME-001,M2M_CATALOG,2020-11-29T13:24Z,S23E97,,2020-11-29,9T13,,,,,,,,,,,,,
2020-11-30T07:09:00-CME-001,M2M_CATALOG,2020-11-30T07:09Z,,,2020-11-30,0T07,,,,,,,,,,,,,
2020-12-01T05:48:00-CME-001,M2M_CATALOG,2020-12-01T05:48Z,S25E80,12790.0,2020-12-01,1T05,,,,,,,,,,,,,
2020-12-01T07:12:00-CME-001,M2M_CATALOG,2020-12-01T07:12Z,N35E30,12787.0,2020-12-01,1T07,,,,,,,,,,,,,
2020-12-03T11:12:00-CME-001,M2M_CATALOG,2020-12-03T11:12Z,S30E137,,2020-12-03,3T11,,,,,,,,,,,,,
2020-12-04T02:48:00-CME-001,M2M_CATALOG,2020-12-04T02:48Z,,,2020-12-04,4T02,,,,,,,,,,,,,
2020-12-06T22:00:00-CME-001,M2M_CATALOG,2020-12-06T22:00Z,,,2020-12-06,6T22,,,,,,,,,,,,,
2020-12-07T16:24:00-CME-001,M2M_CATALOG,2020-12-07T16:24Z,S23W11,12790.0,2020-12-07,7T16,,,,,,,,,,,,,
2020-12-07T18:36:00-CME-001,M2M_CATALOG,2020-12-07T18:36Z,S40W30,,2020-12-07,7T18,,,,,,,,,,,,,
2020-12-17T06:48:00-CME-001,M2M_CATALOG,2020-12-17T06:48Z,,,2020-12-17,7T06,,,,,,,,,,,,,
2020-12-27T00:48:00-CME-001,M2M_CATALOG,2020-12-27T00:48Z,,,2020-12-27,7T00,,,,,,,,,,,,,
2020-12-30T02:24:00-CME-001,M2M_CATALOG,2020-12-30T02:24Z,S20E08,12795.0,2020-12-30,0T02,,,,,,,,,,,,,
2020-10-10T04:24:00-CME-001,M2M_CATALOG,2020-10-10T04:24Z,,,2020-10-10,0T04,,,,,,,,,,,,,
2020-10-13T21:12:00-CME-001,M2M_CATALOG,2020-10-13T21:12Z,S23W37,12775.0,2020-10-13,3T21,,,,,,,,,,,,,
2020-10-14T03:24:00-CME-001,M2M_CATALOG,2020-10-14T03:24Z,,,2020-10-14,4T03,,,,,,,,,,,,,
2020-10-15T11:24:00-CME-001,M2M_CATALOG,2020-10-15T11:24Z,,,2020-10-15,5T11,,,,,,,,,,,,,
2020-10-15T16:36:00-CME-001,M2M_CATALOG,2020-10-15T16:36Z,,,2020-10-15,5T16,,,,,,,,,,,,,
2020-10-16T13:36:00-CME-001,M2M_CATALOG,2020-10-16T13:36Z,,12774.0,2020-10-16,6T13,,,,,,,,,,,,,
2020-10-16T16:03:00-CME-001,M2M_CATALOG,2020-10-16T16:03Z,S23W66,12775.0,2020-10-16,6T16,,,,,,,,,,,,,
2020-10-18T09:24:00-CME-001,M2M_CATALOG,2020-10-18T09:24Z,,,2020-10-18,8T09,,,,,,,,,,,,,
2020-10-22T13:09:00-CME-001,M2M_CATALOG,2020-10-22T13:09Z,,,2020-10-22,2T13,,,,,,,,,,,,,
2020-11-02T05:24:00-CME-001,M2M_CATALOG,2020-11-02T05:24Z,,,2020-11-02,2T05,,,,,,,,,,,,,
2020-11-07T13:24:00-CME-001,M2M_CATALOG,2020-11-07T13:24Z,N19W01,12780.0,2020-11-07,7T13,,,,,,,,,,,,,
2020-11-08T20:12:00-CME-001,M2M_CATALOG,2020-11-08T20:12Z,,,2020-11-08,8T20,,,,,,,,,,,,,
2020-11-11T19:36:00-CME-001,M2M_CATALOG,2020-11-11T19:36Z,S22E60,12782.0,2020-11-11,1T19,,,,,,,,,,,,,
2020-11-21T19:36:00-CME-001,M2M_CATALOG,2020-11-21T19:36Z,,,2020-11-21,1T19,,,,,,,,,,,,,
2020-12-11T19:09:00-CME-001,M2M_CATALOG,2020-12-11T19:09Z,,12791.0,2020-12-11,1T19,,,,,,,,,,,,,
2020-11-12T02:24:00-CME-001,M2M_CATALOG,2020-11-12T02:24Z,,,2020-11-12,2T02,,,,,,,,,,,,,
2020-11-13T12:24:00-CME-001,M2M_CATALOG,2020-11-13T12:24Z,,,2020-11-13,3T12,,,,,,,,,,,,,
2020-11-17T08:36:00-CME-001,M2M_CATALOG,2020-11-17T08:36Z,,,2020-11-17,7T08,,,,,,,,,,,,,
2020-11-17T19:00:00-CME-001,M2M_CATALOG,2020-11-17T19:00Z,,,2020-11-17,7T19,,,,,,,,,,,,,
2020-11-18T21:48:00-CME-001,M2M_CATALOG,2020-11-18T21:48Z,S20E138,,2020-11-18,8T21,,,,,,,,,,,,,
2020-11-19T02:54:00-CME-001,M2M_CATALOG,2020-11-19T02:54Z,,,2020-11-19,9T02,,,,,,,,,,,,,
2020-11-27T05:48:00-CME-001,M2M_CATALOG,2020-11-27T05:48Z,,,2020-11-27,7T05,,,,,,,,,,,,,
2020-11-29T13:24:00-CME-001,M2M_CATALOG,2020-11-29T13:24Z,S23E97,,2020-11-29,9T13,,,,,,,,,,,,,
2020-11-30T07:09:00-CME-001,M2M_CATALOG,2020-11-30T07:09Z,,,2020-11-30,0T07,,,,,,,,,,,,,
2020-12-01T05:48:00-CME-001,M2M_CATALOG,2020-12-01T05:48Z,S25E80,12790.0,2020-12-01,1T05,,,,,,,,,,,,,
2020-12-01T07:12:00-CME-001,M2M_CATALOG,2020-12-01T07:12Z,N35E30,12787.0,2020-12-01,1T07,,,,,,,,,,,,,
2020-12-03T11:12:00-CME-001,M2M_CATALOG,2020-12-03T11:12Z,S30E137,,2020-12-03,3T11,,,,,,,,,,,,,
2020-12-04T02:48:00-CME-001,M2M_CATALOG,2020-12-04T02:48Z,,,2020-12-04,4T02,7138.0,ca3d9c08-9d3b-4cb3-9b7f-a9d72badaa7c,Miller Draft,Founders Kentucky Breakfast,German Wheat And Rye Beer,Citra,2206 - Bavarian Lager,Wheat mal,94 IBU,4.5%,10.7°Blg,Estados Unidos,1855.0
2020-12-06T22:00:00-CME-001,M2M_CATALOG,2020-12-06T22:00Z,,,2020-12-06,6T22,,,,,,,,,,,,,
2020-12-07T16:24:00-CME-001,M2M_CATALOG,2020-12-07T16:24Z,S23W11,12790.0,2020-12-07,7T16,,,,,,,,,,,,,
2020-12-07T18:36:00-CME-001,M2M_CATALOG,2020-12-07T18:36Z,S40W30,,2020-12-07,7T18,,,,,,,,,,,,,
2020-12-17T06:48:00-CME-001,M2M_CATALOG,2020-12-17T06:48Z,,,2020-12-17,7T06,,,,,,,,,,,,,
2020-12-27T00:48:00-CME-001,M2M_CATALOG,2020-12-27T00:48Z,,,2020-12-27,7T00,7143.0,51583dba-bd7f-48bb-9987-6917bfdf6046,Rolling Rock,Kirin Inchiban,Porter,Cashmere,3944 - Belgian Witbier,Chocolate,83 IBU,8.2%,18.9°Blg,Estados Unidos,1939.0
2020-12-30T02:24:00-CME-001,M2M_CATALOG,2020-12-30T02:24Z,S20E08,12795.0,2020-12-30,0T02,,,,,,,,,,,,,
2020-10-10T04:24:00-CME-001,M2M_CATALOG,2020-10-10T04:24Z,,,2020-10-10,0T04,,,,,,,,,,,,,
2020-10-13T21:12:00-CME-001,M2M_CATALOG,2020-10-13T21:12Z,S23W37,12775.0,2020-10-13,3T21,,,,,,,,,,,,,
2020-10-14T03:24:00-CME-001,M2M_CATALOG,2020-10-14T03:24Z,,,2020-10-14,4T03,,,,,,,,,,,,,
2020-10-15T11:24:00-CME-001,M2M_CATALOG,2020-10-15T11:24Z,,,2020-10-15,5T11,,,,,,,,,,,,,
2020-10-15T16:36:00-CME-001,M2M_CATALOG,2020-10-15T16:36Z,,,2020-10-15,5T16,,,,,,,,,,,,,
2020-10-16T13:36:00-CME-001,M2M_CATALOG,2020-10-16T13:36Z,,12774.0,2020-10-16,6T13,,,,,,,,,,,,,
2020-10-16T16:03:00-CME-001,M2M_CATALOG,2020-10-16T16:03Z,S23W66,12775.0,2020-10-16,6T16,,,,,,,,,,,,,
2020-10-18T09:24:00-CME-001,M2M_CATALOG,2020-10-18T09:24Z,,,2020-10-18,8T09,7152.0,7cefb91e-7033-495f-bbeb-ec9f524c5b96,Pacifico,Ruination IPA,Bock,Yakima Gol,1968 - London ESB Ale,Special roast,45 IBU,6.9%,6.8°Blg,,
2020-10-22T13:09:00-CME-001,M2M_CATALOG,2020-10-22T13:09Z,,,2020-10-22,2T13,,,,,,,,,,,,,
2020-11-02T05:24:00-CME-001,M2M_CATALOG,2020-11-02T05:24Z,,,2020-11-02,2T05,,,,,,,,,,,,,
2020-11-07T13:24:00-CME-001,M2M_CATALOG,2020-11-07T13:24Z,N19W01,12780.0,2020-11-07,7T13,,,,,,,,,,,,,
2020-11-08T20:12:00-CME-001,M2M_CATALOG,2020-11-08T20:12Z,,,2020-11-08,8T20,,,,,,,,,,,,,
2020-11-11T19:36:00-CME-001,M2M_CATALOG,2020-11-11T19:36Z,S22E60,12782.0,2020-11-11,1T19,,,,,,,,,,,,,
2020-11-21T19:36:00-CME-001,M2M_CATALOG,2020-11-21T19:36Z,,,2020-11-21,1T19,,,,,,,,,,,,,
2020-12-11T19:09:00-CME-001,M2M_CATALOG,2020-12-11T19:09Z,,12791.0,2020-12-11,1T19,,,,,,,,,,,,,
2020-11-12T02:24:00-CME-001,M2M_CATALOG,2020-11-12T02:24Z,,,2020-11-12,2T02,,,,,,,,,,,,,
2020-11-13T12:24:00-CME-001,M2M_CATALOG,2020-11-13T12:24Z,,,2020-11-13,3T12,,,,,,,,,,,,,
2020-11-17T08:36:00-CME-001,M2M_CATALOG,2020-11-17T08:36Z,,,2020-11-17,7T08,,,,,,,,,,,,,
2020-11-17T19:00:00-CME-001,M2M_CATALOG,2020-11-17T19:00Z,,,2020-11-17,7T19,,,,,,,,,,,,,
2020-11-18T21:48:00-CME-001,M2M_CATALOG,2020-11-18T21:48Z,S20E138,,2020-11-18,8T21,,,,,,,,,,,,,
2020-11-19T02:54:00-CME-001,M2M_CATALOG,2020-11-19T02:54Z,,,2020-11-19,9T02,,,,,,,,,,,,,
2020-11-27T05:48:00-CME-001,M2M_CATALOG,2020-11-27T05:48Z,,,2020-11-27,7T05,,,,,,,,,,,,,
2020-11-29T13:24:00-CME-001,M2M_CATALOG,2020-11-29T13:24Z,S23E97,,2020-11-29,9T13,,,,,,,,,,,,,
2020-11-30T07:09:00-CME-001,M2M_CATALOG,2020-11-30T07:09Z,,,2020-11-30,0T07,,,,,,,,,,,,,
2020-12-01T05:48:00-CME-001,M2M_CATALOG,2020-12-01T05:48Z,S25E80,12790.0,2020-12-01,1T05,,,,,,,,,,,,,
2020-12-01T07:12:00-CME-001,M2M_CATALOG,2020-12-01T07:12Z,N35E30,12787.0,2020-12-01,1T07,,,,,,,,,,,,,
2020-12-03T11:12:00-CME-001,M2M_CATALOG,2020-12-03T11:12Z,S30E137,,2020-12-03,3T11,,,,,,,,,,,,,
2020-12-04T02:48:00-CME-001,M2M_CATALOG,2020-12-04T02:48Z,,,2020-12-04,4T02,,,,,,,,,,,,,
2020-12-06T22:00:00-CME-001,M2M_CATALOG,2020-12-06T22:00Z,,,2020-12-06,6T22,,,,,,,,,,,,,
2020-12-07T16:24:00-CME-001,M2M_CATALOG,2020-12-07T16:24Z,S23W11,12790.0,2020-12-07,7T16,,,,,,,,,,,,,
2020-12-07T18:36:00-CME-001,M2M_CATALOG,2020-12-07T18:36Z,S40W30,,2020-12-07,7T18,,,,,,,,,,,,,
2020-12-17T06:48:00-CME-001,M2M_CATALOG,2020-12-17T06:48Z,,,2020-12-17,7T06,,,,,,,,,,,,,
2020-12-27T00:48:00-CME-001,M2M_CATALOG,2020-12-27T00:48Z,,,2020-12-27,7T00,,,,,,,,,,,,,
2020-12-30T02:24:00-CME-001,M2M_CATALOG,2020-12-30T02:24Z,S20E08,12795.0,2020-12-30,0T02,,,,,,,,,,,,,
2020-10-23T04:39:00-CME-001,M2M_CATALOG,2020-10-23T04:39Z,,,2020-10-23,3T04,,,,,,,,,,,,,
2020-10-23T22:35:00-CME-001,M2M_CATALOG,2020-10-23T22:35Z,,,2020-10-23,3T22,,,,,,,,,,,,,
2020-10-10T04:24:00-CME-001,M2M_CATALOG,2020-10-10T04:24Z,,,2020-10-10,0T04,,,,,,,,,,,,,
2020-10-13T21:12:00-CME-001,M2M_CATALOG,2020-10-13T21:12Z,S23W37,12775.0,2020-10-13,3T21,,,,,,,,,,,,,
2020-10-14T03:24:00-CME-001,M2M_CATALOG,2020-10-14T03:24Z,,,2020-10-14,4T03,,,,,,,,,,,,,
2020-10-15T11:24:00-CME-001,M2M_CATALOG,2020-10-15T11:24Z,,,2020-10-15,5T11,,,,,,,,,,,,,
2020-10-15T16:36:00-CME-001,M2M_CATALOG,2020-10-15T16:36Z,,,2020-10-15,5T16,,,,,,,,,,,,,
2020-10-16T13:36:00-CME-001,M2M_CATALOG,2020-10-16T13:36Z,,12774.0,2020-10-16,6T13,,,,,,,,,,,,,
2020-10-16T16:03:00-CME-001,M2M_CATALOG,2020-10-16T16:03Z,S23W66,12775.0,2020-10-16,6T16,,,,,,,,,,,,,
2020-10-18T09:24:00-CME-001,M2M_CATALOG,2020-10-18T09:24Z,,,2020-10-18,8T09,,,,,,,,,,,,,
2020-10-22T13:09:00-CME-001,M2M_CATALOG,2020-10-22T13:09Z,,,2020-10-22,2T13,,,,,,,,,,,,,
2020-10-23T04:39:00-CME-001,M2M_CATALOG,2020-10-23T04:39Z,,,2020-10-23,3T04,,,,,,,,,,,,,
2020-10-23T22:35:00-CME-001,M2M_CATALOG,2020-10-23T22:35Z,,,2020-10-23,3T22,,,,,,,,,,,,,
2020-10-26T09:12:00-CME-001,M2M_CATALOG,2020-10-26T09:12Z,,,2020-10-26,6T09,,,,,,,,,,,,,
2020-10-26T18:09:00-CME-001,M2M_CATALOG,2020-10-26T18:09Z,,,2020-10-26,6T18,,,,,,,,,,,,,
2020-10-27T03:39:00-CME-001,M2M_CATALOG,2020-10-27T03:39Z,,,2020-10-27,7T03,,,,,,,,,,,,,
2020-10-28T13:42:00-CME-001,M2M_CATALOG,2020-10-28T13:42Z,,,2020-10-28,8T13,,,,,,,,,,,,,
2020-11-18T13:24:00-CME-001,M2M_CATALOG,2020-11-18T13:24Z,,,2020-11-18,8T13,,,,,,,,,,,,,
2020-11-18T13:36:00-CME-001,M2M_CATALOG,2020-11-18T13:36Z,,,2020-11-18,8T13,,,,,,,,,,,,,
2020-10-29T01:54:00-CME-001,M2M_CATALOG,2020-10-29T01:54Z,S19W28,12779.0,2020-10-29,9T01,,,,,,,,,,,,,
2020-10-31T00:12:00-CME-001,M2M_CATALOG,2020-10-31T00:12Z,,,2020-10-31,1T00,,,,,,,,,,,,,
2020-12-11T00:36:00-CME-001,M2M_CATALOG,2020-12-11T00:36Z,,,2020-12-11,1T00,,,,,,,,,,,,,
2020-11-01T20:00:00-CME-001,M2M_CATALOG,2020-11-01T20:00Z,,,2020-11-01,1T20,,,,,,,,,,,,,
2020-11-02T05:24:00-CME-001,M2M_CATALOG,2020-11-02T05:24Z,,,2020-11-02,2T05,,,,,,,,,,,,,
2020-11-07T13:24:00-CME-001,M2M_CATALOG,2020-11-07T13:24Z,N19W01,12780.0,2020-11-07,7T13,,,,,,,,,,,,,
2020-11-08T20:12:00-CME-001,M2M_CATALOG,2020-11-08T20:12Z,,,2020-11-08,8T20,,,,,,,,,,,,,
2020-11-11T19:36:00-CME-001,M2M_CATALOG,2020-11-11T19:36Z,S22E60,12782.0,2020-11-11,1T19,,,,,,,,,,,,,
2020-11-21T19:36:00-CME-001,M2M_CATALOG,2020-11-21T19:36Z,,,2020-11-21,1T19,,,,,,,,,,,,,
2020-12-11T19:09:00-CME-001,M2M_CATALOG,2020-12-11T19:09Z,,12791.0,2020-12-11,1T19,,,,,,,,,,,,,
2020-11-12T02:24:00-CME-001,M2M_CATALOG,2020-11-12T02:24Z,,,2020-11-12,2T02,,,,,,,,,,,,,
2020-11-13T12:24:00-CME-001,M2M_CATALOG,2020-11-13T12:24Z,,,2020-11-13,3T12,,,,,,,,,,,,,
2020-11-17T08:36:00-CME-001,M2M_CATALOG,2020-11-17T08:36Z,,,2020-11-17,7T08,,,,,,,,,,,,,
2020-11-17T19:00:00-CME-001,M2M_CATALOG,2020-11-17T19:00Z,,,2020-11-17,7T19,,,,,,,,,,,,,
2020-10-28T13:42:00-CME-001,M2M_CATALOG,2020-10-28T13:42Z,,,2020-10-28,8T13,,,,,,,,,,,,,
2020-11-18T13:24:00-CME-001,M2M_CATALOG,2020-11-18T13:24Z,,,2020-11-18,8T13,,,,,,,,,,,,,
2020-11-18T13:36:00-CME-001,M2M_CATALOG,2020-11-18T13:36Z,,,2020-11-18,8T13,,,,,,,,,,,,,
2020-10-28T13:42:00-CME-001,M2M_CATALOG,2020-10-28T13:42Z,,,2020-10-28,8T13,,,,,,,,,,,,,
2020-11-18T13:24:00-CME-001,M2M_CATALOG,2020-11-18T13:24Z,,,2020-11-18,8T13,,,,,,,,,,,,,
2020-11-18T13:36:00-CME-001,M2M_CATALOG,2020-11-18T13:36Z,,,2020-11-18,8T13,,,,,,,,,,,,,
2020-11-18T21:48:00-CME-001,M2M_CATALOG,2020-11-18T21:48Z,S20E138,,2020-11-18,8T21,,,,,,,,,,,,,
2020-11-19T02:54:00-CME-001,M2M_CATALOG,2020-11-19T02:54Z,,,2020-11-19,9T02,,,,,,,,,,,,,
2020-11-19T03:12:00-CME-001,M2M_CATALOG,2020-11-19T03:12Z,N30E40,,2020-11-19,9T03,,,,,,,,,,,,,
2020-11-19T06:48:00-CME-001,M2M_CATALOG,2020-11-19T06:48Z,S23E49,,2020-11-19,9T06,,,,,,,,,,,,,
2020-11-19T15:12:00-CME-001,M2M_CATALOG,2020-11-19T15:12Z,,,2020-11-19,9T15,,,,,,,,,,,,,
2020-11-29T15:05:00-CME-001,M2M_CATALOG,2020-11-29T15:05Z,,12783.0,2020-11-29,9T15,,,,,,,,,,,,,
2020-11-20T19:51:00-CME-001,M2M_CATALOG,2020-11-20T19:51Z,,12783.0,2020-11-20,0T19,,,,,,,,,,,,,
2020-11-20T21:12:00-CME-001,M2M_CATALOG,2020-11-20T21:12Z,,,2020-11-20,0T21,,,,,,,,,,,,,
2020-11-11T19:36:00-CME-001,M2M_CATALOG,2020-11-11T19:36Z,S22E60,12782.0,2020-11-11,1T19,,,,,,,,,,,,,
2020-11-21T19:36:00-CME-001,M2M_CATALOG,2020-11-21T19:36Z,,,2020-11-21,1T19,,,,,,,,,,,,,
2020-12-11T19:09:00-CME-001,M2M_CATALOG,2020-12-11T19:09Z,,12791.0,2020-12-11,1T19,,,,,,,,,,,,,
2020-11-21T23:12:00-CME-001,M2M_CATALOG,2020-11-21T23:12Z,,,2020-11-21,1T23,,,,,,,,,,,,,
2020-11-22T01:36:00-CME-001,M2M_CATALOG,2020-11-22T01:36Z,,,2020-11-22,2T01,,,,,,,,,,,,,
2020-11-23T18:48:00-CME-001,M2M_CATALOG,2020-11-23T18:48Z,,,2020-11-23,3T18,,,,,,,,,,,,,
2020-11-24T04:36:00-CME-001,M2M_CATALOG,2020-11-24T04:36Z,S20E65,12785.0,2020-11-24,4T04,,,,,,,,,,,,,
2020-11-24T11:24:00-CME-001,M2M_CATALOG,2020-11-24T11:24Z,,,2020-11-24,4T11,,,,,,,,,,,,,
2020-12-04T11:09:00-CME-001,M2M_CATALOG,2020-12-04T11:09Z,,,2020-12-04,4T11,,,,,,,,,,,,,
2020-11-24T13:24:00-CME-001,M2M_CATALOG,2020-11-24T13:24Z,,,2020-11-24,4T13,,,,,,,,,,,,,
2020-11-26T08:24:00-CME-001,M2M_CATALOG,2020-11-26T08:24Z,,,2020-11-26,6T08,,,,,,,,,,,,,
2020-11-26T21:24:00-CME-001,M2M_CATALOG,2020-11-26T21:24Z,N32E90,12787.0,2020-11-26,6T21,,,,,,,,,,,,,
2020-11-27T05:48:00-CME-001,M2M_CATALOG,2020-11-27T05:48Z,,,2020-11-27,7T05,,,,,,,,,,,,,
2020-11-29T13:24:00-CME-001,M2M_CATALOG,2020-11-29T13:24Z,S23E97,,2020-11-29,9T13,,,,,,,,,,,,,
2020-11-19T15:12:00-CME-001,M2M_CATALOG,2020-11-19T15:12Z,,,2020-11-19,9T15,,,,,,,,,,,,,
2020-11-29T15:05:00-CME-001,M2M_CATALOG,2020-11-29T15:05Z,,12783.0,2020-11-29,9T15,,,,,,,,,,,,,
2020-11-30T07:09:00-CME-001,M2M_CATALOG,2020-11-30T07:09Z,,,2020-11-30,0T07,,,,,,,,,,,,,
2020-12-01T05:48:00-CME-001,M2M_CATALOG,2020-12-01T05:48Z,S25E80,12790.0,2020-12-01,1T05,,,,,,,,,,,,,
2020-12-01T07:12:00-CME-001,M2M_CATALOG,2020-12-01T07:12Z,N35E30,12787.0,2020-12-01,1T07,,,,,,,,,,,,,
2020-12-03T11:12:00-CME-001,M2M_CATALOG,2020-12-03T11:12Z,S30E137,,2020-12-03,3T11,,,,,,,,,,,,,
2020-12-04T02:48:00-CME-001,M2M_CATALOG,2020-12-04T02:48Z,,,2020-12-04,4T02,,,,,,,,,,,,,
2020-11-24T11:24:00-CME-001,M2M_CATALOG,2020-11-24T11:24Z,,,2020-11-24,4T11,,,,,,,,,,,,,
2020-12-04T11:09:00-CME-001,M2M_CATALOG,2020-12-04T11:09Z,,,2020-12-04,4T11,,,,,,,,,,,,,
2020-12-06T22:00:00-CME-001,M2M_CATALOG,2020-12-06T22:00Z,,,2020-12-06,6T22,,,,,,,,,,,,,
2020-12-07T16:24:00-CME-001,M2M_CATALOG,2020-12-07T16:24Z,S23W11,12790.0,2020-12-07,7T16,,,,,,,,,,,,,
2020-12-07T18:36:00-CME-001,M2M_CATALOG,2020-12-07T18:36Z,S40W30,,2020-12-07,7T18,,,,,,,,,,,,,
2020-10-31T00:12:00-CME-001,M2M_CATALOG,2020-10-31T00:12Z,,,2020-10-31,1T00,,,,,,,,,,,,,
2020-12-11T00:36:00-CME-001,M2M_CATALOG,2020-12-11T00:36Z,,,2020-12-11,1T00,,,,,,,,,,,,,
2020-11-11T19:36:00-CME-001,M2M_CATALOG,2020-11-11T19:36Z,S22E60,12782.0,2020-11-11,1T19,,,,,,,,,,,,,
2020-11-21T19:36:00-CME-001,M2M_CATALOG,2020-11-21T19:36Z,,,2020-11-21,1T19,,,,,,,,,,,,,
2020-12-11T19:09:00-CME-001,M2M_CATALOG,2020-12-11T19:09Z,,12791.0,2020-12-11,1T19,,,,,,,,,,,,,
2020-12-12T04:12:00-CME-001,M2M_CATALOG,2020-12-12T04:12Z,,,2020-12-12,2T04,,,,,,,,,,,,,
2020-12-13T09:24:00-CME-001,M2M_CATALOG,2020-12-13T09:24Z,,,2020-12-13,3T09,,,,,,,,,,,,,
2020-12-14T15:12:00-CME-001,M2M_CATALOG,2020-12-14T15:12Z,S22E44,12792.0,2020-12-14,4T15,,,,,,,,,,,,,
2020-12-14T21:12:00-CME-001,M2M_CATALOG,2020-12-14T21:12Z,N40E110,,2020-12-14,4T21,,,,,,,,,,,,,
2020-12-17T06:48:00-CME-001,M2M_CATALOG,2020-12-17T06:48Z,,,2020-12-17,7T06,,,,,,,,,,,,,
2020-12-27T00:48:00-CME-001,M2M_CATALOG,2020-12-27T00:48Z,,,2020-12-27,7T00,,,,,,,,,,,,,
2020-12-30T02:24:00-CME-001,M2M_CATALOG,2020-12-30T02:24Z,S20E08,12795.0,2020-12-30,0T02,,,,,,,,,,,,,
2020-10-10T04:24:00-CME-001,M2M_CATALOG,2020-10-10T04:24Z,,,2020-10-10,0T04,,,,,,,,,,,,,
2020-10-13T21:12:00-CME-001,M2M_CATALOG,2020-10-13T21:12Z,S23W37,12775.0,2020-10-13,3T21,,,,,,,,,,,,,
2020-10-14T03:24:00-CME-001,M2M_CATALOG,2020-10-14T03:24Z,,,2020-10-14,4T03,,,,,,,,,,,,,
2020-10-15T11:24:00-CME-001,M2M_CATALOG,2020-10-15T11:24Z,,,2020-10-15,5T11,,,,,,,,,,,,,
2020-10-15T16:36:00-CME-001,M2M_CATALOG,2020-10-15T16:36Z,,,2020-10-15,5T16,,,,,,,,,,,,,
2020-10-16T13:36:00-CME-001,M2M_CATALOG,2020-10-16T13:36Z,,12774.0,2020-10-16,6T13,,,,,,,,,,,,,
2020-10-16T16:03:00-CME-001,M2M_CATALOG,2020-10-16T16:03Z,S23W66,12775.0,2020-10-16,6T16,,,,,,,,,,,,,
2020-10-18T09:24:00-CME-001,M2M_CATALOG,2020-10-18T09:24Z,,,2020-10-18,8T09,,,,,,,,,,,,,
2020-10-22T13:09:00-CME-001,M2M_CATALOG,2020-10-22T13:09Z,,,2020-10-22,2T13,,,,,,,,,,,,,
2020-10-23T04:39:00-CME-001,M2M_CATALOG,2020-10-23T04:39Z,,,2020-10-23,3T04,,,,,,,,,,,,,
2020-10-23T22:35:00-CME-001,M2M_CATALOG,2020-10-23T22:35Z,,,2020-10-23,3T22,,,,,,,,,,,,,
2020-10-26T09:12:00-CME-001,M2M_CATALOG,2020-10-26T09:12Z,,,2020-10-26,6T09,,,,,,,,,,,,,
2020-10-26T18:09:00-CME-001,M2M_CATALOG,2020-10-26T18:09Z,,,2020-10-26,6T18,,,,,,,,,,,,,
2020-10-27T03:39:00-CME-001,M2M_CATALOG,2020-10-27T03:39Z,,,2020-10-27,7T03,,,,,,,,,,,,,
2020-10-28T13:42:00-CME-001,M2M_CATALOG,2020-10-28T13:42Z,,,2020-10-28,8T13,,,,,,,,,,,,,
2020-11-18T13:24:00-CME-001,M2M_CATALOG,2020-11-18T13:24Z,,,2020-11-18,8T13,,,,,,,,,,,,,
2020-11-18T13:36:00-CME-001,M2M_CATALOG,2020-11-18T13:36Z,,,2020-11-18,8T13,,,,,,,,,,,,,
2020-10-29T01:54:00-CME-001,M2M_CATALOG,2020-10-29T01:54Z,S19W28,12779.0,2020-10-29,9T01,,,,,,,,,,,,,
2020-10-31T00:12:00-CME-001,M2M_CATALOG,2020-10-31T00:12Z,,,2020-10-31,1T00,,,,,,,,,,,,,
2020-12-11T00:36:00-CME-001,M2M_CATALOG,2020-12-11T00:36Z,,,2020-12-11,1T00,,,,,,,,,,,,,
2020-11-01T20:00:00-CME-001,M2M_CATALOG,2020-11-01T20:00Z,,,2020-11-01,1T20,,,,,,,,,,,,,
2020-11-02T05:24:00-CME-001,M2M_CATALOG,2020-11-02T05:24Z,,,2020-11-02,2T05,,,,,,,,,,,,,
2020-11-07T13:24:00-CME-001,M2M_CATALOG,2020-11-07T13:24Z,N19W01,12780.0,2020-11-07,7T13,,,,,,,,,,,,,
2020-11-08T20:12:00-CME-001,M2M_CATALOG,2020-11-08T20:12Z,,,2020-11-08,8T20,,,,,,,,,,,,,
2020-11-11T19:36:00-CME-001,M2M_CATALOG,2020-11-11T19:36Z,S22E60,12782.0,2020-11-11,1T19,,,,,,,,,,,,,
2020-11-21T19:36:00-CME-001,M2M_CATALOG,2020-11-21T19:36Z,,,2020-11-21,1T19,,,,,,,,,,,,,
2020-12-11T19:09:00-CME-001,M2M_CATALOG,2020-12-11T19:09Z,,12791.0,2020-12-11,1T19,,,,,,,,,,,,,
2020-11-12T02:24:00-CME-001,M2M_CATALOG,2020-11-12T02:24Z,,,2020-11-12,2T02,,,,,,,,,,,,,
2020-11-13T12:24:00-CME-001,M2M_CATALOG,2020-11-13T12:24Z,,,2020-11-13,3T12,,,,,,,,,,,,,
2020-11-17T08:36:00-CME-001,M2M_CATALOG,2020-11-17T08:36Z,,,2020-11-17,7T08,,,,,,,,,,,,,
2020-11-17T19:00:00-CME-001,M2M_CATALOG,2020-11-17T19:00Z,,,2020-11-17,7T19,,,,,,,,,,,,,
2020-10-28T13:42:00-CME-001,M2M_CATALOG,2020-10-28T13:42Z,,,2020-10-28,8T13,,,,,,,,,,,,,
2020-11-18T13:24:00-CME-001,M2M_CATALOG,2020-11-18T13:24Z,,,2020-11-18,8T13,,,,,,,,,,,,,
2020-11-18T13:36:00-CME-001,M2M_CATALOG,2020-11-18T13:36Z,,,2020-11-18,8T13,,,,,,,,,,,,,
2020-10-28T13:42:00-CME-001,M2M_CATALOG,2020-10-28T13:42Z,,,2020-10-28,8T13,,,,,,,,,,,,,
2020-11-18T13:24:00-CME-001,M2M_CATALOG,2020-11-18T13:24Z,,,2020-11-18,8T13,,,,,,,,,,,,,
2020-11-18T13:36:00-CME-001,M2M_CATALOG,2020-11-18T13:36Z,,,2020-11-18,8T13,,,,,,,,,,,,,
2020-11-18T21:48:00-CME-001,M2M_CATALOG,2020-11-18T21:48Z,S20E138,,2020-11-18,8T21,,,,,,,,,,,,,
2020-11-19T02:54:00-CME-001,M2M_CATALOG,2020-11-19T02:54Z,,,2020-11-19,9T02,,,,,,,,,,,,,
2020-11-19T03:12:00-CME-001,M2M_CATALOG,2020-11-19T03:12Z,N30E40,,2020-11-19,9T03,,,,,,,,,,,,,
2020-11-19T06:48:00-CME-001,M2M_CATALOG,2020-11-19T06:48Z,S23E49,,2020-11-19,9T06,,,,,,,,,,,,,
2020-11-19T15:12:00-CME-001,M2M_CATALOG,2020-11-19T15:12Z,,,2020-11-19,9T15,,,,,,,,,,,,,
2020-11-29T15:05:00-CME-001,M2M_CATALOG,2020-11-29T15:05Z,,12783.0,2020-11-29,9T15,,,,,,,,,,,,,
2020-11-20T19:51:00-CME-001,M2M_CATALOG,2020-11-20T19:51Z,,12783.0,2020-11-20,0T19,,,,,,,,,,,,,
2020-10-10T04:24:00-CME-001,M2M_CATALOG,2020-10-10T04:24Z,,,2020-10-10,0T04,,,,,,,,,,,,,
2020-10-13T21:12:00-CME-001,M2M_CATALOG,2020-10-13T21:12Z,S23W37,12775.0,2020-10-13,3T21,,,,,,,,,,,,,
2020-10-14T03:24:00-CME-001,M2M_CATALOG,2020-10-14T03:24Z,,,2020-10-14,4T03,,,,,,,,,,,,,
2020-10-15T11:24:00-CME-001,M2M_CATALOG,2020-10-15T11:24Z,,,2020-10-15,5T11,,,,,,,,,,,,,
2020-10-15T16:36:00-CME-001,M2M_CATALOG,2020-10-15T16:36Z,,,2020-10-15,5T16,,,,,,,,,,,,,
2020-10-16T13:36:00-CME-001,M2M_CATALOG,2020-10-16T13:36Z,,12774.0,2020-10-16,6T13,,,,,,,,,,,,,
2020-10-16T16:03:00-CME-001,M2M_CATALOG,2020-10-16T16:03Z,S23W66,12775.0,2020-10-16,6T16,,,,,,,,,,,,,
2020-10-18T09:24:00-CME-001,M2M_CATALOG,2020-10-18T09:24Z,,,2020-10-18,8T09,,,,,,,,,,,,,
2020-10-22T13:09:00-CME-001,M2M_CATALOG,2020-10-22T13:09Z,,,2020-10-22,2T13,,,,,,,,,,,,,
2020-10-23T04:39:00-CME-001,M2M_CATALOG,2020-10-23T04:39Z,,,2020-10-23,3T04,,,,,,,,,,,,,
2020-10-23T22:35:00-CME-001,M2M_CATALOG,2020-10-23T22:35Z,,,2020-10-23,3T22,,,,,,,,,,,,,
2020-10-26T09:12:00-CME-001,M2M_CATALOG,2020-10-26T09:12Z,,,2020-10-26,6T09,,,,,,,,,,,,,
2020-10-26T18:09:00-CME-001,M2M_CATALOG,2020-10-26T18:09Z,,,2020-10-26,6T18,,,,,,,,,,,,,
2020-10-27T03:39:00-CME-001,M2M_CATALOG,2020-10-27T03:39Z,,,2020-10-27,7T03,,,,,,,,,,,,,
2020-10-28T13:42:00-CME-001,M2M_CATALOG,2020-10-28T13:42Z,,,2020-10-28,8T13,,,,,,,,,,,,,
2020-11-18T13:24:00-CME-001,M2M_CATALOG,2020-11-18T13:24Z,,,2020-11-18,8T13,,,,,,,,,,,,,
2020-11-18T13:36:00-CME-001,M2M_CATALOG,2020-11-18T13:36Z,,,2020-11-18,8T13,,,,,,,,,,,,,
2020-10-29T01:54:00-CME-001,M2M_CATALOG,2020-10-29T01:54Z,S19W28,12779.0,2020-10-29,9T01,,,,,,,,,,,,,
2020-10-31T00:12:00-CME-001,M2M_CATALOG,2020-10-31T00:12Z,,,2020-10-31,1T00,,,,,,,,,,,,,
2020-12-11T00:36:00-CME-001,M2M_CATALOG,2020-12-11T00:36Z,,,2020-12-11,1T00,,,,,,,,,,,,,
2020-11-01T20:00:00-CME-001,M2M_CATALOG,2020-11-01T20:00Z,,,2020-11-01,1T20,,,,,,,,,,,,,
2020-11-02T05:24:00-CME-001,M2M_CATALOG,2020-11-02T05:24Z,,,2020-11-02,2T05,,,,,,,,,,,,,
2020-11-07T13:24:00-CME-001,M2M_CATALOG,2020-11-07T13:24Z,N19W01,12780.0,2020-11-07,7T13,,,,,,,,,,,,,
2020-11-08T20:12:00-CME-001,M2M_CATALOG,2020-11-08T20:12Z,,,2020-11-08,8T20,,,,,,,,,,,,,
2020-11-11T19:36:00-CME-001,M2M_CATALOG,2020-11-11T19:36Z,S22E60,12782.0,2020-11-11,1T19,,,,,,,,,,,,,
2020-11-21T19:36:00-CME-001,M2M_CATALOG,2020-11-21T19:36Z,,,2020-11-21,1T19,,,,,,,,,,,,,
2020-12-11T19:09:00-CME-001,M2M_CATALOG,2020-12-11T19:09Z,,12791.0,2020-12-11,1T19,,,,,,,,,,,,,
2020-11-12T02:24:00-CME-001,M2M_CATALOG,2020-11-12T02:24Z,,,2020-11-12,2T02,,,,,,,,,,,,,
2020-11-13T12:24:00-CME-001,M2M_CATALOG,2020-11-13T12:24Z,,,2020-11-13,3T12,,,,,,,,,,,,,
2020-11-17T08:36:00-CME-001,M2M_CATALOG,2020-11-17T08:36Z,,,2020-11-17,7T08,,,,,,,,,,,,,
2020-11-17T19:00:00-CME-001,M2M_CATALOG,2020-11-17T19:00Z,,,2020-11-17,7T19,,,,,,,,,,,,,
2020-10-28T13:42:00-CME-001,M2M_CATALOG,2020-10-28T13:42Z,,,2020-10-28,8T13,,,,,,,,,,,,,
2020-11-18T13:24:00-CME-001,M2M_CATALOG,2020-11-18T13:24Z,,,2020-11-18,8T13,,,,,,,,,,,,,
2020-11-18T13:36:00-CME-001,M2M_CATALOG,2020-11-18T13:36Z,,,2020-11-18,8T13,,,,,,,,,,,,,
2020-10-28T13:42:00-CME-001,M2M_CATALOG,2020-10-28T13:42Z,,,2020-10-28,8T13,,,,,,,,,,,,,
2020-11-18T13:24:00-CME-001,M2M_CATALOG,2020-11-18T13:24Z,,,2020-11-18,8T13,,,,,,,,,,,,,
2020-11-18T13:36:00-CME-001,M2M_CATALOG,2020-11-18T13:36Z,,,2020-11-18,8T13,,,,,,,,,,,,,
2020-11-18T21:48:00-CME-001,M2M_CATALOG,2020-11-18T21:48Z,S20E138,,2020-11-18,8T21,,,,,,,,,,,,,
2020-11-19T02:54:00-CME-001,M2M_CATALOG,2020-11-19T02:54Z,,,2020-11-19,9T02,,,,,,,,,,,,,
2020-11-19T03:12:00-CME-001,M2M_CATALOG,2020-11-19T03:12Z,N30E40,,2020-11-19,9T03,,,,,,,,,,,,,
2020-11-19T06:48:00-CME-001,M2M_CATALOG,2020-11-19T06:48Z,S23E49,,2020-11-19,9T06,,,,,,,,,,,,,
2020-11-19T15:12:00-CME-001,M2M_CATALOG,2020-11-19T15:12Z,,,2020-11-19,9T15,,,,,,,,,,,,,
2020-11-29T15:05:00-CME-001,M2M_CATALOG,2020-11-29T15:05Z,,12783.0,2020-11-29,9T15,,,,,,,,,,,,,
2020-11-20T19:51:00-CME-001,M2M_CATALOG,2020-11-20T19:51Z,,12783.0,2020-11-20,0T19,,,,,,,,,,,,,
2020-11-20T21:12:00-CME-001,M2M_CATALOG,2020-11-20T21:12Z,,,2020-11-20,0T21,,,,,,,,,,,,,
2020-11-11T19:36:00-CME-001,M2M_CATALOG,2020-11-11T19:36Z,S22E60,12782.0,2020-11-11,1T19,,,,,,,,,,,,,
2020-11-21T19:36:00-CME-001,M2M_CATALOG,2020-11-21T19:36Z,,,2020-11-21,1T19,,,,,,,,,,,,,
2020-12-11T19:09:00-CME-001,M2M_CATALOG,2020-12-11T19:09Z,,12791.0,2020-12-11,1T19,,,,,,,,,,,,,
2020-11-21T23:12:00-CME-001,M2M_CATALOG,2020-11-21T23:12Z,,,2020-11-21,1T23,,,,,,,,,,,,,
2020-11-22T01:36:00-CME-001,M2M_CATALOG,2020-11-22T01:36Z,,,2020-11-22,2T01,,,,,,,,,,,,,
2020-11-23T18:48:00-CME-001,M2M_CATALOG,2020-11-23T18:48Z,,,2020-11-23,3T18,,,,,,,,,,,,,
2020-11-24T04:36:00-CME-001,M2M_CATALOG,2020-11-24T04:36Z,S20E65,12785.0,2020-11-24,4T04,,,,,,,,,,,,,
2020-11-24T11:24:00-CME-001,M2M_CATALOG,2020-11-24T11:24Z,,,2020-11-24,4T11,,,,,,,,,,,,,
2020-12-04T11:09:00-CME-001,M2M_CATALOG,2020-12-04T11:09Z,,,2020-12-04,4T11,,,,,,,,,,,,,
2020-11-24T13:24:00-CME-001,M2M_CATALOG,2020-11-24T13:24Z,,,2020-11-24,4T13,,,,,,,,,,,,,
2020-11-26T08:24:00-CME-001,M2M_CATALOG,2020-11-26T08:24Z,,,2020-11-26,6T08,,,,,,,,,,,,,
2020-11-26T21:24:00-CME-001,M2M_CATALOG,2020-11-26T21:24Z,N32E90,12787.0,2020-11-26,6T21,,,,,,,,,,,,,
2020-11-27T05:48:00-CME-001,M2M_CATALOG,2020-11-27T05:48Z,,,2020-11-27,7T05,,,,,,,,,,,,,
2020-11-29T13:24:00-CME-001,M2M_CATALOG,2020-11-29T13:24Z,S23E97,,2020-11-29,9T13,,,,,,,,,,,,,
2020-11-19T15:12:00-CME-001,M2M_CATALOG,2020-11-19T15:12Z,,,2020-11-19,9T15,,,,,,,,,,,,,
2020-11-29T15:05:00-CME-001,M2M_CATALOG,2020-11-29T15:05Z,,12783.0,2020-11-29,9T15,,,,,,,,,,,,,
2020-11-30T07:09:00-CME-001,M2M_CATALOG,2020-11-30T07:09Z,,,2020-11-30,0T07,,,,,,,,,,,,,
2020-12-01T05:48:00-CME-001,M2M_CATALOG,2020-12-01T05:48Z,S25E80,12790.0,2020-12-01,1T05,,,,,,,,,,,,,
2020-12-01T07:12:00-CME-001,M2M_CATALOG,2020-12-01T07:12Z,N35E30,12787.0,2020-12-01,1T07,,,,,,,,,,,,,
2020-12-03T11:12:00-CME-001,M2M_CATALOG,2020-12-03T11:12Z,S30E137,,2020-12-03,3T11,,,,,,,,,,,,,
2020-12-04T02:48:00-CME-001,M2M_CATALOG,2020-12-04T02:48Z,,,2020-12-04,4T02,,,,,,,,,,,,,
2020-11-24T11:24:00-CME-001,M2M_CATALOG,2020-11-24T11:24Z,,,2020-11-24,4T11,,,,,,,,,,,,,
2020-12-04T11:09:00-CME-001,M2M_CATALOG,2020-12-04T11:09Z,,,2020-12-04,4T11,,,,,,,,,,,,,
2020-12-06T22:00:00-CME-001,M2M_CATALOG,2020-12-06T22:00Z,,,2020-12-06,6T22,,,,,,,,,,,,,
2020-12-07T16:24:00-CME-001,M2M_CATALOG,2020-12-07T16:24Z,S23W11,12790.0,2020-12-07,7T16,,,,,,,,,,,,,
2020-12-07T18:36:00-CME-001,M2M_CATALOG,2020-12-07T18:36Z,S40W30,,2020-12-07,7T18,,,,,,,,,,,,,
2020-10-31T00:12:00-CME-001,M2M_CATALOG,2020-10-31T00:12Z,,,2020-10-31,1T00,,,,,,,,,,,,,
2020-12-11T00:36:00-CME-001,M2M_CATALOG,2020-12-11T00:36Z,,,2020-12-11,1T00,,,,,,,,,,,,,
2020-11-11T19:36:00-CME-001,M2M_CATALOG,2020-11-11T19:36Z,S22E60,12782.0,2020-11-11,1T19,,,,,,,,,,,,,
2020-11-21T19:36:00-CME-001,M2M_CATALOG,2020-11-21T19:36Z,,,2020-11-21,1T19,,,,,,,,,,,,,
2020-12-11T19:09:00-CME-001,M2M_CATALOG,2020-12-11T19:09Z,,12791.0,2020-12-11,1T19,,,,,,,,,,,,,
2020-12-12T04:12:00-CME-001,M2M_CATALOG,2020-12-12T04:12Z,,,2020-12-12,2T04,,,,,,,,,,,,,
2020-12-13T09:24:00-CME-001,M2M_CATALOG,2020-12-13T09:24Z,,,2020-12-13,3T09,,,,,,,,,,,,,
2020-12-14T15:12:00-CME-001,M2M_CATALOG,2020-12-14T15:12Z,S22E44,12792.0,2020-12-14,4T15,,,,,,,,,,,,,
2020-12-14T21:12:00-CME-001,M2M_CATALOG,2020-12-14T21:12Z,N40E110,,2020-12-14,4T21,,,,,,,,,,,,,
2020-12-17T06:48:00-CME-001,M2M_CATALOG,2020-12-17T06:48Z,,,2020-12-17,7T06,,,,,,,,,,,,,
2020-12-27T00:48:00-CME-001,M2M_CATALOG,2020-12-27T00:48Z,,,2020-12-27,7T00,,,,,,,,,,,,,
2020-12-30T02:24:00-CME-001,M2M_CATALOG,2020-12-30T02:24Z,S20E08,12795.0,2020-12-30,0T02,,,,,,,,,,,,,
2020-10-10T04:24:00-CME-001,M2M_CATALOG,2020-10-10T04:24Z,,,2020-10-10,0T04,,,,,,,,,,,,,
2020-10-13T21:12:00-CME-001,M2M_CATALOG,2020-10-13T21:12Z,S23W37,12775.0,2020-10-13,3T21,,,,,,,,,,,,,
2020-10-14T03:24:00-CME-001,M2M_CATALOG,2020-10-14T03:24Z,,,2020-10-14,4T03,,,,,,,,,,,,,
2020-10-15T11:24:00-CME-001,M2M_CATALOG,2020-10-15T11:24Z,,,2020-10-15,5T11,,,,,,,,,,,,,
2020-10-15T16:36:00-CME-001,M2M_CATALOG,2020-10-15T16:36Z,,,2020-10-15,5T16,,,,,,,,,,,,,
2020-10-16T13:36:00-CME-001,M2M_CATALOG,2020-10-16T13:36Z,,12774.0,2020-10-16,6T13,,,,,,,,,,,,,
2020-10-16T16:03:00-CME-001,M2M_CATALOG,2020-10-16T16:03Z,S23W66,12775.0,2020-10-16,6T16,,,,,,,,,,,,,
2020-10-18T09:24:00-CME-001,M2M_CATALOG,2020-10-18T09:24Z,,,2020-10-18,8T09,,,,,,,,,,,,,
2020-10-22T13:09:00-CME-001,M2M_CATALOG,2020-10-22T13:09Z,,,2020-10-22,2T13,,,,,,,,,,,,,
2020-10-23T04:39:00-CME-001,M2M_CATALOG,2020-10-23T04:39Z,,,2020-10-23,3T04,,,,,,,,,,,,,
2020-10-23T22:35:00-CME-001,M2M_CATALOG,2020-10-23T22:35Z,,,2020-10-23,3T22,,,,,,,,,,,,,
2020-10-26T09:12:00-CME-001,M2M_CATALOG,2020-10-26T09:12Z,,,2020-10-26,6T09,,,,,,,,,,,,,
2020-10-26T18:09:00-CME-001,M2M_CATALOG,2020-10-26T18:09Z,,,2020-10-26,6T18,,,,,,,,,,,,,
2020-10-27T03:39:00-CME-001,M2M_CATALOG,2020-10-27T03:39Z,,,2020-10-27,7T03,,,,,,,,,,,,,
2020-10-28T13:42:00-CME-001,M2M_CATALOG,2020-10-28T13:42Z,,,2020-10-28,8T13,,,,,,,,,,,,,
2020-11-18T13:24:00-CME-001,M2M_CATALOG,2020-11-18T13:24Z,,,2020-11-18,8T13,,,,,,,,,,,,,
2020-11-18T13:36:00-CME-001,M2M_CATALOG,2020-11-18T13:36Z,,,2020-11-18,8T13,,,,,,,,,,,,,
2020-10-29T01:54:00-CME-001,M2M_CATALOG,2020-10-29T01:54Z,S19W28,12779.0,2020-10-29,9T01,,,,,,,,,,,,,
2020-10-31T00:12:00-CME-001,M2M_CATALOG,2020-10-31T00:12Z,,,2020-10-31,1T00,,,,,,,,,,,,,
2020-12-11T00:36:00-CME-001,M2M_CATALOG,2020-12-11T00:36Z,,,2020-12-11,1T00,,,,,,,,,,,,,
2020-11-01T20:00:00-CME-001,M2M_CATALOG,2020-11-01T20:00Z,,,2020-11-01,1T20,,,,,,,,,,,,,
2020-11-02T05:24:00-CME-001,M2M_CATALOG,2020-11-02T05:24Z,,,2020-11-02,2T05,,,,,,,,,,,,,
2020-11-07T13:24:00-CME-001,M2M_CATALOG,2020-11-07T13:24Z,N19W01,12780.0,2020-11-07,7T13,,,,,,,,,,,,,
2020-11-08T20:12:00-CME-001,M2M_CATALOG,2020-11-08T20:12Z,,,2020-11-08,8T20,,,,,,,,,,,,,
2020-11-11T19:36:00-CME-001,M2M_CATALOG,2020-11-11T19:36Z,S22E60,12782.0,2020-11-11,1T19,7364.0,16e64f24-474e-443b-ad78-56b49f5310b4,Hoegaarden,Bell’s Expedition,Porter,Comet,2206 - Bavarian Lager,Caramel,71 IBU,8.0%,17.6°Blg,Belgica,1445.0
2020-11-21T19:36:00-CME-001,M2M_CATALOG,2020-11-21T19:36Z,,,2020-11-21,1T19,7364.0,16e64f24-474e-443b-ad78-56b49f5310b4,Hoegaarden,Bell’s Expedition,Porter,Comet,2206 - Bavarian Lager,Caramel,71 IBU,8.0%,17.6°Blg,Belgica,1445.0
2020-12-11T19:09:00-CME-001,M2M_CATALOG,2020-12-11T19:09Z,,12791.0,2020-12-11,1T19,7364.0,16e64f24-474e-443b-ad78-56b49f5310b4,Hoegaarden,Bell’s Expedition,Porter,Comet,2206 - Bavarian Lager,Caramel,71 IBU,8.0%,17.6°Blg,Belgica,1445.0
2020-11-12T02:24:00-CME-001,M2M_CATALOG,2020-11-12T02:24Z,,,2020-11-12,2T02,,,,,,,,,,,,,
2020-11-13T12:24:00-CME-001,M2M_CATALOG,2020-11-13T12:24Z,,,2020-11-13,3T12,,,,,,,,,,,,,
2020-11-17T08:36:00-CME-001,M2M_CATALOG,2020-11-17T08:36Z,,,2020-11-17,7T08,,,,,,,,,,,,,
2020-11-17T19:00:00-CME-001,M2M_CATALOG,2020-11-17T19:00Z,,,2020-11-17,7T19,,,,,,,,,,,,,
2020-10-28T13:42:00-CME-001,M2M_CATALOG,2020-10-28T13:42Z,,,2020-10-28,8T13,,,,,,,,,,,,,
2020-11-18T13:24:00-CME-001,M2M_CATALOG,2020-11-18T13:24Z,,,2020-11-18,8T13,,,,,,,,,,,,,
2020-11-18T13:36:00-CME-001,M2M_CATALOG,2020-11-18T13:36Z,,,2020-11-18,8T13,,,,,,,,,,,,,
2020-10-28T13:42:00-CME-001,M2M_CATALOG,2020-10-28T13:42Z,,,2020-10-28,8T13,,,,,,,,,,,,,
2020-11-18T13:24:00-CME-001,M2M_CATALOG,2020-11-18T13:24Z,,,2020-11-18,8T13,,,,,,,,,,,,,
2020-11-18T13:36:00-CME-001,M2M_CATALOG,2020-11-18T13:36Z,,,2020-11-18,8T13,,,,,,,,,,,,,
2020-11-18T21:48:00-CME-001,M2M_CATALOG,2020-11-18T21:48Z,S20E138,,2020-11-18,8T21,,,,,,,,,,,,,
2020-11-19T02:54:00-CME-001,M2M_CATALOG,2020-11-19T02:54Z,,,2020-11-19,9T02,,,,,,,,,,,,,
2020-11-19T03:12:00-CME-001,M2M_CATALOG,2020-11-19T03:12Z,N30E40,,2020-11-19,9T03,,,,,,,,,,,,,
2020-11-19T06:48:00-CME-001,M2M_CATALOG,2020-11-19T06:48Z,S23E49,,2020-11-19,9T06,,,,,,,,,,,,,
2020-11-19T15:12:00-CME-001,M2M_CATALOG,2020-11-19T15:12Z,,,2020-11-19,9T15,,,,,,,,,,,,,
2020-11-29T15:05:00-CME-001,M2M_CATALOG,2020-11-29T15:05Z,,12783.0,2020-11-29,9T15,,,,,,,,,,,,,
2020-10-10T04:24:00-CME-001,M2M_CATALOG,2020-10-10T04:24Z,,,2020-10-10,0T04,,,,,,,,,,,,,
2020-10-13T21:12:00-CME-001,M2M_CATALOG,2020-10-13T21:12Z,S23W37,12775.0,2020-10-13,3T21,,,,,,,,,,,,,
2020-10-14T03:24:00-CME-001,M2M_CATALOG,2020-10-14T03:24Z,,,2020-10-14,4T03,,,,,,,,,,,,,
2020-10-15T11:24:00-CME-001,M2M_CATALOG,2020-10-15T11:24Z,,,2020-10-15,5T11,,,,,,,,,,,,,
2020-10-15T16:36:00-CME-001,M2M_CATALOG,2020-10-15T16:36Z,,,2020-10-15,5T16,,,,,,,,,,,,,
2020-10-16T13:36:00-CME-001,M2M_CATALOG,2020-10-16T13:36Z,,12774.0,2020-10-16,6T13,,,,,,,,,,,,,
2020-10-16T16:03:00-CME-001,M2M_CATALOG,2020-10-16T16:03Z,S23W66,12775.0,2020-10-16,6T16,,,,,,,,,,,,,
2020-10-18T09:24:00-CME-001,M2M_CATALOG,2020-10-18T09:24Z,,,2020-10-18,8T09,,,,,,,,,,,,,
2020-10-22T13:09:00-CME-001,M2M_CATALOG,2020-10-22T13:09Z,,,2020-10-22,2T13,,,,,,,,,,,,,
2020-11-02T05:24:00-CME-001,M2M_CATALOG,2020-11-02T05:24Z,,,2020-11-02,2T05,,,,,,,,,,,,,
2020-11-07T13:24:00-CME-001,M2M_CATALOG,2020-11-07T13:24Z,N19W01,12780.0,2020-11-07,7T13,,,,,,,,,,,,,
2020-11-08T20:12:00-CME-001,M2M_CATALOG,2020-11-08T20:12Z,,,2020-11-08,8T20,,,,,,,,,,,,,
2020-11-11T19:36:00-CME-001,M2M_CATALOG,2020-11-11T19:36Z,S22E60,12782.0,2020-11-11,1T19,,,,,,,,,,,,,
2020-11-21T19:36:00-CME-001,M2M_CATALOG,2020-11-21T19:36Z,,,2020-11-21,1T19,,,,,,,,,,,,,
2020-12-11T19:09:00-CME-001,M2M_CATALOG,2020-12-11T19:09Z,,12791.0,2020-12-11,1T19,,,,,,,,,,,,,
2020-11-12T02:24:00-CME-001,M2M_CATALOG,2020-11-12T02:24Z,,,2020-11-12,2T02,,,,,,,,,,,,,
2020-11-13T12:24:00-CME-001,M2M_CATALOG,2020-11-13T12:24Z,,,2020-11-13,3T12,,,,,,,,,,,,,
2020-11-17T08:36:00-CME-001,M2M_CATALOG,2020-11-17T08:36Z,,,2020-11-17,7T08,,,,,,,,,,,,,
2020-11-17T19:00:00-CME-001,M2M_CATALOG,2020-11-17T19:00Z,,,2020-11-17,7T19,,,,,,,,,,,,,
2020-11-18T21:48:00-CME-001,M2M_CATALOG,2020-11-18T21:48Z,S20E138,,2020-11-18,8T21,,,,,,,,,,,,,
2020-11-19T02:54:00-CME-001,M2M_CATALOG,2020-11-19T02:54Z,,,2020-11-19,9T02,,,,,,,,,,,,,
2020-11-27T05:48:00-CME-001,M2M_CATALOG,2020-11-27T05:48Z,,,2020-11-27,7T05,,,,,,,,,,,,,
2020-11-29T13:24:00-CME-001,M2M_CATALOG,2020-11-29T13:24Z,S23E97,,2020-11-29,9T13,,,,,,,,,,,,,
2020-11-30T07:09:00-CME-001,M2M_CATALOG,2020-11-30T07:09Z,,,2020-11-30,0T07,,,,,,,,,,,,,
2020-12-01T05:48:00-CME-001,M2M_CATALOG,2020-12-01T05:48Z,S25E80,12790.0,2020-12-01,1T05,,,,,,,,,,,,,
2020-12-01T07:12:00-CME-001,M2M_CATALOG,2020-12-01T07:12Z,N35E30,12787.0,2020-12-01,1T07,,,,,,,,,,,,,
2020-12-03T11:12:00-CME-001,M2M_CATALOG,2020-12-03T11:12Z,S30E137,,2020-12-03,3T11,,,,,,,,,,,,,
2020-12-04T02:48:00-CME-001,M2M_CATALOG,2020-12-04T02:48Z,,,2020-12-04,4T02,,,,,,,,,,,,,
2020-12-06T22:00:00-CME-001,M2M_CATALOG,2020-12-06T22:00Z,,,2020-12-06,6T22,,,,,,,,,,,,,
2020-12-07T16:24:00-CME-001,M2M_CATALOG,2020-12-07T16:24Z,S23W11,12790.0,2020-12-07,7T16,,,,,,,,,,,,,
2020-12-07T18:36:00-CME-001,M2M_CATALOG,2020-12-07T18:36Z,S40W30,,2020-12-07,7T18,,,,,,,,,,,,,
2020-12-17T06:48:00-CME-001,M2M_CATALOG,2020-12-17T06:48Z,,,2020-12-17,7T06,,,,,,,,,,,,,
2020-12-27T00:48:00-CME-001,M2M_CATALOG,2020-12-27T00:48Z,,,2020-12-27,7T00,,,,,,,,,,,,,
2020-12-30T02:24:00-CME-001,M2M_CATALOG,2020-12-30T02:24Z,S20E08,12795.0,2020-12-30,0T02,,,,,,,,,,,,,
2020-10-10T04:24:00-CME-001,M2M_CATALOG,2020-10-10T04:24Z,,,2020-10-10,0T04,,,,,,,,,,,,,
2020-10-13T21:12:00-CME-001,M2M_CATALOG,2020-10-13T21:12Z,S23W37,12775.0,2020-10-13,3T21,,,,,,,,,,,,,
2020-10-14T03:24:00-CME-001,M2M_CATALOG,2020-10-14T03:24Z,,,2020-10-14,4T03,,,,,,,,,,,,,
2020-10-15T11:24:00-CME-001,M2M_CATALOG,2020-10-15T11:24Z,,,2020-10-15,5T11,,,,,,,,,,,,,
2020-10-15T16:36:00-CME-001,M2M_CATALOG,2020-10-15T16:36Z,,,2020-10-15,5T16,,,,,,,,,,,,,
2020-10-16T13:36:00-CME-001,M2M_CATALOG,2020-10-16T13:36Z,,12774.0,2020-10-16,6T13,,,,,,,,,,,,,
2020-10-16T16:03:00-CME-001,M2M_CATALOG,2020-10-16T16:03Z,S23W66,12775.0,2020-10-16,6T16,,,,,,,,,,,,,
2020-10-18T09:24:00-CME-001,M2M_CATALOG,2020-10-18T09:24Z,,,2020-10-18,8T09,,,,,,,,,,,,,
2020-10-22T13:09:00-CME-001,M2M_CATALOG,2020-10-22T13:09Z,,,2020-10-22,2T13,,,,,,,,,,,,,
2020-11-02T05:24:00-CME-001,M2M_CATALOG,2020-11-02T05:24Z,,,2020-11-02,2T05,,,,,,,,,,,,,
2020-11-07T13:24:00-CME-001,M2M_CATALOG,2020-11-07T13:24Z,N19W01,12780.0,2020-11-07,7T13,,,,,,,,,,,,,
2020-11-08T20:12:00-CME-001,M2M_CATALOG,2020-11-08T20:12Z,,,2020-11-08,8T20,,,,,,,,,,,,,
2020-11-11T19:36:00-CME-001,M2M_CATALOG,2020-11-11T19:36Z,S22E60,12782.0,2020-11-11,1T19,,,,,,,,,,,,,
2020-11-21T19:36:00-CME-001,M2M_CATALOG,2020-11-21T19:36Z,,,2020-11-21,1T19,,,,,,,,,,,,,
2020-12-11T19:09:00-CME-001,M2M_CATALOG,2020-12-11T19:09Z,,12791.0,2020-12-11,1T19,,,,,,,,,,,,,
2020-11-12T02:24:00-CME-001,M2M_CATALOG,2020-11-12T02:24Z,,,2020-11-12,2T02,,,,,,,,,,,,,
2020-11-13T12:24:00-CME-001,M2M_CATALOG,2020-11-13T12:24Z,,,2020-11-13,3T12,,,,,,,,,,,,,
2020-11-17T08:36:00-CME-001,M2M_CATALOG,2020-11-17T08:36Z,,,2020-11-17,7T08,,,,,,,,,,,,,
2020-11-17T19:00:00-CME-001,M2M_CATALOG,2020-11-17T19:00Z,,,2020-11-17,7T19,,,,,,,,,,,,,
2020-11-18T21:48:00-CME-001,M2M_CATALOG,2020-11-18T21:48Z,S20E138,,2020-11-18,8T21,,,,,,,,,,,,,
2020-11-19T02:54:00-CME-001,M2M_CATALOG,2020-11-19T02:54Z,,,2020-11-19,9T02,,,,,,,,,,,,,
2020-11-27T05:48:00-CME-001,M2M_CATALOG,2020-11-27T05:48Z,,,2020-11-27,7T05,,,,,,,,,,,,,
2020-11-29T13:24:00-CME-001,M2M_CATALOG,2020-11-29T13:24Z,S23E97,,2020-11-29,9T13,,,,,,,,,,,,,
2020-11-30T07:09:00-CME-001,M2M_CATALOG,2020-11-30T07:09Z,,,2020-11-30,0T07,,,,,,,,,,,,,
2020-12-01T05:48:00-CME-001,M2M_CATALOG,2020-12-01T05:48Z,S25E80,12790.0,2020-12-01,1T05,,,,,,,,,,,,,
2020-12-01T07:12:00-CME-001,M2M_CATALOG,2020-12-01T07:12Z,N35E30,12787.0,2020-12-01,1T07,,,,,,,,,,,,,
2020-12-03T11:12:00-CME-001,M2M_CATALOG,2020-12-03T11:12Z,S30E137,,2020-12-03,3T11,,,,,,,,,,,,,
2020-12-04T02:48:00-CME-001,M2M_CATALOG,2020-12-04T02:48Z,,,2020-12-04,4T02,,,,,,,,,,,,,
2020-12-06T22:00:00-CME-001,M2M_CATALOG,2020-12-06T22:00Z,,,2020-12-06,6T22,,,,,,,,,,,,,
2020-12-07T16:24:00-CME-001,M2M_CATALOG,2020-12-07T16:24Z,S23W11,12790.0,2020-12-07,7T16,,,,,,,,,,,,,
2020-12-07T18:36:00-CME-001,M2M_CATALOG,2020-12-07T18:36Z,S40W30,,2020-12-07,7T18,,,,,,,,,,,,,
2020-12-17T06:48:00-CME-001,M2M_CATALOG,2020-12-17T06:48Z,,,2020-12-17,7T06,,,,,,,,,,,,,
2020-12-27T00:48:00-CME-001,M2M_CATALOG,2020-12-27T00:48Z,,,2020-12-27,7T00,,,,,,,,,,,,,
2020-12-30T02:24:00-CME-001,M2M_CATALOG,2020-12-30T02:24Z,S20E08,12795.0,2020-12-30,0T02,,,,,,,,,,,,,
2020-10-10T04:24:00-CME-001,M2M_CATALOG,2020-10-10T04:24Z,,,2020-10-10,0T04,,,,,,,,,,,,,
2020-10-13T21:12:00-CME-001,M2M_CATALOG,2020-10-13T21:12Z,S23W37,12775.0,2020-10-13,3T21,,,,,,,,,,,,,
2020-10-14T03:24:00-CME-001,M2M_CATALOG,2020-10-14T03:24Z,,,2020-10-14,4T03,,,,,,,,,,,,,
2020-10-15T11:24:00-CME-001,M2M_CATALOG,2020-10-15T11:24Z,,,2020-10-15,5T11,,,,,,,,,,,,,
2020-10-15T16:36:00-CME-001,M2M_CATALOG,2020-10-15T16:36Z,,,2020-10-15,5T16,,,,,,,,,,,,,
2020-10-16T13:36:00-CME-001,M2M_CATALOG,2020-10-16T13:36Z,,12774.0,2020-10-16,6T13,,,,,,,,,,,,,
2020-10-16T16:03:00-CME-001,M2M_CATALOG,2020-10-16T16:03Z,S23W66,12775.0,2020-10-16,6T16,,,,,,,,,,,,,
2020-10-18T09:24:00-CME-001,M2M_CATALOG,2020-10-18T09:24Z,,,2020-10-18,8T09,,,,,,,,,,,,,
2020-10-22T13:09:00-CME-001,M2M_CATALOG,2020-10-22T13:09Z,,,2020-10-22,2T13,,,,,,,,,,,,,
2020-11-02T05:24:00-CME-001,M2M_CATALOG,2020-11-02T05:24Z,,,2020-11-02,2T05,,,,,,,,,,,,,
2020-11-07T13:24:00-CME-001,M2M_CATALOG,2020-11-07T13:24Z,N19W01,12780.0,2020-11-07,7T13,,,,,,,,,,,,,
2020-11-08T20:12:00-CME-001,M2M_CATALOG,2020-11-08T20:12Z,,,2020-11-08,8T20,,,,,,,,,,,,,
2020-11-11T19:36:00-CME-001,M2M_CATALOG,2020-11-11T19:36Z,S22E60,12782.0,2020-11-11,1T19,,,,,,,,,,,,,
2020-11-21T19:36:00-CME-001,M2M_CATALOG,2020-11-21T19:36Z,,,2020-11-21,1T19,,,,,,,,,,,,,
2020-12-11T19:09:00-CME-001,M2M_CATALOG,2020-12-11T19:09Z,,12791.0,2020-12-11,1T19,,,,,,,,,,,,,
2020-11-12T02:24:00-CME-001,M2M_CATALOG,2020-11-12T02:24Z,,,2020-11-12,2T02,,,,,,,,,,,,,
2020-11-13T12:24:00-CME-001,M2M_CATALOG,2020-11-13T12:24Z,,,2020-11-13,3T12,,,,,,,,,,,,,
2020-11-17T08:36:00-CME-001,M2M_CATALOG,2020-11-17T08:36Z,,,2020-11-17,7T08,,,,,,,,,,,,,
2020-11-17T19:00:00-CME-001,M2M_CATALOG,2020-11-17T19:00Z,,,2020-11-17,7T19,,,,,,,,,,,,,
2020-11-18T21:48:00-CME-001,M2M_CATALOG,2020-11-18T21:48Z,S20E138,,2020-11-18,8T21,,,,,,,,,,,,,
2020-11-19T02:54:00-CME-001,M2M_CATALOG,2020-11-19T02:54Z,,,2020-11-19,9T02,,,,,,,,,,,,,
2020-11-27T05:48:00-CME-001,M2M_CATALOG,2020-11-27T05:48Z,,,2020-11-27,7T05,,,,,,,,,,,,,
2020-11-29T13:24:00-CME-001,M2M_CATALOG,2020-11-29T13:24Z,S23E97,,2020-11-29,9T13,,,,,,,,,,,,,
2020-11-30T07:09:00-CME-001,M2M_CATALOG,2020-11-30T07:09Z,,,2020-11-30,0T07,,,,,,,,,,,,,
2020-12-01T05:48:00-CME-001,M2M_CATALOG,2020-12-01T05:48Z,S25E80,12790.0,2020-12-01,1T05,,,,,,,,,,,,,
2020-12-01T07:12:00-CME-001,M2M_CATALOG,2020-12-01T07:12Z,N35E30,12787.0,2020-12-01,1T07,,,,,,,,,,,,,
2020-12-03T11:12:00-CME-001,M2M_CATALOG,2020-12-03T11:12Z,S30E137,,2020-12-03,3T11,,,,,,,,,,,,,
2020-12-04T02:48:00-CME-001,M2M_CATALOG,2020-12-04T02:48Z,,,2020-12-04,4T02,,,,,,,,,,,,,
2020-12-06T22:00:00-CME-001,M2M_CATALOG,2020-12-06T22:00Z,,,2020-12-06,6T22,,,,,,,,,,,,,
2020-12-07T16:24:00-CME-001,M2M_CATALOG,2020-12-07T16:24Z,S23W11,12790.0,2020-12-07,7T16,,,,,,,,,,,,,
2020-12-07T18:36:00-CME-001,M2M_CATALOG,2020-12-07T18:36Z,S40W30,,2020-12-07,7T18,,,,,,,,,,,,,
2020-12-17T06:48:00-CME-001,M2M_CATALOG,2020-12-17T06:48Z,,,2020-12-17,7T06,,,,,,,,,,,,,
2020-12-27T00:48:00-CME-001,M2M_CATALOG,2020-12-27T00:48Z,,,2020-12-27,7T00,,,,,,,,,,,,,
2020-12-30T02:24:00-CME-001,M2M_CATALOG,2020-12-30T02:24Z,S20E08,12795.0,2020-12-30,0T02,,,,,,,,,,,,,
2020-10-23T04:39:00-CME-001,M2M_CATALOG,2020-10-23T04:39Z,,,2020-10-23,3T04,,,,,,,,,,,,,
2020-10-23T22:35:00-CME-001,M2M_CATALOG,2020-10-23T22:35Z,,,2020-10-23,3T22,,,,,,,,,,,,,
2020-10-10T04:24:00-CME-001,M2M_CATALOG,2020-10-10T04:24Z,,,2020-10-10,0T04,,,,,,,,,,,,,
2020-10-13T21:12:00-CME-001,M2M_CATALOG,2020-10-13T21:12Z,S23W37,12775.0,2020-10-13,3T21,,,,,,,,,,,,,
2020-10-14T03:24:00-CME-001,M2M_CATALOG,2020-10-14T03:24Z,,,2020-10-14,4T03,,,,,,,,,,,,,
2020-10-15T11:24:00-CME-001,M2M_CATALOG,2020-10-15T11:24Z,,,2020-10-15,5T11,,,,,,,,,,,,,
2020-10-15T16:36:00-CME-001,M2M_CATALOG,2020-10-15T16:36Z,,,2020-10-15,5T16,,,,,,,,,,,,,
2020-10-16T13:36:00-CME-001,M2M_CATALOG,2020-10-16T13:36Z,,12774.0,2020-10-16,6T13,,,,,,,,,,,,,
2020-10-16T16:03:00-CME-001,M2M_CATALOG,2020-10-16T16:03Z,S23W66,12775.0,2020-10-16,6T16,,,,,,,,,,,,,
2020-10-18T09:24:00-CME-001,M2M_CATALOG,2020-10-18T09:24Z,,,2020-10-18,8T09,,,,,,,,,,,,,
2020-10-22T13:09:00-CME-001,M2M_CATALOG,2020-10-22T13:09Z,,,2020-10-22,2T13,,,,,,,,,,,,,
2020-10-23T04:39:00-CME-001,M2M_CATALOG,2020-10-23T04:39Z,,,2020-10-23,3T04,,,,,,,,,,,,,
2020-10-23T22:35:00-CME-001,M2M_CATALOG,2020-10-23T22:35Z,,,2020-10-23,3T22,,,,,,,,,,,,,
2020-10-26T09:12:00-CME-001,M2M_CATALOG,2020-10-26T09:12Z,,,2020-10-26,6T09,,,,,,,,,,,,,
2020-10-26T18:09:00-CME-001,M2M_CATALOG,2020-10-26T18:09Z,,,2020-10-26,6T18,,,,,,,,,,,,,
2020-10-27T03:39:00-CME-001,M2M_CATALOG,2020-10-27T03:39Z,,,2020-10-27,7T03,,,,,,,,,,,,,
2020-10-28T13:42:00-CME-001,M2M_CATALOG,2020-10-28T13:42Z,,,2020-10-28,8T13,,,,,,,,,,,,,
2020-11-18T13:24:00-CME-001,M2M_CATALOG,2020-11-18T13:24Z,,,2020-11-18,8T13,,,,,,,,,,,,,
2020-11-18T13:36:00-CME-001,M2M_CATALOG,2020-11-18T13:36Z,,,2020-11-18,8T13,,,,,,,,,,,,,
2020-10-29T01:54:00-CME-001,M2M_CATALOG,2020-10-29T01:54Z,S19W28,12779.0,2020-10-29,9T01,,,,,,,,,,,,,
2020-10-31T00:12:00-CME-001,M2M_CATALOG,2020-10-31T00:12Z,,,2020-10-31,1T00,,,,,,,,,,,,,
2020-12-11T00:36:00-CME-001,M2M_CATALOG,2020-12-11T00:36Z,,,2020-12-11,1T00,,,,,,,,,,,,,
2020-11-01T20:00:00-CME-001,M2M_CATALOG,2020-11-01T20:00Z,,,2020-11-01,1T20,,,,,,,,,,,,,
2020-11-02T05:24:00-CME-001,M2M_CATALOG,2020-11-02T05:24Z,,,2020-11-02,2T05,,,,,,,,,,,,,
2020-11-07T13:24:00-CME-001,M2M_CATALOG,2020-11-07T13:24Z,N19W01,12780.0,2020-11-07,7T13,,,,,,,,,,,,,
2020-11-08T20:12:00-CME-001,M2M_CATALOG,2020-11-08T20:12Z,,,2020-11-08,8T20,,,,,,,,,,,,,
2020-11-11T19:36:00-CME-001,M2M_CATALOG,2020-11-11T19:36Z,S22E60,12782.0,2020-11-11,1T19,,,,,,,,,,,,,
2020-11-21T19:36:00-CME-001,M2M_CATALOG,2020-11-21T19:36Z,,,2020-11-21,1T19,,,,,,,,,,,,,
2020-12-11T19:09:00-CME-001,M2M_CATALOG,2020-12-11T19:09Z,,12791.0,2020-12-11,1T19,,,,,,,,,,,,,
2020-11-12T02:24:00-CME-001,M2M_CATALOG,2020-11-12T02:24Z,,,2020-11-12,2T02,,,,,,,,,,,,,
2020-11-13T12:24:00-CME-001,M2M_CATALOG,2020-11-13T12:24Z,,,2020-11-13,3T12,,,,,,,,,,,,,
2020-11-17T08:36:00-CME-001,M2M_CATALOG,2020-11-17T08:36Z,,,2020-11-17,7T08,,,,,,,,,,,,,
2020-11-17T19:00:00-CME-001,M2M_CATALOG,2020-11-17T19:00Z,,,2020-11-17,7T19,,,,,,,,,,,,,
2020-10-28T13:42:00-CME-001,M2M_CATALOG,2020-10-28T13:42Z,,,2020-10-28,8T13,,,,,,,,,,,,,
2020-11-18T13:24:00-CME-001,M2M_CATALOG,2020-11-18T13:24Z,,,2020-11-18,8T13,,,,,,,,,,,,,
2020-11-18T13:36:00-CME-001,M2M_CATALOG,2020-11-18T13:36Z,,,2020-11-18,8T13,,,,,,,,,,,,,
2020-10-28T13:42:00-CME-001,M2M_CATALOG,2020-10-28T13:42Z,,,2020-10-28,8T13,,,,,,,,,,,,,
2020-11-18T13:24:00-CME-001,M2M_CATALOG,2020-11-18T13:24Z,,,2020-11-18,8T13,,,,,,,,,,,,,
2020-11-18T13:36:00-CME-001,M2M_CATALOG,2020-11-18T13:36Z,,,2020-11-18,8T13,,,,,,,,,,,,,
2020-11-18T21:48:00-CME-001,M2M_CATALOG,2020-11-18T21:48Z,S20E138,,2020-11-18,8T21,,,,,,,,,,,,,
2020-11-19T02:54:00-CME-001,M2M_CATALOG,2020-11-19T02:54Z,,,2020-11-19,9T02,,,,,,,,,,,,,
2020-11-19T03:12:00-CME-001,M2M_CATALOG,2020-11-19T03:12Z,N30E40,,2020-11-19,9T03,,,,,,,,,,,,,
2020-11-19T06:48:00-CME-001,M2M_CATALOG,2020-11-19T06:48Z,S23E49,,2020-11-19,9T06,,,,,,,,,,,,,
2020-11-19T15:12:00-CME-001,M2M_CATALOG,2020-11-19T15:12Z,,,2020-11-19,9T15,,,,,,,,,,,,,
2020-11-29T15:05:00-CME-001,M2M_CATALOG,2020-11-29T15:05Z,,12783.0,2020-11-29,9T15,,,,,,,,,,,,,
2020-11-20T19:51:00-CME-001,M2M_CATALOG,2020-11-20T19:51Z,,12783.0,2020-11-20,0T19,,,,,,,,,,,,,
2020-11-20T21:12:00-CME-001,M2M_CATALOG,2020-11-20T21:12Z,,,2020-11-20,0T21,,,,,,,,,,,,,
2020-11-11T19:36:00-CME-001,M2M_CATALOG,2020-11-11T19:36Z,S22E60,12782.0,2020-11-11,1T19,,,,,,,,,,,,,
2020-11-21T19:36:00-CME-001,M2M_CATALOG,2020-11-21T19:36Z,,,2020-11-21,1T19,,,,,,,,,,,,,
2020-12-11T19:09:00-CME-001,M2M_CATALOG,2020-12-11T19:09Z,,12791.0,2020-12-11,1T19,,,,,,,,,,,,,
2020-11-21T23:12:00-CME-001,M2M_CATALOG,2020-11-21T23:12Z,,,2020-11-21,1T23,,,,,,,,,,,,,
2020-11-22T01:36:00-CME-001,M2M_CATALOG,2020-11-22T01:36Z,,,2020-11-22,2T01,,,,,,,,,,,,,
2020-11-23T18:48:00-CME-001,M2M_CATALOG,2020-11-23T18:48Z,,,2020-11-23,3T18,,,,,,,,,,,,,
2020-11-24T04:36:00-CME-001,M2M_CATALOG,2020-11-24T04:36Z,S20E65,12785.0,2020-11-24,4T04,,,,,,,,,,,,,
2020-11-24T11:24:00-CME-001,M2M_CATALOG,2020-11-24T11:24Z,,,2020-11-24,4T11,,,,,,,,,,,,,
2020-12-04T11:09:00-CME-001,M2M_CATALOG,2020-12-04T11:09Z,,,2020-12-04,4T11,,,,,,,,,,,,,
2020-11-24T13:24:00-CME-001,M2M_CATALOG,2020-11-24T13:24Z,,,2020-11-24,4T13,,,,,,,,,,,,,
2020-11-26T08:24:00-CME-001,M2M_CATALOG,2020-11-26T08:24Z,,,2020-11-26,6T08,,,,,,,,,,,,,
2020-11-26T21:24:00-CME-001,M2M_CATALOG,2020-11-26T21:24Z,N32E90,12787.0,2020-11-26,6T21,,,,,,,,,,,,,
2020-11-27T05:48:00-CME-001,M2M_CATALOG,2020-11-27T05:48Z,,,2020-11-27,7T05,,,,,,,,,,,,,
2020-11-29T13:24:00-CME-001,M2M_CATALOG,2020-11-29T13:24Z,S23E97,,2020-11-29,9T13,,,,,,,,,,,,,
2020-11-19T15:12:00-CME-001,M2M_CATALOG,2020-11-19T15:12Z,,,2020-11-19,9T15,,,,,,,,,,,,,
2020-11-29T15:05:00-CME-001,M2M_CATALOG,2020-11-29T15:05Z,,12783.0,2020-11-29,9T15,,,,,,,,,,,,,
2020-11-30T07:09:00-CME-001,M2M_CATALOG,2020-11-30T07:09Z,,,2020-11-30,0T07,,,,,,,,,,,,,
2020-12-01T05:48:00-CME-001,M2M_CATALOG,2020-12-01T05:48Z,S25E80,12790.0,2020-12-01,1T05,,,,,,,,,,,,,
2020-12-01T07:12:00-CME-001,M2M_CATALOG,2020-12-01T07:12Z,N35E30,12787.0,2020-12-01,1T07,,,,,,,,,,,,,
2020-12-03T11:12:00-CME-001,M2M_CATALOG,2020-12-03T11:12Z,S30E137,,2020-12-03,3T11,,,,,,,,,,,,,
2020-12-04T02:48:00-CME-001,M2M_CATALOG,2020-12-04T02:48Z,,,2020-12-04,4T02,,,,,,,,,,,,,
2020-11-24T11:24:00-CME-001,M2M_CATALOG,2020-11-24T11:24Z,,,2020-11-24,4T11,,,,,,,,,,,,,
2020-12-04T11:09:00-CME-001,M2M_CATALOG,2020-12-04T11:09Z,,,2020-12-04,4T11,,,,,,,,,,,,,
2020-12-06T22:00:00-CME-001,M2M_CATALOG,2020-12-06T22:00Z,,,2020-12-06,6T22,,,,,,,,,,,,,
2020-12-07T16:24:00-CME-001,M2M_CATALOG,2020-12-07T16:24Z,S23W11,12790.0,2020-12-07,7T16,,,,,,,,,,,,,
2020-12-07T18:36:00-CME-001,M2M_CATALOG,2020-12-07T18:36Z,S40W30,,2020-12-07,7T18,,,,,,,,,,,,,
2020-10-31T00:12:00-CME-001,M2M_CATALOG,2020-10-31T00:12Z,,,2020-10-31,1T00,,,,,,,,,,,,,
2020-12-11T00:36:00-CME-001,M2M_CATALOG,2020-12-11T00:36Z,,,2020-12-11,1T00,,,,,,,,,,,,,
2020-11-11T19:36:00-CME-001,M2M_CATALOG,2020-11-11T19:36Z,S22E60,12782.0,2020-11-11,1T19,,,,,,,,,,,,,
2020-11-21T19:36:00-CME-001,M2M_CATALOG,2020-11-21T19:36Z,,,2020-11-21,1T19,,,,,,,,,,,,,
2020-12-11T19:09:00-CME-001,M2M_CATALOG,2020-12-11T19:09Z,,12791.0,2020-12-11,1T19,,,,,,,,,,,,,
2020-12-12T04:12:00-CME-001,M2M_CATALOG,2020-12-12T04:12Z,,,2020-12-12,2T04,,,,,,,,,,,,,
2020-12-13T09:24:00-CME-001,M2M_CATALOG,2020-12-13T09:24Z,,,2020-12-13,3T09,,,,,,,,,,,,,
2020-12-14T15:12:00-CME-001,M2M_CATALOG,2020-12-14T15:12Z,S22E44,12792.0,2020-12-14,4T15,,,,,,,,,,,,,
2020-12-14T21:12:00-CME-001,M2M_CATALOG,2020-12-14T21:12Z,N40E110,,2020-12-14,4T21,,,,,,,,,,,,,
2020-12-17T06:48:00-CME-001,M2M_CATALOG,2020-12-17T06:48Z,,,2020-12-17,7T06,,,,,,,,,,,,,
2020-12-27T00:48:00-CME-001,M2M_CATALOG,2020-12-27T00:48Z,,,2020-12-27,7T00,,,,,,,,,,,,,
2020-12-30T02:24:00-CME-001,M2M_CATALOG,2020-12-30T02:24Z,S20E08,12795.0,2020-12-30,0T02,,,,,,,,,,,,,
2020-10-10T04:24:00-CME-001,M2M_CATALOG,2020-10-10T04:24Z,,,2020-10-10,0T04,,,,,,,,,,,,,
2020-10-13T21:12:00-CME-001,M2M_CATALOG,2020-10-13T21:12Z,S23W37,12775.0,2020-10-13,3T21,,,,,,,,,,,,,
2020-10-14T03:24:00-CME-001,M2M_CATALOG,2020-10-14T03:24Z,,,2020-10-14,4T03,,,,,,,,,,,,,
2020-10-15T11:24:00-CME-001,M2M_CATALOG,2020-10-15T11:24Z,,,2020-10-15,5T11,,,,,,,,,,,,,
2020-10-15T16:36:00-CME-001,M2M_CATALOG,2020-10-15T16:36Z,,,2020-10-15,5T16,,,,,,,,,,,,,
2020-10-16T13:36:00-CME-001,M2M_CATALOG,2020-10-16T13:36Z,,12774.0,2020-10-16,6T13,,,,,,,,,,,,,
2020-10-16T16:03:00-CME-001,M2M_CATALOG,2020-10-16T16:03Z,S23W66,12775.0,2020-10-16,6T16,,,,,,,,,,,,,
2020-10-18T09:24:00-CME-001,M2M_CATALOG,2020-10-18T09:24Z,,,2020-10-18,8T09,,,,,,,,,,,,,
2020-10-22T13:09:00-CME-001,M2M_CATALOG,2020-10-22T13:09Z,,,2020-10-22,2T13,,,,,,,,,,,,,
2020-10-23T04:39:00-CME-001,M2M_CATALOG,2020-10-23T04:39Z,,,2020-10-23,3T04,,,,,,,,,,,,,
2020-10-23T22:35:00-CME-001,M2M_CATALOG,2020-10-23T22:35Z,,,2020-10-23,3T22,,,,,,,,,,,,,
2020-10-26T09:12:00-CME-001,M2M_CATALOG,2020-10-26T09:12Z,,,2020-10-26,6T09,,,,,,,,,,,,,
2020-10-26T18:09:00-CME-001,M2M_CATALOG,2020-10-26T18:09Z,,,2020-10-26,6T18,,,,,,,,,,,,,
2020-10-27T03:39:00-CME-001,M2M_CATALOG,2020-10-27T03:39Z,,,2020-10-27,7T03,,,,,,,,,,,,,
2020-10-28T13:42:00-CME-001,M2M_CATALOG,2020-10-28T13:42Z,,,2020-10-28,8T13,,,,,,,,,,,,,
2020-11-18T13:24:00-CME-001,M2M_CATALOG,2020-11-18T13:24Z,,,2020-11-18,8T13,,,,,,,,,,,,,
2020-11-18T13:36:00-CME-001,M2M_CATALOG,2020-11-18T13:36Z,,,2020-11-18,8T13,,,,,,,,,,,,,
2020-10-29T01:54:00-CME-001,M2M_CATALOG,2020-10-29T01:54Z,S19W28,12779.0,2020-10-29,9T01,,,,,,,,,,,,,
2020-10-31T00:12:00-CME-001,M2M_CATALOG,2020-10-31T00:12Z,,,2020-10-31,1T00,,,,,,,,,,,,,
2020-12-11T00:36:00-CME-001,M2M_CATALOG,2020-12-11T00:36Z,,,2020-12-11,1T00,,,,,,,,,,,,,
2020-11-01T20:00:00-CME-001,M2M_CATALOG,2020-11-01T20:00Z,,,2020-11-01,1T20,,,,,,,,,,,,,
2020-11-02T05:24:00-CME-001,M2M_CATALOG,2020-11-02T05:24Z,,,2020-11-02,2T05,,,,,,,,,,,,,
2020-11-07T13:24:00-CME-001,M2M_CATALOG,2020-11-07T13:24Z,N19W01,12780.0,2020-11-07,7T13,,,,,,,,,,,,,
2020-11-08T20:12:00-CME-001,M2M_CATALOG,2020-11-08T20:12Z,,,2020-11-08,8T20,,,,,,,,,,,,,
2020-11-11T19:36:00-CME-001,M2M_CATALOG,2020-11-11T19:36Z,S22E60,12782.0,2020-11-11,1T19,,,,,,,,,,,,,
2020-11-21T19:36:00-CME-001,M2M_CATALOG,2020-11-21T19:36Z,,,2020-11-21,1T19,,,,,,,,,,,,,
2020-12-11T19:09:00-CME-001,M2M_CATALOG,2020-12-11T19:09Z,,12791.0,2020-12-11,1T19,,,,,,,,,,,,,
2020-11-12T02:24:00-CME-001,M2M_CATALOG,2020-11-12T02:24Z,,,2020-11-12,2T02,,,,,,,,,,,,,
2020-11-13T12:24:00-CME-001,M2M_CATALOG,2020-11-13T12:24Z,,,2020-11-13,3T12,,,,,,,,,,,,,
2020-11-17T08:36:00-CME-001,M2M_CATALOG,2020-11-17T08:36Z,,,2020-11-17,7T08,,,,,,,,,,,,,
2020-11-17T19:00:00-CME-001,M2M_CATALOG,2020-11-17T19:00Z,,,2020-11-17,7T19,,,,,,,,,,,,,
2020-10-28T13:42:00-CME-001,M2M_CATALOG,2020-10-28T13:42Z,,,2020-10-28,8T13,,,,,,,,,,,,,
2020-11-18T13:24:00-CME-001,M2M_CATALOG,2020-11-18T13:24Z,,,2020-11-18,8T13,,,,,,,,,,,,,
2020-11-18T13:36:00-CME-001,M2M_CATALOG,2020-11-18T13:36Z,,,2020-11-18,8T13,,,,,,,,,,,,,
2020-10-28T13:42:00-CME-001,M2M_CATALOG,2020-10-28T13:42Z,,,2020-10-28,8T13,,,,,,,,,,,,,
2020-11-18T13:24:00-CME-001,M2M_CATALOG,2020-11-18T13:24Z,,,2020-11-18,8T13,,,,,,,,,,,,,
2020-11-18T13:36:00-CME-001,M2M_CATALOG,2020-11-18T13:36Z,,,2020-11-18,8T13,,,,,,,,,,,,,
2020-11-18T21:48:00-CME-001,M2M_CATALOG,2020-11-18T21:48Z,S20E138,,2020-11-18,8T21,,,,,,,,,,,,,
2020-11-19T02:54:00-CME-001,M2M_CATALOG,2020-11-19T02:54Z,,,2020-11-19,9T02,,,,,,,,,,,,,
2020-11-19T03:12:00-CME-001,M2M_CATALOG,2020-11-19T03:12Z,N30E40,,2020-11-19,9T03,,,,,,,,,,,,,
2020-11-19T06:48:00-CME-001,M2M_CATALOG,2020-11-19T06:48Z,S23E49,,2020-11-19,9T06,,,,,,,,,,,,,
2020-11-19T15:12:00-CME-001,M2M_CATALOG,2020-11-19T15:12Z,,,2020-11-19,9T15,,,,,,,,,,,,,
2020-11-29T15:05:00-CME-001,M2M_CATALOG,2020-11-29T15:05Z,,12783.0,2020-11-29,9T15,,,,,,,,,,,,,
2020-11-20T19:51:00-CME-001,M2M_CATALOG,2020-11-20T19:51Z,,12783.0,2020-11-20,0T19,,,,,,,,,,,,,
2020-10-10T04:24:00-CME-001,M2M_CATALOG,2020-10-10T04:24Z,,,2020-10-10,0T04,,,,,,,,,,,,,
2020-10-13T21:12:00-CME-001,M2M_CATALOG,2020-10-13T21:12Z,S23W37,12775.0,2020-10-13,3T21,,,,,,,,,,,,,
2020-10-14T03:24:00-CME-001,M2M_CATALOG,2020-10-14T03:24Z,,,2020-10-14,4T03,,,,,,,,,,,,,
2020-10-15T11:24:00-CME-001,M2M_CATALOG,2020-10-15T11:24Z,,,2020-10-15,5T11,,,,,,,,,,,,,
2020-10-15T16:36:00-CME-001,M2M_CATALOG,2020-10-15T16:36Z,,,2020-10-15,5T16,,,,,,,,,,,,,
2020-10-16T13:36:00-CME-001,M2M_CATALOG,2020-10-16T13:36Z,,12774.0,2020-10-16,6T13,,,,,,,,,,,,,
2020-10-16T16:03:00-CME-001,M2M_CATALOG,2020-10-16T16:03Z,S23W66,12775.0,2020-10-16,6T16,,,,,,,,,,,,,
2020-10-18T09:24:00-CME-001,M2M_CATALOG,2020-10-18T09:24Z,,,2020-10-18,8T09,,,,,,,,,,,,,
2020-10-22T13:09:00-CME-001,M2M_CATALOG,2020-10-22T13:09Z,,,2020-10-22,2T13,,,,,,,,,,,,,
2020-10-23T04:39:00-CME-001,M2M_CATALOG,2020-10-23T04:39Z,,,2020-10-23,3T04,,,,,,,,,,,,,
2020-10-23T22:35:00-CME-001,M2M_CATALOG,2020-10-23T22:35Z,,,2020-10-23,3T22,,,,,,,,,,,,,
2020-10-26T09:12:00-CME-001,M2M_CATALOG,2020-10-26T09:12Z,,,2020-10-26,6T09,,,,,,,,,,,,,
2020-10-26T18:09:00-CME-001,M2M_CATALOG,2020-10-26T18:09Z,,,2020-10-26,6T18,,,,,,,,,,,,,
2020-10-27T03:39:00-CME-001,M2M_CATALOG,2020-10-27T03:39Z,,,2020-10-27,7T03,,,,,,,,,,,,,
2020-10-28T13:42:00-CME-001,M2M_CATALOG,2020-10-28T13:42Z,,,2020-10-28,8T13,,,,,,,,,,,,,
2020-11-18T13:24:00-CME-001,M2M_CATALOG,2020-11-18T13:24Z,,,2020-11-18,8T13,,,,,,,,,,,,,
2020-11-18T13:36:00-CME-001,M2M_CATALOG,2020-11-18T13:36Z,,,2020-11-18,8T13,,,,,,,,,,,,,
2020-10-29T01:54:00-CME-001,M2M_CATALOG,2020-10-29T01:54Z,S19W28,12779.0,2020-10-29,9T01,,,,,,,,,,,,,
2020-10-31T00:12:00-CME-001,M2M_CATALOG,2020-10-31T00:12Z,,,2020-10-31,1T00,,,,,,,,,,,,,
2020-12-11T00:36:00-CME-001,M2M_CATALOG,2020-12-11T00:36Z,,,2020-12-11,1T00,,,,,,,,,,,,,
2020-11-01T20:00:00-CME-001,M2M_CATALOG,2020-11-01T20:00Z,,,2020-11-01,1T20,,,,,,,,,,,,,
2020-11-02T05:24:00-CME-001,M2M_CATALOG,2020-11-02T05:24Z,,,2020-11-02,2T05,,,,,,,,,,,,,
2020-11-07T13:24:00-CME-001,M2M_CATALOG,2020-11-07T13:24Z,N19W01,12780.0,2020-11-07,7T13,,,,,,,,,,,,,
2020-11-08T20:12:00-CME-001,M2M_CATALOG,2020-11-08T20:12Z,,,2020-11-08,8T20,,,,,,,,,,,,,
2020-11-11T19:36:00-CME-001,M2M_CATALOG,2020-11-11T19:36Z,S22E60,12782.0,2020-11-11,1T19,,,,,,,,,,,,,
2020-11-21T19:36:00-CME-001,M2M_CATALOG,2020-11-21T19:36Z,,,2020-11-21,1T19,,,,,,,,,,,,,
2020-12-11T19:09:00-CME-001,M2M_CATALOG,2020-12-11T19:09Z,,12791.0,2020-12-11,1T19,,,,,,,,,,,,,
2020-11-12T02:24:00-CME-001,M2M_CATALOG,2020-11-12T02:24Z,,,2020-11-12,2T02,,,,,,,,,,,,,
2020-11-13T12:24:00-CME-001,M2M_CATALOG,2020-11-13T12:24Z,,,2020-11-13,3T12,,,,,,,,,,,,,
2020-11-17T08:36:00-CME-001,M2M_CATALOG,2020-11-17T08:36Z,,,2020-11-17,7T08,,,,,,,,,,,,,
2020-11-17T19:00:00-CME-001,M2M_CATALOG,2020-11-17T19:00Z,,,2020-11-17,7T19,,,,,,,,,,,,,
2020-10-28T13:42:00-CME-001,M2M_CATALOG,2020-10-28T13:42Z,,,2020-10-28,8T13,,,,,,,,,,,,,
2020-11-18T13:24:00-CME-001,M2M_CATALOG,2020-11-18T13:24Z,,,2020-11-18,8T13,,,,,,,,,,,,,
2020-11-18T13:36:00-CME-001,M2M_CATALOG,2020-11-18T13:36Z,,,2020-11-18,8T13,,,,,,,,,,,,,
2020-10-28T13:42:00-CME-001,M2M_CATALOG,2020-10-28T13:42Z,,,2020-10-28,8T13,,,,,,,,,,,,,
2020-11-18T13:24:00-CME-001,M2M_CATALOG,2020-11-18T13:24Z,,,2020-11-18,8T13,,,,,,,,,,,,,
2020-11-18T13:36:00-CME-001,M2M_CATALOG,2020-11-18T13:36Z,,,2020-11-18,8T13,,,,,,,,,,,,,
2020-11-18T21:48:00-CME-001,M2M_CATALOG,2020-11-18T21:48Z,S20E138,,2020-11-18,8T21,,,,,,,,,,,,,
2020-11-19T02:54:00-CME-001,M2M_CATALOG,2020-11-19T02:54Z,,,2020-11-19,9T02,,,,,,,,,,,,,
2020-11-19T03:12:00-CME-001,M2M_CATALOG,2020-11-19T03:12Z,N30E40,,2020-11-19,9T03,,,,,,,,,,,,,
2020-11-19T06:48:00-CME-001,M2M_CATALOG,2020-11-19T06:48Z,S23E49,,2020-11-19,9T06,,,,,,,,,,,,,
2020-11-19T15:12:00-CME-001,M2M_CATALOG,2020-11-19T15:12Z,,,2020-11-19,9T15,,,,,,,,,,,,,
2020-11-29T15:05:00-CME-001,M2M_CATALOG,2020-11-29T15:05Z,,12783.0,2020-11-29,9T15,,,,,,,,,,,,,
2020-11-20T19:51:00-CME-001,M2M_CATALOG,2020-11-20T19:51Z,,12783.0,2020-11-20,0T19,,,,,,,,,,,,,
2020-11-20T21:12:00-CME-001,M2M_CATALOG,2020-11-20T21:12Z,,,2020-11-20,0T21,,,,,,,,,,,,,
2020-11-11T19:36:00-CME-001,M2M_CATALOG,2020-11-11T19:36Z,S22E60,12782.0,2020-11-11,1T19,,,,,,,,,,,,,
2020-11-21T19:36:00-CME-001,M2M_CATALOG,2020-11-21T19:36Z,,,2020-11-21,1T19,,,,,,,,,,,,,
2020-12-11T19:09:00-CME-001,M2M_CATALOG,2020-12-11T19:09Z,,12791.0,2020-12-11,1T19,,,,,,,,,,,,,
2020-11-21T23:12:00-CME-001,M2M_CATALOG,2020-11-21T23:12Z,,,2020-11-21,1T23,,,,,,,,,,,,,
2020-11-22T01:36:00-CME-001,M2M_CATALOG,2020-11-22T01:36Z,,,2020-11-22,2T01,,,,,,,,,,,,,
2020-11-23T18:48:00-CME-001,M2M_CATALOG,2020-11-23T18:48Z,,,2020-11-23,3T18,,,,,,,,,,,,,
2020-11-24T04:36:00-CME-001,M2M_CATALOG,2020-11-24T04:36Z,S20E65,12785.0,2020-11-24,4T04,,,,,,,,,,,,,
2020-11-24T11:24:00-CME-001,M2M_CATALOG,2020-11-24T11:24Z,,,2020-11-24,4T11,,,,,,,,,,,,,
2020-12-04T11:09:00-CME-001,M2M_CATALOG,2020-12-04T11:09Z,,,2020-12-04,4T11,,,,,,,,,,,,,
2020-11-24T13:24:00-CME-001,M2M_CATALOG,2020-11-24T13:24Z,,,2020-11-24,4T13,,,,,,,,,,,,,
2020-11-26T08:24:00-CME-001,M2M_CATALOG,2020-11-26T08:24Z,,,2020-11-26,6T08,,,,,,,,,,,,,
2020-11-26T21:24:00-CME-001,M2M_CATALOG,2020-11-26T21:24Z,N32E90,12787.0,2020-11-26,6T21,,,,,,,,,,,,,
2020-11-27T05:48:00-CME-001,M2M_CATALOG,2020-11-27T05:48Z,,,2020-11-27,7T05,,,,,,,,,,,,,
2020-11-29T13:24:00-CME-001,M2M_CATALOG,2020-11-29T13:24Z,S23E97,,2020-11-29,9T13,,,,,,,,,,,,,
2020-11-19T15:12:00-CME-001,M2M_CATALOG,2020-11-19T15:12Z,,,2020-11-19,9T15,,,,,,,,,,,,,
2020-11-29T15:05:00-CME-001,M2M_CATALOG,2020-11-29T15:05Z,,12783.0,2020-11-29,9T15,,,,,,,,,,,,,
2020-11-30T07:09:00-CME-001,M2M_CATALOG,2020-11-30T07:09Z,,,2020-11-30,0T07,,,,,,,,,,,,,
2020-12-01T05:48:00-CME-001,M2M_CATALOG,2020-12-01T05:48Z,S25E80,12790.0,2020-12-01,1T05,,,,,,,,,,,,,
2020-12-01T07:12:00-CME-001,M2M_CATALOG,2020-12-01T07:12Z,N35E30,12787.0,2020-12-01,1T07,,,,,,,,,,,,,
2020-12-03T11:12:00-CME-001,M2M_CATALOG,2020-12-03T11:12Z,S30E137,,2020-12-03,3T11,,,,,,,,,,,,,
2020-12-04T02:48:00-CME-001,M2M_CATALOG,2020-12-04T02:48Z,,,2020-12-04,4T02,,,,,,,,,,,,,
2020-11-24T11:24:00-CME-001,M2M_CATALOG,2020-11-24T11:24Z,,,2020-11-24,4T11,,,,,,,,,,,,,
2020-12-04T11:09:00-CME-001,M2M_CATALOG,2020-12-04T11:09Z,,,2020-12-04,4T11,,,,,,,,,,,,,
2020-12-06T22:00:00-CME-001,M2M_CATALOG,2020-12-06T22:00Z,,,2020-12-06,6T22,,,,,,,,,,,,,
2020-12-07T16:24:00-CME-001,M2M_CATALOG,2020-12-07T16:24Z,S23W11,12790.0,2020-12-07,7T16,,,,,,,,,,,,,
2020-12-07T18:36:00-CME-001,M2M_CATALOG,2020-12-07T18:36Z,S40W30,,2020-12-07,7T18,,,,,,,,,,,,,
2020-10-31T00:12:00-CME-001,M2M_CATALOG,2020-10-31T00:12Z,,,2020-10-31,1T00,,,,,,,,,,,,,
2020-12-11T00:36:00-CME-001,M2M_CATALOG,2020-12-11T00:36Z,,,2020-12-11,1T00,,,,,,,,,,,,,
2020-11-11T19:36:00-CME-001,M2M_CATALOG,2020-11-11T19:36Z,S22E60,12782.0,2020-11-11,1T19,,,,,,,,,,,,,
2020-11-21T19:36:00-CME-001,M2M_CATALOG,2020-11-21T19:36Z,,,2020-11-21,1T19,,,,,,,,,,,,,
2020-12-11T19:09:00-CME-001,M2M_CATALOG,2020-12-11T19:09Z,,12791.0,2020-12-11,1T19,,,,,,,,,,,,,
2020-12-12T04:12:00-CME-001,M2M_CATALOG,2020-12-12T04:12Z,,,2020-12-12,2T04,,,,,,,,,,,,,
2020-12-13T09:24:00-CME-001,M2M_CATALOG,2020-12-13T09:24Z,,,2020-12-13,3T09,,,,,,,,,,,,,
2020-12-14T15:12:00-CME-001,M2M_CATALOG,2020-12-14T15:12Z,S22E44,12792.0,2020-12-14,4T15,,,,,,,,,,,,,
2020-12-14T21:12:00-CME-001,M2M_CATALOG,2020-12-14T21:12Z,N40E110,,2020-12-14,4T21,,,,,,,,,,,,,
2020-12-17T06:48:00-CME-001,M2M_CATALOG,2020-12-17T06:48Z,,,2020-12-17,7T06,,,,,,,,,,,,,
2020-12-27T00:48:00-CME-001,M2M_CATALOG,2020-12-27T00:48Z,,,2020-12-27,7T00,,,,,,,,,,,,,
2020-12-30T02:24:00-CME-001,M2M_CATALOG,2020-12-30T02:24Z,S20E08,12795.0,2020-12-30,0T02,,,,,,,,,,,,,
2020-10-10T04:24:00-CME-001,M2M_CATALOG,2020-10-10T04:24Z,,,2020-10-10,0T04,,,,,,,,,,,,,
2020-10-13T21:12:00-CME-001,M2M_CATALOG,2020-10-13T21:12Z,S23W37,12775.0,2020-10-13,3T21,,,,,,,,,,,,,
2020-10-14T03:24:00-CME-001,M2M_CATALOG,2020-10-14T03:24Z,,,2020-10-14,4T03,,,,,,,,,,,,,
2020-10-15T11:24:00-CME-001,M2M_CATALOG,2020-10-15T11:24Z,,,2020-10-15,5T11,,,,,,,,,,,,,
2020-10-15T16:36:00-CME-001,M2M_CATALOG,2020-10-15T16:36Z,,,2020-10-15,5T16,,,,,,,,,,,,,
2020-10-16T13:36:00-CME-001,M2M_CATALOG,2020-10-16T13:36Z,,12774.0,2020-10-16,6T13,7643.0,8112c349-9b67-431d-a776-6a6c26b64938,Miller Draft,Dreadnaught IPA,European Amber Lager,Amarillo,1272 - American Ale II,Roasted barley,68 IBU,2.5%,8.2°Blg,Estados Unidos,1855.0
2020-10-16T16:03:00-CME-001,M2M_CATALOG,2020-10-16T16:03Z,S23W66,12775.0,2020-10-16,6T16,,,,,,,,,,,,,
2020-10-18T09:24:00-CME-001,M2M_CATALOG,2020-10-18T09:24Z,,,2020-10-18,8T09,,,,,,,,,,,,,
2020-10-22T13:09:00-CME-001,M2M_CATALOG,2020-10-22T13:09Z,,,2020-10-22,2T13,,,,,,,,,,,,,
2020-10-23T04:39:00-CME-001,M2M_CATALOG,2020-10-23T04:39Z,,,2020-10-23,3T04,,,,,,,,,,,,,
2020-10-23T22:35:00-CME-001,M2M_CATALOG,2020-10-23T22:35Z,,,2020-10-23,3T22,,,,,,,,,,,,,
2020-10-26T09:12:00-CME-001,M2M_CATALOG,2020-10-26T09:12Z,,,2020-10-26,6T09,,,,,,,,,,,,,
2020-10-26T18:09:00-CME-001,M2M_CATALOG,2020-10-26T18:09Z,,,2020-10-26,6T18,,,,,,,,,,,,,
2020-10-27T03:39:00-CME-001,M2M_CATALOG,2020-10-27T03:39Z,,,2020-10-27,7T03,,,,,,,,,,,,,
2020-10-28T13:42:00-CME-001,M2M_CATALOG,2020-10-28T13:42Z,,,2020-10-28,8T13,,,,,,,,,,,,,
2020-11-18T13:24:00-CME-001,M2M_CATALOG,2020-11-18T13:24Z,,,2020-11-18,8T13,,,,,,,,,,,,,
2020-11-18T13:36:00-CME-001,M2M_CATALOG,2020-11-18T13:36Z,,,2020-11-18,8T13,,,,,,,,,,,,,
2020-10-29T01:54:00-CME-001,M2M_CATALOG,2020-10-29T01:54Z,S19W28,12779.0,2020-10-29,9T01,,,,,,,,,,,,,
2020-10-31T00:12:00-CME-001,M2M_CATALOG,2020-10-31T00:12Z,,,2020-10-31,1T00,,,,,,,,,,,,,
2020-12-11T00:36:00-CME-001,M2M_CATALOG,2020-12-11T00:36Z,,,2020-12-11,1T00,,,,,,,,,,,,,
2020-11-01T20:00:00-CME-001,M2M_CATALOG,2020-11-01T20:00Z,,,2020-11-01,1T20,,,,,,,,,,,,,
2020-11-02T05:24:00-CME-001,M2M_CATALOG,2020-11-02T05:24Z,,,2020-11-02,2T05,,,,,,,,,,,,,
2020-11-07T13:24:00-CME-001,M2M_CATALOG,2020-11-07T13:24Z,N19W01,12780.0,2020-11-07,7T13,,,,,,,,,,,,,
2020-11-08T20:12:00-CME-001,M2M_CATALOG,2020-11-08T20:12Z,,,2020-11-08,8T20,,,,,,,,,,,,,
2020-11-11T19:36:00-CME-001,M2M_CATALOG,2020-11-11T19:36Z,S22E60,12782.0,2020-11-11,1T19,,,,,,,,,,,,,
2020-11-21T19:36:00-CME-001,M2M_CATALOG,2020-11-21T19:36Z,,,2020-11-21,1T19,,,,,,,,,,,,,
2020-12-11T19:09:00-CME-001,M2M_CATALOG,2020-12-11T19:09Z,,12791.0,2020-12-11,1T19,,,,,,,,,,,,,
2020-11-12T02:24:00-CME-001,M2M_CATALOG,2020-11-12T02:24Z,,,2020-11-12,2T02,,,,,,,,,,,,,
2020-11-13T12:24:00-CME-001,M2M_CATALOG,2020-11-13T12:24Z,,,2020-11-13,3T12,,,,,,,,,,,,,
2020-11-17T08:36:00-CME-001,M2M_CATALOG,2020-11-17T08:36Z,,,2020-11-17,7T08,,,,,,,,,,,,,
2020-11-17T19:00:00-CME-001,M2M_CATALOG,2020-11-17T19:00Z,,,2020-11-17,7T19,,,,,,,,,,,,,
2020-10-28T13:42:00-CME-001,M2M_CATALOG,2020-10-28T13:42Z,,,2020-10-28,8T13,,,,,,,,,,,,,
2020-11-18T13:24:00-CME-001,M2M_CATALOG,2020-11-18T13:24Z,,,2020-11-18,8T13,,,,,,,,,,,,,
2020-11-18T13:36:00-CME-001,M2M_CATALOG,2020-11-18T13:36Z,,,2020-11-18,8T13,,,,,,,,,,,,,
2020-10-28T13:42:00-CME-001,M2M_CATALOG,2020-10-28T13:42Z,,,2020-10-28,8T13,,,,,,,,,,,,,
2020-11-18T13:24:00-CME-001,M2M_CATALOG,2020-11-18T13:24Z,,,2020-11-18,8T13,,,,,,,,,,,,,
2020-11-18T13:36:00-CME-001,M2M_CATALOG,2020-11-18T13:36Z,,,2020-11-18,8T13,,,,,,,,,,,,,
2020-11-18T21:48:00-CME-001,M2M_CATALOG,2020-11-18T21:48Z,S20E138,,2020-11-18,8T21,,,,,,,,,,,,,
2020-11-19T02:54:00-CME-001,M2M_CATALOG,2020-11-19T02:54Z,,,2020-11-19,9T02,,,,,,,,,,,,,
2020-11-19T03:12:00-CME-001,M2M_CATALOG,2020-11-19T03:12Z,N30E40,,2020-11-19,9T03,,,,,,,,,,,,,
2020-11-19T06:48:00-CME-001,M2M_CATALOG,2020-11-19T06:48Z,S23E49,,2020-11-19,9T06,,,,,,,,,,,,,
2020-11-19T15:12:00-CME-001,M2M_CATALOG,2020-11-19T15:12Z,,,2020-11-19,9T15,,,,,,,,,,,,,
2020-11-29T15:05:00-CME-001,M2M_CATALOG,2020-11-29T15:05Z,,12783.0,2020-11-29,9T15,,,,,,,,,,,,,
2020-10-10T04:24:00-CME-001,M2M_CATALOG,2020-10-10T04:24Z,,,2020-10-10,0T04,,,,,,,,,,,,,
2020-10-13T21:12:00-CME-001,M2M_CATALOG,2020-10-13T21:12Z,S23W37,12775.0,2020-10-13,3T21,,,,,,,,,,,,,
2020-10-14T03:24:00-CME-001,M2M_CATALOG,2020-10-14T03:24Z,,,2020-10-14,4T03,,,,,,,,,,,,,
2020-10-15T11:24:00-CME-001,M2M_CATALOG,2020-10-15T11:24Z,,,2020-10-15,5T11,,,,,,,,,,,,,
2020-10-15T16:36:00-CME-001,M2M_CATALOG,2020-10-15T16:36Z,,,2020-10-15,5T16,,,,,,,,,,,,,
2020-10-16T13:36:00-CME-001,M2M_CATALOG,2020-10-16T13:36Z,,12774.0,2020-10-16,6T13,,,,,,,,,,,,,
2020-10-16T16:03:00-CME-001,M2M_CATALOG,2020-10-16T16:03Z,S23W66,12775.0,2020-10-16,6T16,,,,,,,,,,,,,
2020-10-18T09:24:00-CME-001,M2M_CATALOG,2020-10-18T09:24Z,,,2020-10-18,8T09,,,,,,,,,,,,,
2020-10-22T13:09:00-CME-001,M2M_CATALOG,2020-10-22T13:09Z,,,2020-10-22,2T13,,,,,,,,,,,,,
2020-11-02T05:24:00-CME-001,M2M_CATALOG,2020-11-02T05:24Z,,,2020-11-02,2T05,,,,,,,,,,,,,
2020-11-07T13:24:00-CME-001,M2M_CATALOG,2020-11-07T13:24Z,N19W01,12780.0,2020-11-07,7T13,,,,,,,,,,,,,
2020-11-08T20:12:00-CME-001,M2M_CATALOG,2020-11-08T20:12Z,,,2020-11-08,8T20,,,,,,,,,,,,,
2020-11-11T19:36:00-CME-001,M2M_CATALOG,2020-11-11T19:36Z,S22E60,12782.0,2020-11-11,1T19,,,,,,,,,,,,,
2020-11-21T19:36:00-CME-001,M2M_CATALOG,2020-11-21T19:36Z,,,2020-11-21,1T19,,,,,,,,,,,,,
2020-12-11T19:09:00-CME-001,M2M_CATALOG,2020-12-11T19:09Z,,12791.0,2020-12-11,1T19,,,,,,,,,,,,,
2020-11-12T02:24:00-CME-001,M2M_CATALOG,2020-11-12T02:24Z,,,2020-11-12,2T02,,,,,,,,,,,,,
2020-11-13T12:24:00-CME-001,M2M_CATALOG,2020-11-13T12:24Z,,,2020-11-13,3T12,,,,,,,,,,,,,
2020-11-17T08:36:00-CME-001,M2M_CATALOG,2020-11-17T08:36Z,,,2020-11-17,7T08,,,,,,,,,,,,,
2020-11-17T19:00:00-CME-001,M2M_CATALOG,2020-11-17T19:00Z,,,2020-11-17,7T19,,,,,,,,,,,,,
2020-11-18T21:48:00-CME-001,M2M_CATALOG,2020-11-18T21:48Z,S20E138,,2020-11-18,8T21,,,,,,,,,,,,,
2020-11-19T02:54:00-CME-001,M2M_CATALOG,2020-11-19T02:54Z,,,2020-11-19,9T02,,,,,,,,,,,,,
2020-11-27T05:48:00-CME-001,M2M_CATALOG,2020-11-27T05:48Z,,,2020-11-27,7T05,,,,,,,,,,,,,
2020-11-29T13:24:00-CME-001,M2M_CATALOG,2020-11-29T13:24Z,S23E97,,2020-11-29,9T13,,,,,,,,,,,,,
2020-11-30T07:09:00-CME-001,M2M_CATALOG,2020-11-30T07:09Z,,,2020-11-30,0T07,,,,,,,,,,,,,
2020-12-01T05:48:00-CME-001,M2M_CATALOG,2020-12-01T05:48Z,S25E80,12790.0,2020-12-01,1T05,,,,,,,,,,,,,
2020-12-01T07:12:00-CME-001,M2M_CATALOG,2020-12-01T07:12Z,N35E30,12787.0,2020-12-01,1T07,,,,,,,,,,,,,
2020-12-03T11:12:00-CME-001,M2M_CATALOG,2020-12-03T11:12Z,S30E137,,2020-12-03,3T11,,,,,,,,,,,,,
2020-12-04T02:48:00-CME-001,M2M_CATALOG,2020-12-04T02:48Z,,,2020-12-04,4T02,,,,,,,,,,,,,
2020-12-06T22:00:00-CME-001,M2M_CATALOG,2020-12-06T22:00Z,,,2020-12-06,6T22,,,,,,,,,,,,,
2020-12-07T16:24:00-CME-001,M2M_CATALOG,2020-12-07T16:24Z,S23W11,12790.0,2020-12-07,7T16,,,,,,,,,,,,,
2020-12-07T18:36:00-CME-001,M2M_CATALOG,2020-12-07T18:36Z,S40W30,,2020-12-07,7T18,,,,,,,,,,,,,
2020-12-17T06:48:00-CME-001,M2M_CATALOG,2020-12-17T06:48Z,,,2020-12-17,7T06,,,,,,,,,,,,,
2020-12-27T00:48:00-CME-001,M2M_CATALOG,2020-12-27T00:48Z,,,2020-12-27,7T00,,,,,,,,,,,,,
2020-12-30T02:24:00-CME-001,M2M_CATALOG,2020-12-30T02:24Z,S20E08,12795.0,2020-12-30,0T02,,,,,,,,,,,,,
2020-10-10T04:24:00-CME-001,M2M_CATALOG,2020-10-10T04:24Z,,,2020-10-10,0T04,,,,,,,,,,,,,
2020-10-13T21:12:00-CME-001,M2M_CATALOG,2020-10-13T21:12Z,S23W37,12775.0,2020-10-13,3T21,,,,,,,,,,,,,
2020-10-14T03:24:00-CME-001,M2M_CATALOG,2020-10-14T03:24Z,,,2020-10-14,4T03,7705.0,d7f6bbaf-0934-497e-8af2-30bdd45308a4,Sierra Nevada,Maharaj,Porter,Fuggle,2042 - Danish Lager,Black malt,66 IBU,5.6%,18.8°Blg,Estados Unidos,1979.0
2020-10-15T11:24:00-CME-001,M2M_CATALOG,2020-10-15T11:24Z,,,2020-10-15,5T11,,,,,,,,,,,,,
2020-10-15T16:36:00-CME-001,M2M_CATALOG,2020-10-15T16:36Z,,,2020-10-15,5T16,,,,,,,,,,,,,
2020-10-16T13:36:00-CME-001,M2M_CATALOG,2020-10-16T13:36Z,,12774.0,2020-10-16,6T13,,,,,,,,,,,,,
2020-10-16T16:03:00-CME-001,M2M_CATALOG,2020-10-16T16:03Z,S23W66,12775.0,2020-10-16,6T16,,,,,,,,,,,,,
2020-10-18T09:24:00-CME-001,M2M_CATALOG,2020-10-18T09:24Z,,,2020-10-18,8T09,,,,,,,,,,,,,
2020-10-22T13:09:00-CME-001,M2M_CATALOG,2020-10-22T13:09Z,,,2020-10-22,2T13,,,,,,,,,,,,,
2020-11-02T05:24:00-CME-001,M2M_CATALOG,2020-11-02T05:24Z,,,2020-11-02,2T05,,,,,,,,,,,,,
2020-11-07T13:24:00-CME-001,M2M_CATALOG,2020-11-07T13:24Z,N19W01,12780.0,2020-11-07,7T13,,,,,,,,,,,,,
2020-11-08T20:12:00-CME-001,M2M_CATALOG,2020-11-08T20:12Z,,,2020-11-08,8T20,,,,,,,,,,,,,
2020-11-11T19:36:00-CME-001,M2M_CATALOG,2020-11-11T19:36Z,S22E60,12782.0,2020-11-11,1T19,,,,,,,,,,,,,
2020-11-21T19:36:00-CME-001,M2M_CATALOG,2020-11-21T19:36Z,,,2020-11-21,1T19,,,,,,,,,,,,,
2020-12-11T19:09:00-CME-001,M2M_CATALOG,2020-12-11T19:09Z,,12791.0,2020-12-11,1T19,,,,,,,,,,,,,
2020-11-12T02:24:00-CME-001,M2M_CATALOG,2020-11-12T02:24Z,,,2020-11-12,2T02,,,,,,,,,,,,,
2020-11-13T12:24:00-CME-001,M2M_CATALOG,2020-11-13T12:24Z,,,2020-11-13,3T12,,,,,,,,,,,,,
2020-11-17T08:36:00-CME-001,M2M_CATALOG,2020-11-17T08:36Z,,,2020-11-17,7T08,,,,,,,,,,,,,
2020-11-17T19:00:00-CME-001,M2M_CATALOG,2020-11-17T19:00Z,,,2020-11-17,7T19,,,,,,,,,,,,,
2020-11-18T21:48:00-CME-001,M2M_CATALOG,2020-11-18T21:48Z,S20E138,,2020-11-18,8T21,,,,,,,,,,,,,
2020-11-19T02:54:00-CME-001,M2M_CATALOG,2020-11-19T02:54Z,,,2020-11-19,9T02,,,,,,,,,,,,,
2020-11-27T05:48:00-CME-001,M2M_CATALOG,2020-11-27T05:48Z,,,2020-11-27,7T05,,,,,,,,,,,,,
2020-11-29T13:24:00-CME-001,M2M_CATALOG,2020-11-29T13:24Z,S23E97,,2020-11-29,9T13,,,,,,,,,,,,,
2020-11-30T07:09:00-CME-001,M2M_CATALOG,2020-11-30T07:09Z,,,2020-11-30,0T07,,,,,,,,,,,,,
2020-12-01T05:48:00-CME-001,M2M_CATALOG,2020-12-01T05:48Z,S25E80,12790.0,2020-12-01,1T05,,,,,,,,,,,,,
2020-12-01T07:12:00-CME-001,M2M_CATALOG,2020-12-01T07:12Z,N35E30,12787.0,2020-12-01,1T07,,,,,,,,,,,,,
2020-12-03T11:12:00-CME-001,M2M_CATALOG,2020-12-03T11:12Z,S30E137,,2020-12-03,3T11,,,,,,,,,,,,,
2020-12-04T02:48:00-CME-001,M2M_CATALOG,2020-12-04T02:48Z,,,2020-12-04,4T02,,,,,,,,,,,,,
2020-12-06T22:00:00-CME-001,M2M_CATALOG,2020-12-06T22:00Z,,,2020-12-06,6T22,,,,,,,,,,,,,
2020-12-07T16:24:00-CME-001,M2M_CATALOG,2020-12-07T16:24Z,S23W11,12790.0,2020-12-07,7T16,,,,,,,,,,,,,
2020-12-07T18:36:00-CME-001,M2M_CATALOG,2020-12-07T18:36Z,S40W30,,2020-12-07,7T18,,,,,,,,,,,,,
2020-12-17T06:48:00-CME-001,M2M_CATALOG,2020-12-17T06:48Z,,,2020-12-17,7T06,,,,,,,,,,,,,
2020-12-27T00:48:00-CME-001,M2M_CATALOG,2020-12-27T00:48Z,,,2020-12-27,7T00,,,,,,,,,,,,,
2020-12-30T02:24:00-CME-001,M2M_CATALOG,2020-12-30T02:24Z,S20E08,12795.0,2020-12-30,0T02,,,,,,,,,,,,,
2020-10-10T04:24:00-CME-001,M2M_CATALOG,2020-10-10T04:24Z,,,2020-10-10,0T04,,,,,,,,,,,,,
2020-10-13T21:12:00-CME-001,M2M_CATALOG,2020-10-13T21:12Z,S23W37,12775.0,2020-10-13,3T21,,,,,,,,,,,,,
2020-10-14T03:24:00-CME-001,M2M_CATALOG,2020-10-14T03:24Z,,,2020-10-14,4T03,,,,,,,,,,,,,
2020-10-15T11:24:00-CME-001,M2M_CATALOG,2020-10-15T11:24Z,,,2020-10-15,5T11,,,,,,,,,,,,,
2020-10-15T16:36:00-CME-001,M2M_CATALOG,2020-10-15T16:36Z,,,2020-10-15,5T16,,,,,,,,,,,,,
2020-10-16T13:36:00-CME-001,M2M_CATALOG,2020-10-16T13:36Z,,12774.0,2020-10-16,6T13,,,,,,,,,,,,,
2020-10-16T16:03:00-CME-001,M2M_CATALOG,2020-10-16T16:03Z,S23W66,12775.0,2020-10-16,6T16,,,,,,,,,,,,,
2020-10-18T09:24:00-CME-001,M2M_CATALOG,2020-10-18T09:24Z,,,2020-10-18,8T09,,,,,,,,,,,,,
2020-10-22T13:09:00-CME-001,M2M_CATALOG,2020-10-22T13:09Z,,,2020-10-22,2T13,,,,,,,,,,,,,
2020-11-02T05:24:00-CME-001,M2M_CATALOG,2020-11-02T05:24Z,,,2020-11-02,2T05,,,,,,,,,,,,,
2020-11-07T13:24:00-CME-001,M2M_CATALOG,2020-11-07T13:24Z,N19W01,12780.0,2020-11-07,7T13,,,,,,,,,,,,,
2020-11-08T20:12:00-CME-001,M2M_CATALOG,2020-11-08T20:12Z,,,2020-11-08,8T20,,,,,,,,,,,,,
2020-11-11T19:36:00-CME-001,M2M_CATALOG,2020-11-11T19:36Z,S22E60,12782.0,2020-11-11,1T19,,,,,,,,,,,,,
2020-11-21T19:36:00-CME-001,M2M_CATALOG,2020-11-21T19:36Z,,,2020-11-21,1T19,,,,,,,,,,,,,
2020-12-11T19:09:00-CME-001,M2M_CATALOG,2020-12-11T19:09Z,,12791.0,2020-12-11,1T19,,,,,,,,,,,,,
2020-11-12T02:24:00-CME-001,M2M_CATALOG,2020-11-12T02:24Z,,,2020-11-12,2T02,,,,,,,,,,,,,
2020-11-13T12:24:00-CME-001,M2M_CATALOG,2020-11-13T12:24Z,,,2020-11-13,3T12,,,,,,,,,,,,,
2020-11-17T08:36:00-CME-001,M2M_CATALOG,2020-11-17T08:36Z,,,2020-11-17,7T08,,,,,,,,,,,,,
2020-11-17T19:00:00-CME-001,M2M_CATALOG,2020-11-17T19:00Z,,,2020-11-17,7T19,,,,,,,,,,,,,
2020-11-18T21:48:00-CME-001,M2M_CATALOG,2020-11-18T21:48Z,S20E138,,2020-11-18,8T21,,,,,,,,,,,,,
2020-11-19T02:54:00-CME-001,M2M_CATALOG,2020-11-19T02:54Z,,,2020-11-19,9T02,,,,,,,,,,,,,
2020-11-27T05:48:00-CME-001,M2M_CATALOG,2020-11-27T05:48Z,,,2020-11-27,7T05,,,,,,,,,,,,,
2020-11-29T13:24:00-CME-001,M2M_CATALOG,2020-11-29T13:24Z,S23E97,,2020-11-29,9T13,,,,,,,,,,,,,
2020-11-30T07:09:00-CME-001,M2M_CATALOG,2020-11-30T07:09Z,,,2020-11-30,0T07,,,,,,,,,,,,,
2020-12-01T05:48:00-CME-001,M2M_CATALOG,2020-12-01T05:48Z,S25E80,12790.0,2020-12-01,1T05,,,,,,,,,,,,,
2020-12-01T07:12:00-CME-001,M2M_CATALOG,2020-12-01T07:12Z,N35E30,12787.0,2020-12-01,1T07,,,,,,,,,,,,,
2020-12-03T11:12:00-CME-001,M2M_CATALOG,2020-12-03T11:12Z,S30E137,,2020-12-03,3T11,,,,,,,,,,,,,
2020-12-04T02:48:00-CME-001,M2M_CATALOG,2020-12-04T02:48Z,,,2020-12-04,4T02,,,,,,,,,,,,,
2020-12-06T22:00:00-CME-001,M2M_CATALOG,2020-12-06T22:00Z,,,2020-12-06,6T22,,,,,,,,,,,,,
2020-12-07T16:24:00-CME-001,M2M_CATALOG,2020-12-07T16:24Z,S23W11,12790.0,2020-12-07,7T16,,,,,,,,,,,,,
2020-12-07T18:36:00-CME-001,M2M_CATALOG,2020-12-07T18:36Z,S40W30,,2020-12-07,7T18,,,,,,,,,,,,,
2020-12-17T06:48:00-CME-001,M2M_CATALOG,2020-12-17T06:48Z,,,2020-12-17,7T06,,,,,,,,,,,,,
2020-12-27T00:48:00-CME-001,M2M_CATALOG,2020-12-27T00:48Z,,,2020-12-27,7T00,,,,,,,,,,,,,
2020-12-30T02:24:00-CME-001,M2M_CATALOG,2020-12-30T02:24Z,S20E08,12795.0,2020-12-30,0T02,,,,,,,,,,,,,
2020-10-23T04:39:00-CME-001,M2M_CATALOG,2020-10-23T04:39Z,,,2020-10-23,3T04,,,,,,,,,,,,,
2020-10-23T22:35:00-CME-001,M2M_CATALOG,2020-10-23T22:35Z,,,2020-10-23,3T22,,,,,,,,,,,,,
2020-10-10T04:24:00-CME-001,M2M_CATALOG,2020-10-10T04:24Z,,,2020-10-10,0T04,,,,,,,,,,,,,
2020-10-13T21:12:00-CME-001,M2M_CATALOG,2020-10-13T21:12Z,S23W37,12775.0,2020-10-13,3T21,,,,,,,,,,,,,
2020-10-14T03:24:00-CME-001,M2M_CATALOG,2020-10-14T03:24Z,,,2020-10-14,4T03,,,,,,,,,,,,,
2020-10-15T11:24:00-CME-001,M2M_CATALOG,2020-10-15T11:24Z,,,2020-10-15,5T11,,,,,,,,,,,,,
2020-10-15T16:36:00-CME-001,M2M_CATALOG,2020-10-15T16:36Z,,,2020-10-15,5T16,,,,,,,,,,,,,
2020-10-16T13:36:00-CME-001,M2M_CATALOG,2020-10-16T13:36Z,,12774.0,2020-10-16,6T13,,,,,,,,,,,,,
2020-10-16T16:03:00-CME-001,M2M_CATALOG,2020-10-16T16:03Z,S23W66,12775.0,2020-10-16,6T16,,,,,,,,,,,,,
2020-10-18T09:24:00-CME-001,M2M_CATALOG,2020-10-18T09:24Z,,,2020-10-18,8T09,,,,,,,,,,,,,
2020-10-22T13:09:00-CME-001,M2M_CATALOG,2020-10-22T13:09Z,,,2020-10-22,2T13,,,,,,,,,,,,,
2020-10-23T04:39:00-CME-001,M2M_CATALOG,2020-10-23T04:39Z,,,2020-10-23,3T04,,,,,,,,,,,,,
2020-10-23T22:35:00-CME-001,M2M_CATALOG,2020-10-23T22:35Z,,,2020-10-23,3T22,,,,,,,,,,,,,
2020-10-26T09:12:00-CME-001,M2M_CATALOG,2020-10-26T09:12Z,,,2020-10-26,6T09,,,,,,,,,,,,,
2020-10-26T18:09:00-CME-001,M2M_CATALOG,2020-10-26T18:09Z,,,2020-10-26,6T18,,,,,,,,,,,,,
2020-10-27T03:39:00-CME-001,M2M_CATALOG,2020-10-27T03:39Z,,,2020-10-27,7T03,,,,,,,,,,,,,
2020-10-28T13:42:00-CME-001,M2M_CATALOG,2020-10-28T13:42Z,,,2020-10-28,8T13,,,,,,,,,,,,,
2020-11-18T13:24:00-CME-001,M2M_CATALOG,2020-11-18T13:24Z,,,2020-11-18,8T13,,,,,,,,,,,,,
2020-11-18T13:36:00-CME-001,M2M_CATALOG,2020-11-18T13:36Z,,,2020-11-18,8T13,,,,,,,,,,,,,
2020-10-29T01:54:00-CME-001,M2M_CATALOG,2020-10-29T01:54Z,S19W28,12779.0,2020-10-29,9T01,,,,,,,,,,,,,
2020-10-31T00:12:00-CME-001,M2M_CATALOG,2020-10-31T00:12Z,,,2020-10-31,1T00,,,,,,,,,,,,,
2020-12-11T00:36:00-CME-001,M2M_CATALOG,2020-12-11T00:36Z,,,2020-12-11,1T00,,,,,,,,,,,,,
2020-11-01T20:00:00-CME-001,M2M_CATALOG,2020-11-01T20:00Z,,,2020-11-01,1T20,,,,,,,,,,,,,
2020-11-02T05:24:00-CME-001,M2M_CATALOG,2020-11-02T05:24Z,,,2020-11-02,2T05,,,,,,,,,,,,,
2020-11-07T13:24:00-CME-001,M2M_CATALOG,2020-11-07T13:24Z,N19W01,12780.0,2020-11-07,7T13,,,,,,,,,,,,,
2020-11-08T20:12:00-CME-001,M2M_CATALOG,2020-11-08T20:12Z,,,2020-11-08,8T20,,,,,,,,,,,,,
2020-11-11T19:36:00-CME-001,M2M_CATALOG,2020-11-11T19:36Z,S22E60,12782.0,2020-11-11,1T19,,,,,,,,,,,,,
2020-11-21T19:36:00-CME-001,M2M_CATALOG,2020-11-21T19:36Z,,,2020-11-21,1T19,,,,,,,,,,,,,
2020-12-11T19:09:00-CME-001,M2M_CATALOG,2020-12-11T19:09Z,,12791.0,2020-12-11,1T19,,,,,,,,,,,,,
2020-11-12T02:24:00-CME-001,M2M_CATALOG,2020-11-12T02:24Z,,,2020-11-12,2T02,,,,,,,,,,,,,
2020-11-13T12:24:00-CME-001,M2M_CATALOG,2020-11-13T12:24Z,,,2020-11-13,3T12,,,,,,,,,,,,,
2020-11-17T08:36:00-CME-001,M2M_CATALOG,2020-11-17T08:36Z,,,2020-11-17,7T08,,,,,,,,,,,,,
2020-11-17T19:00:00-CME-001,M2M_CATALOG,2020-11-17T19:00Z,,,2020-11-17,7T19,,,,,,,,,,,,,
2020-10-28T13:42:00-CME-001,M2M_CATALOG,2020-10-28T13:42Z,,,2020-10-28,8T13,,,,,,,,,,,,,
2020-11-18T13:24:00-CME-001,M2M_CATALOG,2020-11-18T13:24Z,,,2020-11-18,8T13,,,,,,,,,,,,,
2020-11-18T13:36:00-CME-001,M2M_CATALOG,2020-11-18T13:36Z,,,2020-11-18,8T13,,,,,,,,,,,,,
2020-10-28T13:42:00-CME-001,M2M_CATALOG,2020-10-28T13:42Z,,,2020-10-28,8T13,,,,,,,,,,,,,
2020-11-18T13:24:00-CME-001,M2M_CATALOG,2020-11-18T13:24Z,,,2020-11-18,8T13,,,,,,,,,,,,,
2020-11-18T13:36:00-CME-001,M2M_CATALOG,2020-11-18T13:36Z,,,2020-11-18,8T13,,,,,,,,,,,,,
2020-11-18T21:48:00-CME-001,M2M_CATALOG,2020-11-18T21:48Z,S20E138,,2020-11-18,8T21,,,,,,,,,,,,,
2020-11-19T02:54:00-CME-001,M2M_CATALOG,2020-11-19T02:54Z,,,2020-11-19,9T02,,,,,,,,,,,,,
2020-11-19T03:12:00-CME-001,M2M_CATALOG,2020-11-19T03:12Z,N30E40,,2020-11-19,9T03,,,,,,,,,,,,,
2020-11-19T06:48:00-CME-001,M2M_CATALOG,2020-11-19T06:48Z,S23E49,,2020-11-19,9T06,,,,,,,,,,,,,
2020-11-19T15:12:00-CME-001,M2M_CATALOG,2020-11-19T15:12Z,,,2020-11-19,9T15,,,,,,,,,,,,,
2020-11-29T15:05:00-CME-001,M2M_CATALOG,2020-11-29T15:05Z,,12783.0,2020-11-29,9T15,,,,,,,,,,,,,
2020-11-20T19:51:00-CME-001,M2M_CATALOG,2020-11-20T19:51Z,,12783.0,2020-11-20,0T19,,,,,,,,,,,,,
2020-11-20T21:12:00-CME-001,M2M_CATALOG,2020-11-20T21:12Z,,,2020-11-20,0T21,,,,,,,,,,,,,
2020-11-11T19:36:00-CME-001,M2M_CATALOG,2020-11-11T19:36Z,S22E60,12782.0,2020-11-11,1T19,,,,,,,,,,,,,
2020-11-21T19:36:00-CME-001,M2M_CATALOG,2020-11-21T19:36Z,,,2020-11-21,1T19,,,,,,,,,,,,,
2020-12-11T19:09:00-CME-001,M2M_CATALOG,2020-12-11T19:09Z,,12791.0,2020-12-11,1T19,,,,,,,,,,,,,
2020-11-21T23:12:00-CME-001,M2M_CATALOG,2020-11-21T23:12Z,,,2020-11-21,1T23,,,,,,,,,,,,,
2020-11-22T01:36:00-CME-001,M2M_CATALOG,2020-11-22T01:36Z,,,2020-11-22,2T01,,,,,,,,,,,,,
2020-11-23T18:48:00-CME-001,M2M_CATALOG,2020-11-23T18:48Z,,,2020-11-23,3T18,,,,,,,,,,,,,
2020-11-24T04:36:00-CME-001,M2M_CATALOG,2020-11-24T04:36Z,S20E65,12785.0,2020-11-24,4T04,,,,,,,,,,,,,
2020-11-24T11:24:00-CME-001,M2M_CATALOG,2020-11-24T11:24Z,,,2020-11-24,4T11,,,,,,,,,,,,,
2020-12-04T11:09:00-CME-001,M2M_CATALOG,2020-12-04T11:09Z,,,2020-12-04,4T11,,,,,,,,,,,,,
2020-11-24T13:24:00-CME-001,M2M_CATALOG,2020-11-24T13:24Z,,,2020-11-24,4T13,,,,,,,,,,,,,
2020-11-26T08:24:00-CME-001,M2M_CATALOG,2020-11-26T08:24Z,,,2020-11-26,6T08,,,,,,,,,,,,,
2020-11-26T21:24:00-CME-001,M2M_CATALOG,2020-11-26T21:24Z,N32E90,12787.0,2020-11-26,6T21,,,,,,,,,,,,,
2020-11-27T05:48:00-CME-001,M2M_CATALOG,2020-11-27T05:48Z,,,2020-11-27,7T05,,,,,,,,,,,,,
2020-11-29T13:24:00-CME-001,M2M_CATALOG,2020-11-29T13:24Z,S23E97,,2020-11-29,9T13,,,,,,,,,,,,,
2020-11-19T15:12:00-CME-001,M2M_CATALOG,2020-11-19T15:12Z,,,2020-11-19,9T15,,,,,,,,,,,,,
2020-11-29T15:05:00-CME-001,M2M_CATALOG,2020-11-29T15:05Z,,12783.0,2020-11-29,9T15,,,,,,,,,,,,,
2020-11-30T07:09:00-CME-001,M2M_CATALOG,2020-11-30T07:09Z,,,2020-11-30,0T07,,,,,,,,,,,,,
2020-12-01T05:48:00-CME-001,M2M_CATALOG,2020-12-01T05:48Z,S25E80,12790.0,2020-12-01,1T05,,,,,,,,,,,,,
2020-12-01T07:12:00-CME-001,M2M_CATALOG,2020-12-01T07:12Z,N35E30,12787.0,2020-12-01,1T07,,,,,,,,,,,,,
2020-12-03T11:12:00-CME-001,M2M_CATALOG,2020-12-03T11:12Z,S30E137,,2020-12-03,3T11,,,,,,,,,,,,,
2020-12-04T02:48:00-CME-001,M2M_CATALOG,2020-12-04T02:48Z,,,2020-12-04,4T02,,,,,,,,,,,,,
2020-11-24T11:24:00-CME-001,M2M_CATALOG,2020-11-24T11:24Z,,,2020-11-24,4T11,,,,,,,,,,,,,
2020-12-04T11:09:00-CME-001,M2M_CATALOG,2020-12-04T11:09Z,,,2020-12-04,4T11,,,,,,,,,,,,,
2020-12-06T22:00:00-CME-001,M2M_CATALOG,2020-12-06T22:00Z,,,2020-12-06,6T22,,,,,,,,,,,,,
2020-12-07T16:24:00-CME-001,M2M_CATALOG,2020-12-07T16:24Z,S23W11,12790.0,2020-12-07,7T16,,,,,,,,,,,,,
2020-12-07T18:36:00-CME-001,M2M_CATALOG,2020-12-07T18:36Z,S40W30,,2020-12-07,7T18,,,,,,,,,,,,,
2020-10-31T00:12:00-CME-001,M2M_CATALOG,2020-10-31T00:12Z,,,2020-10-31,1T00,,,,,,,,,,,,,
2020-12-11T00:36:00-CME-001,M2M_CATALOG,2020-12-11T00:36Z,,,2020-12-11,1T00,,,,,,,,,,,,,
2020-11-11T19:36:00-CME-001,M2M_CATALOG,2020-11-11T19:36Z,S22E60,12782.0,2020-11-11,1T19,,,,,,,,,,,,,
2020-11-21T19:36:00-CME-001,M2M_CATALOG,2020-11-21T19:36Z,,,2020-11-21,1T19,,,,,,,,,,,,,
2020-12-11T19:09:00-CME-001,M2M_CATALOG,2020-12-11T19:09Z,,12791.0,2020-12-11,1T19,,,,,,,,,,,,,
2020-12-12T04:12:00-CME-001,M2M_CATALOG,2020-12-12T04:12Z,,,2020-12-12,2T04,,,,,,,,,,,,,
2020-12-13T09:24:00-CME-001,M2M_CATALOG,2020-12-13T09:24Z,,,2020-12-13,3T09,,,,,,,,,,,,,
2020-12-14T15:12:00-CME-001,M2M_CATALOG,2020-12-14T15:12Z,S22E44,12792.0,2020-12-14,4T15,,,,,,,,,,,,,
2020-12-14T21:12:00-CME-001,M2M_CATALOG,2020-12-14T21:12Z,N40E110,,2020-12-14,4T21,,,,,,,,,,,,,
2020-12-17T06:48:00-CME-001,M2M_CATALOG,2020-12-17T06:48Z,,,2020-12-17,7T06,,,,,,,,,,,,,
2020-12-27T00:48:00-CME-001,M2M_CATALOG,2020-12-27T00:48Z,,,2020-12-27,7T00,,,,,,,,,,,,,
2020-12-30T02:24:00-CME-001,M2M_CATALOG,2020-12-30T02:24Z,S20E08,12795.0,2020-12-30,0T02,,,,,,,,,,,,,
2020-10-10T04:24:00-CME-001,M2M_CATALOG,2020-10-10T04:24Z,,,2020-10-10,0T04,,,,,,,,,,,,,
2020-10-13T21:12:00-CME-001,M2M_CATALOG,2020-10-13T21:12Z,S23W37,12775.0,2020-10-13,3T21,,,,,,,,,,,,,
2020-10-14T03:24:00-CME-001,M2M_CATALOG,2020-10-14T03:24Z,,,2020-10-14,4T03,,,,,,,,,,,,,
2020-10-15T11:24:00-CME-001,M2M_CATALOG,2020-10-15T11:24Z,,,2020-10-15,5T11,,,,,,,,,,,,,
2020-10-15T16:36:00-CME-001,M2M_CATALOG,2020-10-15T16:36Z,,,2020-10-15,5T16,,,,,,,,,,,,,
2020-10-16T13:36:00-CME-001,M2M_CATALOG,2020-10-16T13:36Z,,12774.0,2020-10-16,6T13,,,,,,,,,,,,,
2020-10-16T16:03:00-CME-001,M2M_CATALOG,2020-10-16T16:03Z,S23W66,12775.0,2020-10-16,6T16,,,,,,,,,,,,,
2020-10-18T09:24:00-CME-001,M2M_CATALOG,2020-10-18T09:24Z,,,2020-10-18,8T09,,,,,,,,,,,,,
2020-10-22T13:09:00-CME-001,M2M_CATALOG,2020-10-22T13:09Z,,,2020-10-22,2T13,,,,,,,,,,,,,
2020-10-23T04:39:00-CME-001,M2M_CATALOG,2020-10-23T04:39Z,,,2020-10-23,3T04,,,,,,,,,,,,,
2020-10-23T22:35:00-CME-001,M2M_CATALOG,2020-10-23T22:35Z,,,2020-10-23,3T22,,,,,,,,,,,,,
2020-10-26T09:12:00-CME-001,M2M_CATALOG,2020-10-26T09:12Z,,,2020-10-26,6T09,,,,,,,,,,,,,
2020-10-26T18:09:00-CME-001,M2M_CATALOG,2020-10-26T18:09Z,,,2020-10-26,6T18,,,,,,,,,,,,,
2020-10-27T03:39:00-CME-001,M2M_CATALOG,2020-10-27T03:39Z,,,2020-10-27,7T03,,,,,,,,,,,,,
2020-10-28T13:42:00-CME-001,M2M_CATALOG,2020-10-28T13:42Z,,,2020-10-28,8T13,,,,,,,,,,,,,
2020-11-18T13:24:00-CME-001,M2M_CATALOG,2020-11-18T13:24Z,,,2020-11-18,8T13,,,,,,,,,,,,,
2020-11-18T13:36:00-CME-001,M2M_CATALOG,2020-11-18T13:36Z,,,2020-11-18,8T13,,,,,,,,,,,,,
2020-10-29T01:54:00-CME-001,M2M_CATALOG,2020-10-29T01:54Z,S19W28,12779.0,2020-10-29,9T01,,,,,,,,,,,,,
2020-10-31T00:12:00-CME-001,M2M_CATALOG,2020-10-31T00:12Z,,,2020-10-31,1T00,,,,,,,,,,,,,
2020-12-11T00:36:00-CME-001,M2M_CATALOG,2020-12-11T00:36Z,,,2020-12-11,1T00,,,,,,,,,,,,,
2020-11-01T20:00:00-CME-001,M2M_CATALOG,2020-11-01T20:00Z,,,2020-11-01,1T20,,,,,,,,,,,,,
2020-11-02T05:24:00-CME-001,M2M_CATALOG,2020-11-02T05:24Z,,,2020-11-02,2T05,,,,,,,,,,,,,
2020-11-07T13:24:00-CME-001,M2M_CATALOG,2020-11-07T13:24Z,N19W01,12780.0,2020-11-07,7T13,,,,,,,,,,,,,
2020-11-08T20:12:00-CME-001,M2M_CATALOG,2020-11-08T20:12Z,,,2020-11-08,8T20,,,,,,,,,,,,,
2020-11-11T19:36:00-CME-001,M2M_CATALOG,2020-11-11T19:36Z,S22E60,12782.0,2020-11-11,1T19,,,,,,,,,,,,,
2020-11-21T19:36:00-CME-001,M2M_CATALOG,2020-11-21T19:36Z,,,2020-11-21,1T19,,,,,,,,,,,,,
2020-12-11T19:09:00-CME-001,M2M_CATALOG,2020-12-11T19:09Z,,12791.0,2020-12-11,1T19,,,,,,,,,,,,,
2020-11-12T02:24:00-CME-001,M2M_CATALOG,2020-11-12T02:24Z,,,2020-11-12,2T02,,,,,,,,,,,,,
2020-11-13T12:24:00-CME-001,M2M_CATALOG,2020-11-13T12:24Z,,,2020-11-13,3T12,,,,,,,,,,,,,
2020-11-17T08:36:00-CME-001,M2M_CATALOG,2020-11-17T08:36Z,,,2020-11-17,7T08,,,,,,,,,,,,,
2020-11-17T19:00:00-CME-001,M2M_CATALOG,2020-11-17T19:00Z,,,2020-11-17,7T19,,,,,,,,,,,,,
2020-10-28T13:42:00-CME-001,M2M_CATALOG,2020-10-28T13:42Z,,,2020-10-28,8T13,,,,,,,,,,,,,
2020-11-18T13:24:00-CME-001,M2M_CATALOG,2020-11-18T13:24Z,,,2020-11-18,8T13,,,,,,,,,,,,,
2020-11-18T13:36:00-CME-001,M2M_CATALOG,2020-11-18T13:36Z,,,2020-11-18,8T13,,,,,,,,,,,,,
2020-10-28T13:42:00-CME-001,M2M_CATALOG,2020-10-28T13:42Z,,,2020-10-28,8T13,,,,,,,,,,,,,
2020-11-18T13:24:00-CME-001,M2M_CATALOG,2020-11-18T13:24Z,,,2020-11-18,8T13,,,,,,,,,,,,,
2020-11-18T13:36:00-CME-001,M2M_CATALOG,2020-11-18T13:36Z,,,2020-11-18,8T13,,,,,,,,,,,,,
2020-11-18T21:48:00-CME-001,M2M_CATALOG,2020-11-18T21:48Z,S20E138,,2020-11-18,8T21,,,,,,,,,,,,,
2020-11-19T02:54:00-CME-001,M2M_CATALOG,2020-11-19T02:54Z,,,2020-11-19,9T02,,,,,,,,,,,,,
2020-11-19T03:12:00-CME-001,M2M_CATALOG,2020-11-19T03:12Z,N30E40,,2020-11-19,9T03,,,,,,,,,,,,,
2020-11-19T06:48:00-CME-001,M2M_CATALOG,2020-11-19T06:48Z,S23E49,,2020-11-19,9T06,,,,,,,,,,,,,
2020-11-19T15:12:00-CME-001,M2M_CATALOG,2020-11-19T15:12Z,,,2020-11-19,9T15,,,,,,,,,,,,,
2020-11-29T15:05:00-CME-001,M2M_CATALOG,2020-11-29T15:05Z,,12783.0,2020-11-29,9T15,,,,,,,,,,,,,
2020-11-20T19:51:00-CME-001,M2M_CATALOG,2020-11-20T19:51Z,,12783.0,2020-11-20,0T19,,,,,,,,,,,,,
2020-10-10T04:24:00-CME-001,M2M_CATALOG,2020-10-10T04:24Z,,,2020-10-10,0T04,,,,,,,,,,,,,
2020-10-13T21:12:00-CME-001,M2M_CATALOG,2020-10-13T21:12Z,S23W37,12775.0,2020-10-13,3T21,,,,,,,,,,,,,
2020-10-14T03:24:00-CME-001,M2M_CATALOG,2020-10-14T03:24Z,,,2020-10-14,4T03,,,,,,,,,,,,,
2020-10-15T11:24:00-CME-001,M2M_CATALOG,2020-10-15T11:24Z,,,2020-10-15,5T11,,,,,,,,,,,,,
2020-10-15T16:36:00-CME-001,M2M_CATALOG,2020-10-15T16:36Z,,,2020-10-15,5T16,,,,,,,,,,,,,
2020-10-16T13:36:00-CME-001,M2M_CATALOG,2020-10-16T13:36Z,,12774.0,2020-10-16,6T13,,,,,,,,,,,,,
2020-10-16T16:03:00-CME-001,M2M_CATALOG,2020-10-16T16:03Z,S23W66,12775.0,2020-10-16,6T16,,,,,,,,,,,,,
2020-10-18T09:24:00-CME-001,M2M_CATALOG,2020-10-18T09:24Z,,,2020-10-18,8T09,,,,,,,,,,,,,
2020-10-22T13:09:00-CME-001,M2M_CATALOG,2020-10-22T13:09Z,,,2020-10-22,2T13,,,,,,,,,,,,,
2020-10-23T04:39:00-CME-001,M2M_CATALOG,2020-10-23T04:39Z,,,2020-10-23,3T04,,,,,,,,,,,,,
2020-10-23T22:35:00-CME-001,M2M_CATALOG,2020-10-23T22:35Z,,,2020-10-23,3T22,,,,,,,,,,,,,
2020-10-26T09:12:00-CME-001,M2M_CATALOG,2020-10-26T09:12Z,,,2020-10-26,6T09,,,,,,,,,,,,,
2020-10-26T18:09:00-CME-001,M2M_CATALOG,2020-10-26T18:09Z,,,2020-10-26,6T18,,,,,,,,,,,,,
2020-10-27T03:39:00-CME-001,M2M_CATALOG,2020-10-27T03:39Z,,,2020-10-27,7T03,,,,,,,,,,,,,
2020-10-28T13:42:00-CME-001,M2M_CATALOG,2020-10-28T13:42Z,,,2020-10-28,8T13,,,,,,,,,,,,,
2020-11-18T13:24:00-CME-001,M2M_CATALOG,2020-11-18T13:24Z,,,2020-11-18,8T13,,,,,,,,,,,,,
2020-11-18T13:36:00-CME-001,M2M_CATALOG,2020-11-18T13:36Z,,,2020-11-18,8T13,,,,,,,,,,,,,
2020-10-29T01:54:00-CME-001,M2M_CATALOG,2020-10-29T01:54Z,S19W28,12779.0,2020-10-29,9T01,,,,,,,,,,,,,
2020-10-31T00:12:00-CME-001,M2M_CATALOG,2020-10-31T00:12Z,,,2020-10-31,1T00,,,,,,,,,,,,,
2020-12-11T00:36:00-CME-001,M2M_CATALOG,2020-12-11T00:36Z,,,2020-12-11,1T00,,,,,,,,,,,,,
2020-11-01T20:00:00-CME-001,M2M_CATALOG,2020-11-01T20:00Z,,,2020-11-01,1T20,,,,,,,,,,,,,
2020-11-02T05:24:00-CME-001,M2M_CATALOG,2020-11-02T05:24Z,,,2020-11-02,2T05,,,,,,,,,,,,,
2020-11-07T13:24:00-CME-001,M2M_CATALOG,2020-11-07T13:24Z,N19W01,12780.0,2020-11-07,7T13,,,,,,,,,,,,,
2020-11-08T20:12:00-CME-001,M2M_CATALOG,2020-11-08T20:12Z,,,2020-11-08,8T20,,,,,,,,,,,,,
2020-11-11T19:36:00-CME-001,M2M_CATALOG,2020-11-11T19:36Z,S22E60,12782.0,2020-11-11,1T19,,,,,,,,,,,,,
2020-11-21T19:36:00-CME-001,M2M_CATALOG,2020-11-21T19:36Z,,,2020-11-21,1T19,,,,,,,,,,,,,
2020-12-11T19:09:00-CME-001,M2M_CATALOG,2020-12-11T19:09Z,,12791.0,2020-12-11,1T19,,,,,,,,,,,,,
2020-11-12T02:24:00-CME-001,M2M_CATALOG,2020-11-12T02:24Z,,,2020-11-12,2T02,,,,,,,,,,,,,
2020-11-13T12:24:00-CME-001,M2M_CATALOG,2020-11-13T12:24Z,,,2020-11-13,3T12,,,,,,,,,,,,,
2020-11-17T08:36:00-CME-001,M2M_CATALOG,2020-11-17T08:36Z,,,2020-11-17,7T08,,,,,,,,,,,,,
2020-11-17T19:00:00-CME-001,M2M_CATALOG,2020-11-17T19:00Z,,,2020-11-17,7T19,,,,,,,,,,,,,
2020-10-28T13:42:00-CME-001,M2M_CATALOG,2020-10-28T13:42Z,,,2020-10-28,8T13,,,,,,,,,,,,,
2020-11-18T13:24:00-CME-001,M2M_CATALOG,2020-11-18T13:24Z,,,2020-11-18,8T13,,,,,,,,,,,,,
2020-11-18T13:36:00-CME-001,M2M_CATALOG,2020-11-18T13:36Z,,,2020-11-18,8T13,,,,,,,,,,,,,
2020-10-28T13:42:00-CME-001,M2M_CATALOG,2020-10-28T13:42Z,,,2020-10-28,8T13,,,,,,,,,,,,,
2020-11-18T13:24:00-CME-001,M2M_CATALOG,2020-11-18T13:24Z,,,2020-11-18,8T13,,,,,,,,,,,,,
2020-11-18T13:36:00-CME-001,M2M_CATALOG,2020-11-18T13:36Z,,,2020-11-18,8T13,,,,,,,,,,,,,
2020-11-18T21:48:00-CME-001,M2M_CATALOG,2020-11-18T21:48Z,S20E138,,2020-11-18,8T21,,,,,,,,,,,,,
2020-11-19T02:54:00-CME-001,M2M_CATALOG,2020-11-19T02:54Z,,,2020-11-19,9T02,,,,,,,,,,,,,
2020-11-19T03:12:00-CME-001,M2M_CATALOG,2020-11-19T03:12Z,N30E40,,2020-11-19,9T03,,,,,,,,,,,,,
2020-11-19T06:48:00-CME-001,M2M_CATALOG,2020-11-19T06:48Z,S23E49,,2020-11-19,9T06,,,,,,,,,,,,,
2020-11-19T15:12:00-CME-001,M2M_CATALOG,2020-11-19T15:12Z,,,2020-11-19,9T15,,,,,,,,,,,,,
2020-11-29T15:05:00-CME-001,M2M_CATALOG,2020-11-29T15:05Z,,12783.0,2020-11-29,9T15,,,,,,,,,,,,,
2020-11-20T19:51:00-CME-001,M2M_CATALOG,2020-11-20T19:51Z,,12783.0,2020-11-20,0T19,,,,,,,,,,,,,
2020-11-20T21:12:00-CME-001,M2M_CATALOG,2020-11-20T21:12Z,,,2020-11-20,0T21,,,,,,,,,,,,,
2020-11-11T19:36:00-CME-001,M2M_CATALOG,2020-11-11T19:36Z,S22E60,12782.0,2020-11-11,1T19,,,,,,,,,,,,,
2020-11-21T19:36:00-CME-001,M2M_CATALOG,2020-11-21T19:36Z,,,2020-11-21,1T19,,,,,,,,,,,,,
2020-12-11T19:09:00-CME-001,M2M_CATALOG,2020-12-11T19:09Z,,12791.0,2020-12-11,1T19,,,,,,,,,,,,,
2020-11-21T23:12:00-CME-001,M2M_CATALOG,2020-11-21T23:12Z,,,2020-11-21,1T23,,,,,,,,,,,,,
2020-11-22T01:36:00-CME-001,M2M_CATALOG,2020-11-22T01:36Z,,,2020-11-22,2T01,,,,,,,,,,,,,
2020-11-23T18:48:00-CME-001,M2M_CATALOG,2020-11-23T18:48Z,,,2020-11-23,3T18,,,,,,,,,,,,,
2020-11-24T04:36:00-CME-001,M2M_CATALOG,2020-11-24T04:36Z,S20E65,12785.0,2020-11-24,4T04,,,,,,,,,,,,,
2020-11-24T11:24:00-CME-001,M2M_CATALOG,2020-11-24T11:24Z,,,2020-11-24,4T11,,,,,,,,,,,,,
2020-12-04T11:09:00-CME-001,M2M_CATALOG,2020-12-04T11:09Z,,,2020-12-04,4T11,,,,,,,,,,,,,
2020-11-24T13:24:00-CME-001,M2M_CATALOG,2020-11-24T13:24Z,,,2020-11-24,4T13,,,,,,,,,,,,,
2020-11-26T08:24:00-CME-001,M2M_CATALOG,2020-11-26T08:24Z,,,2020-11-26,6T08,,,,,,,,,,,,,
2020-11-26T21:24:00-CME-001,M2M_CATALOG,2020-11-26T21:24Z,N32E90,12787.0,2020-11-26,6T21,,,,,,,,,,,,,
2020-11-27T05:48:00-CME-001,M2M_CATALOG,2020-11-27T05:48Z,,,2020-11-27,7T05,,,,,,,,,,,,,
2020-11-29T13:24:00-CME-001,M2M_CATALOG,2020-11-29T13:24Z,S23E97,,2020-11-29,9T13,,,,,,,,,,,,,
2020-11-19T15:12:00-CME-001,M2M_CATALOG,2020-11-19T15:12Z,,,2020-11-19,9T15,,,,,,,,,,,,,
2020-11-29T15:05:00-CME-001,M2M_CATALOG,2020-11-29T15:05Z,,12783.0,2020-11-29,9T15,,,,,,,,,,,,,
2020-11-30T07:09:00-CME-001,M2M_CATALOG,2020-11-30T07:09Z,,,2020-11-30,0T07,,,,,,,,,,,,,
2020-12-01T05:48:00-CME-001,M2M_CATALOG,2020-12-01T05:48Z,S25E80,12790.0,2020-12-01,1T05,,,,,,,,,,,,,
2020-12-01T07:12:00-CME-001,M2M_CATALOG,2020-12-01T07:12Z,N35E30,12787.0,2020-12-01,1T07,,,,,,,,,,,,,
2020-12-03T11:12:00-CME-001,M2M_CATALOG,2020-12-03T11:12Z,S30E137,,2020-12-03,3T11,7918.0,5d2288a9-52ff-4497-9dfa-a4afc2420301,Hoegaarden,Trappistes Rochefort 10,Scottish And Irish Ale,Warrior,2565 - Kölsch,Pale,16 IBU,2.3%,7.3°Blg,Belgica,1445.0
2020-12-04T02:48:00-CME-001,M2M_CATALOG,2020-12-04T02:48Z,,,2020-12-04,4T02,,,,,,,,,,,,,
2020-11-24T11:24:00-CME-001,M2M_CATALOG,2020-11-24T11:24Z,,,2020-11-24,4T11,,,,,,,,,,,,,
2020-12-04T11:09:00-CME-001,M2M_CATALOG,2020-12-04T11:09Z,,,2020-12-04,4T11,,,,,,,,,,,,,
2020-12-06T22:00:00-CME-001,M2M_CATALOG,2020-12-06T22:00Z,,,2020-12-06,6T22,,,,,,,,,,,,,
2020-12-07T16:24:00-CME-001,M2M_CATALOG,2020-12-07T16:24Z,S23W11,12790.0,2020-12-07,7T16,,,,,,,,,,,,,
2020-12-07T18:36:00-CME-001,M2M_CATALOG,2020-12-07T18:36Z,S40W30,,2020-12-07,7T18,,,,,,,,,,,,,
2020-10-31T00:12:00-CME-001,M2M_CATALOG,2020-10-31T00:12Z,,,2020-10-31,1T00,,,,,,,,,,,,,
2020-12-11T00:36:00-CME-001,M2M_CATALOG,2020-12-11T00:36Z,,,2020-12-11,1T00,,,,,,,,,,,,,
2020-11-11T19:36:00-CME-001,M2M_CATALOG,2020-11-11T19:36Z,S22E60,12782.0,2020-11-11,1T19,,,,,,,,,,,,,
2020-11-21T19:36:00-CME-001,M2M_CATALOG,2020-11-21T19:36Z,,,2020-11-21,1T19,,,,,,,,,,,,,
2020-12-11T19:09:00-CME-001,M2M_CATALOG,2020-12-11T19:09Z,,12791.0,2020-12-11,1T19,,,,,,,,,,,,,
2020-12-12T04:12:00-CME-001,M2M_CATALOG,2020-12-12T04:12Z,,,2020-12-12,2T04,,,,,,,,,,,,,
2020-12-13T09:24:00-CME-001,M2M_CATALOG,2020-12-13T09:24Z,,,2020-12-13,3T09,,,,,,,,,,,,,
2020-12-14T15:12:00-CME-001,M2M_CATALOG,2020-12-14T15:12Z,S22E44,12792.0,2020-12-14,4T15,,,,,,,,,,,,,
2020-12-14T21:12:00-CME-001,M2M_CATALOG,2020-12-14T21:12Z,N40E110,,2020-12-14,4T21,,,,,,,,,,,,,
2020-12-17T06:48:00-CME-001,M2M_CATALOG,2020-12-17T06:48Z,,,2020-12-17,7T06,,,,,,,,,,,,,
2020-12-27T00:48:00-CME-001,M2M_CATALOG,2020-12-27T00:48Z,,,2020-12-27,7T00,,,,,,,,,,,,,
2020-12-30T02:24:00-CME-001,M2M_CATALOG,2020-12-30T02:24Z,S20E08,12795.0,2020-12-30,0T02,,,,,,,,,,,,,
2020-10-10T04:24:00-CME-001,M2M_CATALOG,2020-10-10T04:24Z,,,2020-10-10,0T04,,,,,,,,,,,,,
2020-10-13T21:12:00-CME-001,M2M_CATALOG,2020-10-13T21:12Z,S23W37,12775.0,2020-10-13,3T21,,,,,,,,,,,,,
2020-10-14T03:24:00-CME-001,M2M_CATALOG,2020-10-14T03:24Z,,,2020-10-14,4T03,7935.0,b929326e-5a70-4535-9c2c-ba2db09c95b7,Leffe,St. Bernardus Abt 12,English Pale Ale,Ultra,3724 - Belgian Saison,Carapils,14 IBU,8.0%,15.9°Blg,Belgica,1240.0
2020-10-15T11:24:00-CME-001,M2M_CATALOG,2020-10-15T11:24Z,,,2020-10-15,5T11,,,,,,,,,,,,,
2020-10-15T16:36:00-CME-001,M2M_CATALOG,2020-10-15T16:36Z,,,2020-10-15,5T16,,,,,,,,,,,,,
2020-10-16T13:36:00-CME-001,M2M_CATALOG,2020-10-16T13:36Z,,12774.0,2020-10-16,6T13,,,,,,,,,,,,,
2020-10-16T16:03:00-CME-001,M2M_CATALOG,2020-10-16T16:03Z,S23W66,12775.0,2020-10-16,6T16,,,,,,,,,,,,,
2020-10-18T09:24:00-CME-001,M2M_CATALOG,2020-10-18T09:24Z,,,2020-10-18,8T09,,,,,,,,,,,,,
2020-10-22T13:09:00-CME-001,M2M_CATALOG,2020-10-22T13:09Z,,,2020-10-22,2T13,,,,,,,,,,,,,
2020-10-23T04:39:00-CME-001,M2M_CATALOG,2020-10-23T04:39Z,,,2020-10-23,3T04,,,,,,,,,,,,,
2020-10-23T22:35:00-CME-001,M2M_CATALOG,2020-10-23T22:35Z,,,2020-10-23,3T22,,,,,,,,,,,,,
2020-10-26T09:12:00-CME-001,M2M_CATALOG,2020-10-26T09:12Z,,,2020-10-26,6T09,,,,,,,,,,,,,
2020-10-26T18:09:00-CME-001,M2M_CATALOG,2020-10-26T18:09Z,,,2020-10-26,6T18,,,,,,,,,,,,,
2020-10-27T03:39:00-CME-001,M2M_CATALOG,2020-10-27T03:39Z,,,2020-10-27,7T03,,,,,,,,,,,,,
2020-10-28T13:42:00-CME-001,M2M_CATALOG,2020-10-28T13:42Z,,,2020-10-28,8T13,,,,,,,,,,,,,
2020-11-18T13:24:00-CME-001,M2M_CATALOG,2020-11-18T13:24Z,,,2020-11-18,8T13,,,,,,,,,,,,,
2020-11-18T13:36:00-CME-001,M2M_CATALOG,2020-11-18T13:36Z,,,2020-11-18,8T13,,,,,,,,,,,,,
2020-10-29T01:54:00-CME-001,M2M_CATALOG,2020-10-29T01:54Z,S19W28,12779.0,2020-10-29,9T01,,,,,,,,,,,,,
2020-10-31T00:12:00-CME-001,M2M_CATALOG,2020-10-31T00:12Z,,,2020-10-31,1T00,,,,,,,,,,,,,
2020-12-11T00:36:00-CME-001,M2M_CATALOG,2020-12-11T00:36Z,,,2020-12-11,1T00,,,,,,,,,,,,,
2020-11-01T20:00:00-CME-001,M2M_CATALOG,2020-11-01T20:00Z,,,2020-11-01,1T20,,,,,,,,,,,,,
2020-11-02T05:24:00-CME-001,M2M_CATALOG,2020-11-02T05:24Z,,,2020-11-02,2T05,,,,,,,,,,,,,
2020-11-07T13:24:00-CME-001,M2M_CATALOG,2020-11-07T13:24Z,N19W01,12780.0,2020-11-07,7T13,,,,,,,,,,,,,
2020-11-08T20:12:00-CME-001,M2M_CATALOG,2020-11-08T20:12Z,,,2020-11-08,8T20,,,,,,,,,,,,,
2020-11-11T19:36:00-CME-001,M2M_CATALOG,2020-11-11T19:36Z,S22E60,12782.0,2020-11-11,1T19,,,,,,,,,,,,,
2020-11-21T19:36:00-CME-001,M2M_CATALOG,2020-11-21T19:36Z,,,2020-11-21,1T19,,,,,,,,,,,,,
2020-12-11T19:09:00-CME-001,M2M_CATALOG,2020-12-11T19:09Z,,12791.0,2020-12-11,1T19,,,,,,,,,,,,,
2020-11-12T02:24:00-CME-001,M2M_CATALOG,2020-11-12T02:24Z,,,2020-11-12,2T02,,,,,,,,,,,,,
2020-11-13T12:24:00-CME-001,M2M_CATALOG,2020-11-13T12:24Z,,,2020-11-13,3T12,,,,,,,,,,,,,
2020-11-17T08:36:00-CME-001,M2M_CATALOG,2020-11-17T08:36Z,,,2020-11-17,7T08,,,,,,,,,,,,,
2020-11-17T19:00:00-CME-001,M2M_CATALOG,2020-11-17T19:00Z,,,2020-11-17,7T19,,,,,,,,,,,,,
2020-10-28T13:42:00-CME-001,M2M_CATALOG,2020-10-28T13:42Z,,,2020-10-28,8T13,,,,,,,,,,,,,
2020-11-18T13:24:00-CME-001,M2M_CATALOG,2020-11-18T13:24Z,,,2020-11-18,8T13,,,,,,,,,,,,,
2020-11-18T13:36:00-CME-001,M2M_CATALOG,2020-11-18T13:36Z,,,2020-11-18,8T13,,,,,,,,,,,,,
2020-10-28T13:42:00-CME-001,M2M_CATALOG,2020-10-28T13:42Z,,,2020-10-28,8T13,,,,,,,,,,,,,
2020-11-18T13:24:00-CME-001,M2M_CATALOG,2020-11-18T13:24Z,,,2020-11-18,8T13,,,,,,,,,,,,,
2020-11-18T13:36:00-CME-001,M2M_CATALOG,2020-11-18T13:36Z,,,2020-11-18,8T13,,,,,,,,,,,,,
2020-11-18T21:48:00-CME-001,M2M_CATALOG,2020-11-18T21:48Z,S20E138,,2020-11-18,8T21,,,,,,,,,,,,,
2020-11-19T02:54:00-CME-001,M2M_CATALOG,2020-11-19T02:54Z,,,2020-11-19,9T02,,,,,,,,,,,,,
2020-11-19T03:12:00-CME-001,M2M_CATALOG,2020-11-19T03:12Z,N30E40,,2020-11-19,9T03,,,,,,,,,,,,,
2020-11-19T06:48:00-CME-001,M2M_CATALOG,2020-11-19T06:48Z,S23E49,,2020-11-19,9T06,,,,,,,,,,,,,
2020-11-19T15:12:00-CME-001,M2M_CATALOG,2020-11-19T15:12Z,,,2020-11-19,9T15,,,,,,,,,,,,,
2020-11-29T15:05:00-CME-001,M2M_CATALOG,2020-11-29T15:05Z,,12783.0,2020-11-29,9T15,,,,,,,,,,,,,
2020-10-10T04:24:00-CME-001,M2M_CATALOG,2020-10-10T04:24Z,,,2020-10-10,0T04,,,,,,,,,,,,,
2020-10-13T21:12:00-CME-001,M2M_CATALOG,2020-10-13T21:12Z,S23W37,12775.0,2020-10-13,3T21,,,,,,,,,,,,,
2020-10-14T03:24:00-CME-001,M2M_CATALOG,2020-10-14T03:24Z,,,2020-10-14,4T03,,,,,,,,,,,,,
2020-10-15T11:24:00-CME-001,M2M_CATALOG,2020-10-15T11:24Z,,,2020-10-15,5T11,,,,,,,,,,,,,
2020-10-15T16:36:00-CME-001,M2M_CATALOG,2020-10-15T16:36Z,,,2020-10-15,5T16,,,,,,,,,,,,,
2020-10-16T13:36:00-CME-001,M2M_CATALOG,2020-10-16T13:36Z,,12774.0,2020-10-16,6T13,,,,,,,,,,,,,
2020-10-16T16:03:00-CME-001,M2M_CATALOG,2020-10-16T16:03Z,S23W66,12775.0,2020-10-16,6T16,,,,,,,,,,,,,
2020-10-18T09:24:00-CME-001,M2M_CATALOG,2020-10-18T09:24Z,,,2020-10-18,8T09,,,,,,,,,,,,,
2020-10-22T13:09:00-CME-001,M2M_CATALOG,2020-10-22T13:09Z,,,2020-10-22,2T13,,,,,,,,,,,,,
2020-11-02T05:24:00-CME-001,M2M_CATALOG,2020-11-02T05:24Z,,,2020-11-02,2T05,,,,,,,,,,,,,
2020-11-07T13:24:00-CME-001,M2M_CATALOG,2020-11-07T13:24Z,N19W01,12780.0,2020-11-07,7T13,,,,,,,,,,,,,
2020-11-08T20:12:00-CME-001,M2M_CATALOG,2020-11-08T20:12Z,,,2020-11-08,8T20,,,,,,,,,,,,,
2020-11-11T19:36:00-CME-001,M2M_CATALOG,2020-11-11T19:36Z,S22E60,12782.0,2020-11-11,1T19,,,,,,,,,,,,,
2020-11-21T19:36:00-CME-001,M2M_CATALOG,2020-11-21T19:36Z,,,2020-11-21,1T19,,,,,,,,,,,,,
2020-12-11T19:09:00-CME-001,M2M_CATALOG,2020-12-11T19:09Z,,12791.0,2020-12-11,1T19,,,,,,,,,,,,,
2020-11-12T02:24:00-CME-001,M2M_CATALOG,2020-11-12T02:24Z,,,2020-11-12,2T02,,,,,,,,,,,,,
2020-11-13T12:24:00-CME-001,M2M_CATALOG,2020-11-13T12:24Z,,,2020-11-13,3T12,,,,,,,,,,,,,
2020-11-17T08:36:00-CME-001,M2M_CATALOG,2020-11-17T08:36Z,,,2020-11-17,7T08,,,,,,,,,,,,,
2020-11-17T19:00:00-CME-001,M2M_CATALOG,2020-11-17T19:00Z,,,2020-11-17,7T19,,,,,,,,,,,,,
2020-11-18T21:48:00-CME-001,M2M_CATALOG,2020-11-18T21:48Z,S20E138,,2020-11-18,8T21,,,,,,,,,,,,,
2020-11-19T02:54:00-CME-001,M2M_CATALOG,2020-11-19T02:54Z,,,2020-11-19,9T02,,,,,,,,,,,,,
2020-11-27T05:48:00-CME-001,M2M_CATALOG,2020-11-27T05:48Z,,,2020-11-27,7T05,,,,,,,,,,,,,
2020-11-29T13:24:00-CME-001,M2M_CATALOG,2020-11-29T13:24Z,S23E97,,2020-11-29,9T13,,,,,,,,,,,,,
2020-11-30T07:09:00-CME-001,M2M_CATALOG,2020-11-30T07:09Z,,,2020-11-30,0T07,,,,,,,,,,,,,
2020-12-01T05:48:00-CME-001,M2M_CATALOG,2020-12-01T05:48Z,S25E80,12790.0,2020-12-01,1T05,,,,,,,,,,,,,
2020-12-01T07:12:00-CME-001,M2M_CATALOG,2020-12-01T07:12Z,N35E30,12787.0,2020-12-01,1T07,,,,,,,,,,,,,
2020-12-03T11:12:00-CME-001,M2M_CATALOG,2020-12-03T11:12Z,S30E137,,2020-12-03,3T11,,,,,,,,,,,,,
2020-12-04T02:48:00-CME-001,M2M_CATALOG,2020-12-04T02:48Z,,,2020-12-04,4T02,,,,,,,,,,,,,
2020-12-06T22:00:00-CME-001,M2M_CATALOG,2020-12-06T22:00Z,,,2020-12-06,6T22,,,,,,,,,,,,,
2020-12-07T16:24:00-CME-001,M2M_CATALOG,2020-12-07T16:24Z,S23W11,12790.0,2020-12-07,7T16,,,,,,,,,,,,,
2020-12-07T18:36:00-CME-001,M2M_CATALOG,2020-12-07T18:36Z,S40W30,,2020-12-07,7T18,,,,,,,,,,,,,
2020-12-17T06:48:00-CME-001,M2M_CATALOG,2020-12-17T06:48Z,,,2020-12-17,7T06,,,,,,,,,,,,,
2020-12-27T00:48:00-CME-001,M2M_CATALOG,2020-12-27T00:48Z,,,2020-12-27,7T00,,,,,,,,,,,,,
2020-12-30T02:24:00-CME-001,M2M_CATALOG,2020-12-30T02:24Z,S20E08,12795.0,2020-12-30,0T02,,,,,,,,,,,,,
2020-10-10T04:24:00-CME-001,M2M_CATALOG,2020-10-10T04:24Z,,,2020-10-10,0T04,,,,,,,,,,,,,
2020-10-13T21:12:00-CME-001,M2M_CATALOG,2020-10-13T21:12Z,S23W37,12775.0,2020-10-13,3T21,,,,,,,,,,,,,
2020-10-14T03:24:00-CME-001,M2M_CATALOG,2020-10-14T03:24Z,,,2020-10-14,4T03,,,,,,,,,,,,,
2020-10-15T11:24:00-CME-001,M2M_CATALOG,2020-10-15T11:24Z,,,2020-10-15,5T11,,,,,,,,,,,,,
2020-10-15T16:36:00-CME-001,M2M_CATALOG,2020-10-15T16:36Z,,,2020-10-15,5T16,,,,,,,,,,,,,
2020-10-16T13:36:00-CME-001,M2M_CATALOG,2020-10-16T13:36Z,,12774.0,2020-10-16,6T13,,,,,,,,,,,,,
2020-10-16T16:03:00-CME-001,M2M_CATALOG,2020-10-16T16:03Z,S23W66,12775.0,2020-10-16,6T16,,,,,,,,,,,,,
2020-10-18T09:24:00-CME-001,M2M_CATALOG,2020-10-18T09:24Z,,,2020-10-18,8T09,,,,,,,,,,,,,
2020-10-22T13:09:00-CME-001,M2M_CATALOG,2020-10-22T13:09Z,,,2020-10-22,2T13,,,,,,,,,,,,,
2020-11-02T05:24:00-CME-001,M2M_CATALOG,2020-11-02T05:24Z,,,2020-11-02,2T05,,,,,,,,,,,,,
2020-11-07T13:24:00-CME-001,M2M_CATALOG,2020-11-07T13:24Z,N19W01,12780.0,2020-11-07,7T13,,,,,,,,,,,,,
2020-11-08T20:12:00-CME-001,M2M_CATALOG,2020-11-08T20:12Z,,,2020-11-08,8T20,,,,,,,,,,,,,
2020-11-11T19:36:00-CME-001,M2M_CATALOG,2020-11-11T19:36Z,S22E60,12782.0,2020-11-11,1T19,,,,,,,,,,,,,
2020-11-21T19:36:00-CME-001,M2M_CATALOG,2020-11-21T19:36Z,,,2020-11-21,1T19,,,,,,,,,,,,,
2020-12-11T19:09:00-CME-001,M2M_CATALOG,2020-12-11T19:09Z,,12791.0,2020-12-11,1T19,,,,,,,,,,,,,
2020-11-12T02:24:00-CME-001,M2M_CATALOG,2020-11-12T02:24Z,,,2020-11-12,2T02,,,,,,,,,,,,,
2020-11-13T12:24:00-CME-001,M2M_CATALOG,2020-11-13T12:24Z,,,2020-11-13,3T12,,,,,,,,,,,,,
2020-11-17T08:36:00-CME-001,M2M_CATALOG,2020-11-17T08:36Z,,,2020-11-17,7T08,,,,,,,,,,,,,
2020-11-17T19:00:00-CME-001,M2M_CATALOG,2020-11-17T19:00Z,,,2020-11-17,7T19,,,,,,,,,,,,,
2020-11-18T21:48:00-CME-001,M2M_CATALOG,2020-11-18T21:48Z,S20E138,,2020-11-18,8T21,8015.0,048ff609-f62a-4e9d-a0a0-dc22565822ad,Fosters,90 Minute IPA,Bock,Amarillo,5112 - Brettanomyces bruxellensis,Victory,99 IBU,9.8%,11.4°Blg,Australia,1888.0
2020-11-19T02:54:00-CME-001,M2M_CATALOG,2020-11-19T02:54Z,,,2020-11-19,9T02,,,,,,,,,,,,,
2020-11-27T05:48:00-CME-001,M2M_CATALOG,2020-11-27T05:48Z,,,2020-11-27,7T05,,,,,,,,,,,,,
2020-11-29T13:24:00-CME-001,M2M_CATALOG,2020-11-29T13:24Z,S23E97,,2020-11-29,9T13,,,,,,,,,,,,,
2020-11-30T07:09:00-CME-001,M2M_CATALOG,2020-11-30T07:09Z,,,2020-11-30,0T07,,,,,,,,,,,,,
2020-12-01T05:48:00-CME-001,M2M_CATALOG,2020-12-01T05:48Z,S25E80,12790.0,2020-12-01,1T05,,,,,,,,,,,,,
2020-12-01T07:12:00-CME-001,M2M_CATALOG,2020-12-01T07:12Z,N35E30,12787.0,2020-12-01,1T07,,,,,,,,,,,,,
2020-12-03T11:12:00-CME-001,M2M_CATALOG,2020-12-03T11:12Z,S30E137,,2020-12-03,3T11,,,,,,,,,,,,,
2020-12-04T02:48:00-CME-001,M2M_CATALOG,2020-12-04T02:48Z,,,2020-12-04,4T02,,,,,,,,,,,,,
2020-12-06T22:00:00-CME-001,M2M_CATALOG,2020-12-06T22:00Z,,,2020-12-06,6T22,,,,,,,,,,,,,
2020-12-07T16:24:00-CME-001,M2M_CATALOG,2020-12-07T16:24Z,S23W11,12790.0,2020-12-07,7T16,,,,,,,,,,,,,
2020-12-07T18:36:00-CME-001,M2M_CATALOG,2020-12-07T18:36Z,S40W30,,2020-12-07,7T18,,,,,,,,,,,,,
2020-12-17T06:48:00-CME-001,M2M_CATALOG,2020-12-17T06:48Z,,,2020-12-17,7T06,,,,,,,,,,,,,
2020-12-27T00:48:00-CME-001,M2M_CATALOG,2020-12-27T00:48Z,,,2020-12-27,7T00,8028.0,2eb7b766-dcdd-4603-a24e-032236cca1ab,Dos Equis,Stone Imperial Russian Stout,Belgian And French Ale,Sterling,3944 - Belgian Witbier,Pale,97 IBU,9.0%,12.6°Blg,Mexico,1897.0
2020-12-30T02:24:00-CME-001,M2M_CATALOG,2020-12-30T02:24Z,S20E08,12795.0,2020-12-30,0T02,,,,,,,,,,,,,
2020-10-10T04:24:00-CME-001,M2M_CATALOG,2020-10-10T04:24Z,,,2020-10-10,0T04,,,,,,,,,,,,,
2020-10-13T21:12:00-CME-001,M2M_CATALOG,2020-10-13T21:12Z,S23W37,12775.0,2020-10-13,3T21,,,,,,,,,,,,,
2020-10-14T03:24:00-CME-001,M2M_CATALOG,2020-10-14T03:24Z,,,2020-10-14,4T03,,,,,,,,,,,,,
2020-10-15T11:24:00-CME-001,M2M_CATALOG,2020-10-15T11:24Z,,,2020-10-15,5T11,,,,,,,,,,,,,
2020-10-15T16:36:00-CME-001,M2M_CATALOG,2020-10-15T16:36Z,,,2020-10-15,5T16,,,,,,,,,,,,,
2020-10-16T13:36:00-CME-001,M2M_CATALOG,2020-10-16T13:36Z,,12774.0,2020-10-16,6T13,,,,,,,,,,,,,
2020-10-16T16:03:00-CME-001,M2M_CATALOG,2020-10-16T16:03Z,S23W66,12775.0,2020-10-16,6T16,,,,,,,,,,,,,
2020-10-18T09:24:00-CME-001,M2M_CATALOG,2020-10-18T09:24Z,,,2020-10-18,8T09,,,,,,,,,,,,,
2020-10-22T13:09:00-CME-001,M2M_CATALOG,2020-10-22T13:09Z,,,2020-10-22,2T13,,,,,,,,,,,,,
2020-11-02T05:24:00-CME-001,M2M_CATALOG,2020-11-02T05:24Z,,,2020-11-02,2T05,,,,,,,,,,,,,
2020-11-07T13:24:00-CME-001,M2M_CATALOG,2020-11-07T13:24Z,N19W01,12780.0,2020-11-07,7T13,,,,,,,,,,,,,
2020-11-08T20:12:00-CME-001,M2M_CATALOG,2020-11-08T20:12Z,,,2020-11-08,8T20,,,,,,,,,,,,,
2020-11-11T19:36:00-CME-001,M2M_CATALOG,2020-11-11T19:36Z,S22E60,12782.0,2020-11-11,1T19,,,,,,,,,,,,,
2020-11-21T19:36:00-CME-001,M2M_CATALOG,2020-11-21T19:36Z,,,2020-11-21,1T19,,,,,,,,,,,,,
2020-12-11T19:09:00-CME-001,M2M_CATALOG,2020-12-11T19:09Z,,12791.0,2020-12-11,1T19,,,,,,,,,,,,,
2020-11-12T02:24:00-CME-001,M2M_CATALOG,2020-11-12T02:24Z,,,2020-11-12,2T02,,,,,,,,,,,,,
2020-11-13T12:24:00-CME-001,M2M_CATALOG,2020-11-13T12:24Z,,,2020-11-13,3T12,,,,,,,,,,,,,
2020-11-17T08:36:00-CME-001,M2M_CATALOG,2020-11-17T08:36Z,,,2020-11-17,7T08,,,,,,,,,,,,,
2020-11-17T19:00:00-CME-001,M2M_CATALOG,2020-11-17T19:00Z,,,2020-11-17,7T19,,,,,,,,,,,,,
2020-11-18T21:48:00-CME-001,M2M_CATALOG,2020-11-18T21:48Z,S20E138,,2020-11-18,8T21,,,,,,,,,,,,,
2020-11-19T02:54:00-CME-001,M2M_CATALOG,2020-11-19T02:54Z,,,2020-11-19,9T02,,,,,,,,,,,,,
2020-11-27T05:48:00-CME-001,M2M_CATALOG,2020-11-27T05:48Z,,,2020-11-27,7T05,,,,,,,,,,,,,
2020-11-29T13:24:00-CME-001,M2M_CATALOG,2020-11-29T13:24Z,S23E97,,2020-11-29,9T13,,,,,,,,,,,,,
2020-11-30T07:09:00-CME-001,M2M_CATALOG,2020-11-30T07:09Z,,,2020-11-30,0T07,,,,,,,,,,,,,
2020-12-01T05:48:00-CME-001,M2M_CATALOG,2020-12-01T05:48Z,S25E80,12790.0,2020-12-01,1T05,,,,,,,,,,,,,
2020-12-01T07:12:00-CME-001,M2M_CATALOG,2020-12-01T07:12Z,N35E30,12787.0,2020-12-01,1T07,,,,,,,,,,,,,
2020-12-03T11:12:00-CME-001,M2M_CATALOG,2020-12-03T11:12Z,S30E137,,2020-12-03,3T11,,,,,,,,,,,,,
2020-12-04T02:48:00-CME-001,M2M_CATALOG,2020-12-04T02:48Z,,,2020-12-04,4T02,,,,,,,,,,,,,
2020-12-06T22:00:00-CME-001,M2M_CATALOG,2020-12-06T22:00Z,,,2020-12-06,6T22,,,,,,,,,,,,,
2020-12-07T16:24:00-CME-001,M2M_CATALOG,2020-12-07T16:24Z,S23W11,12790.0,2020-12-07,7T16,,,,,,,,,,,,,
2020-12-07T18:36:00-CME-001,M2M_CATALOG,2020-12-07T18:36Z,S40W30,,2020-12-07,7T18,,,,,,,,,,,,,
2020-12-17T06:48:00-CME-001,M2M_CATALOG,2020-12-17T06:48Z,,,2020-12-17,7T06,,,,,,,,,,,,,
2020-12-27T00:48:00-CME-001,M2M_CATALOG,2020-12-27T00:48Z,,,2020-12-27,7T00,,,,,,,,,,,,,
2020-12-30T02:24:00-CME-001,M2M_CATALOG,2020-12-30T02:24Z,S20E08,12795.0,2020-12-30,0T02,,,,,,,,,,,,,
2020-10-23T04:39:00-CME-001,M2M_CATALOG,2020-10-23T04:39Z,,,2020-10-23,3T04,,,,,,,,,,,,,
2020-10-23T22:35:00-CME-001,M2M_CATALOG,2020-10-23T22:35Z,,,2020-10-23,3T22,,,,,,,,,,,,,
2020-10-10T04:24:00-CME-001,M2M_CATALOG,2020-10-10T04:24Z,,,2020-10-10,0T04,,,,,,,,,,,,,
2020-10-13T21:12:00-CME-001,M2M_CATALOG,2020-10-13T21:12Z,S23W37,12775.0,2020-10-13,3T21,,,,,,,,,,,,,
2020-10-14T03:24:00-CME-001,M2M_CATALOG,2020-10-14T03:24Z,,,2020-10-14,4T03,,,,,,,,,,,,,
2020-10-15T11:24:00-CME-001,M2M_CATALOG,2020-10-15T11:24Z,,,2020-10-15,5T11,,,,,,,,,,,,,
2020-10-15T16:36:00-CME-001,M2M_CATALOG,2020-10-15T16:36Z,,,2020-10-15,5T16,,,,,,,,,,,,,
2020-10-16T13:36:00-CME-001,M2M_CATALOG,2020-10-16T13:36Z,,12774.0,2020-10-16,6T13,,,,,,,,,,,,,
2020-10-16T16:03:00-CME-001,M2M_CATALOG,2020-10-16T16:03Z,S23W66,12775.0,2020-10-16,6T16,,,,,,,,,,,,,
2020-10-18T09:24:00-CME-001,M2M_CATALOG,2020-10-18T09:24Z,,,2020-10-18,8T09,,,,,,,,,,,,,
2020-10-22T13:09:00-CME-001,M2M_CATALOG,2020-10-22T13:09Z,,,2020-10-22,2T13,,,,,,,,,,,,,
2020-10-23T04:39:00-CME-001,M2M_CATALOG,2020-10-23T04:39Z,,,2020-10-23,3T04,,,,,,,,,,,,,
2020-10-23T22:35:00-CME-001,M2M_CATALOG,2020-10-23T22:35Z,,,2020-10-23,3T22,,,,,,,,,,,,,
2020-10-26T09:12:00-CME-001,M2M_CATALOG,2020-10-26T09:12Z,,,2020-10-26,6T09,,,,,,,,,,,,,
2020-10-26T18:09:00-CME-001,M2M_CATALOG,2020-10-26T18:09Z,,,2020-10-26,6T18,,,,,,,,,,,,,
2020-10-27T03:39:00-CME-001,M2M_CATALOG,2020-10-27T03:39Z,,,2020-10-27,7T03,,,,,,,,,,,,,
2020-10-28T13:42:00-CME-001,M2M_CATALOG,2020-10-28T13:42Z,,,2020-10-28,8T13,,,,,,,,,,,,,
2020-11-18T13:24:00-CME-001,M2M_CATALOG,2020-11-18T13:24Z,,,2020-11-18,8T13,,,,,,,,,,,,,
2020-11-18T13:36:00-CME-001,M2M_CATALOG,2020-11-18T13:36Z,,,2020-11-18,8T13,,,,,,,,,,,,,
2020-10-29T01:54:00-CME-001,M2M_CATALOG,2020-10-29T01:54Z,S19W28,12779.0,2020-10-29,9T01,,,,,,,,,,,,,
2020-10-31T00:12:00-CME-001,M2M_CATALOG,2020-10-31T00:12Z,,,2020-10-31,1T00,,,,,,,,,,,,,
2020-12-11T00:36:00-CME-001,M2M_CATALOG,2020-12-11T00:36Z,,,2020-12-11,1T00,,,,,,,,,,,,,
2020-11-01T20:00:00-CME-001,M2M_CATALOG,2020-11-01T20:00Z,,,2020-11-01,1T20,,,,,,,,,,,,,
2020-11-02T05:24:00-CME-001,M2M_CATALOG,2020-11-02T05:24Z,,,2020-11-02,2T05,,,,,,,,,,,,,
2020-11-07T13:24:00-CME-001,M2M_CATALOG,2020-11-07T13:24Z,N19W01,12780.0,2020-11-07,7T13,,,,,,,,,,,,,
2020-11-08T20:12:00-CME-001,M2M_CATALOG,2020-11-08T20:12Z,,,2020-11-08,8T20,,,,,,,,,,,,,
2020-11-11T19:36:00-CME-001,M2M_CATALOG,2020-11-11T19:36Z,S22E60,12782.0,2020-11-11,1T19,,,,,,,,,,,,,
2020-11-21T19:36:00-CME-001,M2M_CATALOG,2020-11-21T19:36Z,,,2020-11-21,1T19,,,,,,,,,,,,,
2020-12-11T19:09:00-CME-001,M2M_CATALOG,2020-12-11T19:09Z,,12791.0,2020-12-11,1T19,,,,,,,,,,,,,
2020-11-12T02:24:00-CME-001,M2M_CATALOG,2020-11-12T02:24Z,,,2020-11-12,2T02,,,,,,,,,,,,,
2020-11-13T12:24:00-CME-001,M2M_CATALOG,2020-11-13T12:24Z,,,2020-11-13,3T12,,,,,,,,,,,,,
2020-11-17T08:36:00-CME-001,M2M_CATALOG,2020-11-17T08:36Z,,,2020-11-17,7T08,,,,,,,,,,,,,
2020-11-17T19:00:00-CME-001,M2M_CATALOG,2020-11-17T19:00Z,,,2020-11-17,7T19,,,,,,,,,,,,,
2020-10-28T13:42:00-CME-001,M2M_CATALOG,2020-10-28T13:42Z,,,2020-10-28,8T13,,,,,,,,,,,,,
2020-11-18T13:24:00-CME-001,M2M_CATALOG,2020-11-18T13:24Z,,,2020-11-18,8T13,,,,,,,,,,,,,
2020-11-18T13:36:00-CME-001,M2M_CATALOG,2020-11-18T13:36Z,,,2020-11-18,8T13,,,,,,,,,,,,,
2020-10-28T13:42:00-CME-001,M2M_CATALOG,2020-10-28T13:42Z,,,2020-10-28,8T13,,,,,,,,,,,,,
2020-11-18T13:24:00-CME-001,M2M_CATALOG,2020-11-18T13:24Z,,,2020-11-18,8T13,,,,,,,,,,,,,
2020-11-18T13:36:00-CME-001,M2M_CATALOG,2020-11-18T13:36Z,,,2020-11-18,8T13,,,,,,,,,,,,,
2020-11-18T21:48:00-CME-001,M2M_CATALOG,2020-11-18T21:48Z,S20E138,,2020-11-18,8T21,,,,,,,,,,,,,
2020-11-19T02:54:00-CME-001,M2M_CATALOG,2020-11-19T02:54Z,,,2020-11-19,9T02,,,,,,,,,,,,,
2020-11-19T03:12:00-CME-001,M2M_CATALOG,2020-11-19T03:12Z,N30E40,,2020-11-19,9T03,,,,,,,,,,,,,
2020-11-19T06:48:00-CME-001,M2M_CATALOG,2020-11-19T06:48Z,S23E49,,2020-11-19,9T06,,,,,,,,,,,,,
2020-11-19T15:12:00-CME-001,M2M_CATALOG,2020-11-19T15:12Z,,,2020-11-19,9T15,,,,,,,,,,,,,
2020-11-29T15:05:00-CME-001,M2M_CATALOG,2020-11-29T15:05Z,,12783.0,2020-11-29,9T15,,,,,,,,,,,,,
2020-11-20T19:51:00-CME-001,M2M_CATALOG,2020-11-20T19:51Z,,12783.0,2020-11-20,0T19,,,,,,,,,,,,,
2020-11-20T21:12:00-CME-001,M2M_CATALOG,2020-11-20T21:12Z,,,2020-11-20,0T21,,,,,,,,,,,,,
2020-11-11T19:36:00-CME-001,M2M_CATALOG,2020-11-11T19:36Z,S22E60,12782.0,2020-11-11,1T19,,,,,,,,,,,,,
2020-11-21T19:36:00-CME-001,M2M_CATALOG,2020-11-21T19:36Z,,,2020-11-21,1T19,,,,,,,,,,,,,
2020-12-11T19:09:00-CME-001,M2M_CATALOG,2020-12-11T19:09Z,,12791.0,2020-12-11,1T19,,,,,,,,,,,,,
2020-11-21T23:12:00-CME-001,M2M_CATALOG,2020-11-21T23:12Z,,,2020-11-21,1T23,,,,,,,,,,,,,
2020-11-22T01:36:00-CME-001,M2M_CATALOG,2020-11-22T01:36Z,,,2020-11-22,2T01,,,,,,,,,,,,,
2020-11-23T18:48:00-CME-001,M2M_CATALOG,2020-11-23T18:48Z,,,2020-11-23,3T18,,,,,,,,,,,,,
2020-11-24T04:36:00-CME-001,M2M_CATALOG,2020-11-24T04:36Z,S20E65,12785.0,2020-11-24,4T04,,,,,,,,,,,,,
2020-11-24T11:24:00-CME-001,M2M_CATALOG,2020-11-24T11:24Z,,,2020-11-24,4T11,,,,,,,,,,,,,
2020-12-04T11:09:00-CME-001,M2M_CATALOG,2020-12-04T11:09Z,,,2020-12-04,4T11,,,,,,,,,,,,,
2020-11-24T13:24:00-CME-001,M2M_CATALOG,2020-11-24T13:24Z,,,2020-11-24,4T13,,,,,,,,,,,,,
2020-11-26T08:24:00-CME-001,M2M_CATALOG,2020-11-26T08:24Z,,,2020-11-26,6T08,,,,,,,,,,,,,
2020-11-26T21:24:00-CME-001,M2M_CATALOG,2020-11-26T21:24Z,N32E90,12787.0,2020-11-26,6T21,,,,,,,,,,,,,
2020-11-27T05:48:00-CME-001,M2M_CATALOG,2020-11-27T05:48Z,,,2020-11-27,7T05,,,,,,,,,,,,,
2020-11-29T13:24:00-CME-001,M2M_CATALOG,2020-11-29T13:24Z,S23E97,,2020-11-29,9T13,,,,,,,,,,,,,
2020-11-19T15:12:00-CME-001,M2M_CATALOG,2020-11-19T15:12Z,,,2020-11-19,9T15,,,,,,,,,,,,,
2020-11-29T15:05:00-CME-001,M2M_CATALOG,2020-11-29T15:05Z,,12783.0,2020-11-29,9T15,,,,,,,,,,,,,
2020-11-30T07:09:00-CME-001,M2M_CATALOG,2020-11-30T07:09Z,,,2020-11-30,0T07,,,,,,,,,,,,,
2020-12-01T05:48:00-CME-001,M2M_CATALOG,2020-12-01T05:48Z,S25E80,12790.0,2020-12-01,1T05,,,,,,,,,,,,,
2020-12-01T07:12:00-CME-001,M2M_CATALOG,2020-12-01T07:12Z,N35E30,12787.0,2020-12-01,1T07,,,,,,,,,,,,,
2020-12-03T11:12:00-CME-001,M2M_CATALOG,2020-12-03T11:12Z,S30E137,,2020-12-03,3T11,,,,,,,,,,,,,
2020-12-04T02:48:00-CME-001,M2M_CATALOG,2020-12-04T02:48Z,,,2020-12-04,4T02,,,,,,,,,,,,,
2020-11-24T11:24:00-CME-001,M2M_CATALOG,2020-11-24T11:24Z,,,2020-11-24,4T11,,,,,,,,,,,,,
2020-12-04T11:09:00-CME-001,M2M_CATALOG,2020-12-04T11:09Z,,,2020-12-04,4T11,,,,,,,,,,,,,
2020-12-06T22:00:00-CME-001,M2M_CATALOG,2020-12-06T22:00Z,,,2020-12-06,6T22,,,,,,,,,,,,,
2020-12-07T16:24:00-CME-001,M2M_CATALOG,2020-12-07T16:24Z,S23W11,12790.0,2020-12-07,7T16,,,,,,,,,,,,,
2020-12-07T18:36:00-CME-001,M2M_CATALOG,2020-12-07T18:36Z,S40W30,,2020-12-07,7T18,,,,,,,,,,,,,
2020-10-31T00:12:00-CME-001,M2M_CATALOG,2020-10-31T00:12Z,,,2020-10-31,1T00,,,,,,,,,,,,,
2020-12-11T00:36:00-CME-001,M2M_CATALOG,2020-12-11T00:36Z,,,2020-12-11,1T00,,,,,,,,,,,,,
2020-11-11T19:36:00-CME-001,M2M_CATALOG,2020-11-11T19:36Z,S22E60,12782.0,2020-11-11,1T19,,,,,,,,,,,,,
2020-11-21T19:36:00-CME-001,M2M_CATALOG,2020-11-21T19:36Z,,,2020-11-21,1T19,,,,,,,,,,,,,
2020-12-11T19:09:00-CME-001,M2M_CATALOG,2020-12-11T19:09Z,,12791.0,2020-12-11,1T19,,,,,,,,,,,,,
2020-12-12T04:12:00-CME-001,M2M_CATALOG,2020-12-12T04:12Z,,,2020-12-12,2T04,,,,,,,,,,,,,
2020-12-13T09:24:00-CME-001,M2M_CATALOG,2020-12-13T09:24Z,,,2020-12-13,3T09,,,,,,,,,,,,,
2020-12-14T15:12:00-CME-001,M2M_CATALOG,2020-12-14T15:12Z,S22E44,12792.0,2020-12-14,4T15,,,,,,,,,,,,,
2020-12-14T21:12:00-CME-001,M2M_CATALOG,2020-12-14T21:12Z,N40E110,,2020-12-14,4T21,,,,,,,,,,,,,
2020-12-17T06:48:00-CME-001,M2M_CATALOG,2020-12-17T06:48Z,,,2020-12-17,7T06,,,,,,,,,,,,,
2020-12-27T00:48:00-CME-001,M2M_CATALOG,2020-12-27T00:48Z,,,2020-12-27,7T00,,,,,,,,,,,,,
2020-12-30T02:24:00-CME-001,M2M_CATALOG,2020-12-30T02:24Z,S20E08,12795.0,2020-12-30,0T02,,,,,,,,,,,,,
2020-10-10T04:24:00-CME-001,M2M_CATALOG,2020-10-10T04:24Z,,,2020-10-10,0T04,,,,,,,,,,,,,
2020-10-13T21:12:00-CME-001,M2M_CATALOG,2020-10-13T21:12Z,S23W37,12775.0,2020-10-13,3T21,,,,,,,,,,,,,
2020-10-14T03:24:00-CME-001,M2M_CATALOG,2020-10-14T03:24Z,,,2020-10-14,4T03,,,,,,,,,,,,,
2020-10-15T11:24:00-CME-001,M2M_CATALOG,2020-10-15T11:24Z,,,2020-10-15,5T11,,,,,,,,,,,,,
2020-10-15T16:36:00-CME-001,M2M_CATALOG,2020-10-15T16:36Z,,,2020-10-15,5T16,,,,,,,,,,,,,
2020-10-16T13:36:00-CME-001,M2M_CATALOG,2020-10-16T13:36Z,,12774.0,2020-10-16,6T13,,,,,,,,,,,,,
2020-10-16T16:03:00-CME-001,M2M_CATALOG,2020-10-16T16:03Z,S23W66,12775.0,2020-10-16,6T16,,,,,,,,,,,,,
2020-10-18T09:24:00-CME-001,M2M_CATALOG,2020-10-18T09:24Z,,,2020-10-18,8T09,,,,,,,,,,,,,
2020-10-22T13:09:00-CME-001,M2M_CATALOG,2020-10-22T13:09Z,,,2020-10-22,2T13,,,,,,,,,,,,,
2020-10-23T04:39:00-CME-001,M2M_CATALOG,2020-10-23T04:39Z,,,2020-10-23,3T04,,,,,,,,,,,,,
2020-10-23T22:35:00-CME-001,M2M_CATALOG,2020-10-23T22:35Z,,,2020-10-23,3T22,,,,,,,,,,,,,
2020-10-26T09:12:00-CME-001,M2M_CATALOG,2020-10-26T09:12Z,,,2020-10-26,6T09,,,,,,,,,,,,,
2020-10-26T18:09:00-CME-001,M2M_CATALOG,2020-10-26T18:09Z,,,2020-10-26,6T18,,,,,,,,,,,,,
2020-10-27T03:39:00-CME-001,M2M_CATALOG,2020-10-27T03:39Z,,,2020-10-27,7T03,,,,,,,,,,,,,
2020-10-28T13:42:00-CME-001,M2M_CATALOG,2020-10-28T13:42Z,,,2020-10-28,8T13,,,,,,,,,,,,,
2020-11-18T13:24:00-CME-001,M2M_CATALOG,2020-11-18T13:24Z,,,2020-11-18,8T13,,,,,,,,,,,,,
2020-11-18T13:36:00-CME-001,M2M_CATALOG,2020-11-18T13:36Z,,,2020-11-18,8T13,,,,,,,,,,,,,
2020-10-29T01:54:00-CME-001,M2M_CATALOG,2020-10-29T01:54Z,S19W28,12779.0,2020-10-29,9T01,,,,,,,,,,,,,
2020-10-31T00:12:00-CME-001,M2M_CATALOG,2020-10-31T00:12Z,,,2020-10-31,1T00,,,,,,,,,,,,,
2020-12-11T00:36:00-CME-001,M2M_CATALOG,2020-12-11T00:36Z,,,2020-12-11,1T00,,,,,,,,,,,,,
2020-11-01T20:00:00-CME-001,M2M_CATALOG,2020-11-01T20:00Z,,,2020-11-01,1T20,,,,,,,,,,,,,
2020-11-02T05:24:00-CME-001,M2M_CATALOG,2020-11-02T05:24Z,,,2020-11-02,2T05,,,,,,,,,,,,,
2020-11-07T13:24:00-CME-001,M2M_CATALOG,2020-11-07T13:24Z,N19W01,12780.0,2020-11-07,7T13,,,,,,,,,,,,,
2020-11-08T20:12:00-CME-001,M2M_CATALOG,2020-11-08T20:12Z,,,2020-11-08,8T20,,,,,,,,,,,,,
2020-11-11T19:36:00-CME-001,M2M_CATALOG,2020-11-11T19:36Z,S22E60,12782.0,2020-11-11,1T19,,,,,,,,,,,,,
2020-11-21T19:36:00-CME-001,M2M_CATALOG,2020-11-21T19:36Z,,,2020-11-21,1T19,,,,,,,,,,,,,
2020-12-11T19:09:00-CME-001,M2M_CATALOG,2020-12-11T19:09Z,,12791.0,2020-12-11,1T19,,,,,,,,,,,,,
2020-11-12T02:24:00-CME-001,M2M_CATALOG,2020-11-12T02:24Z,,,2020-11-12,2T02,,,,,,,,,,,,,
2020-11-13T12:24:00-CME-001,M2M_CATALOG,2020-11-13T12:24Z,,,2020-11-13,3T12,,,,,,,,,,,,,
2020-11-17T08:36:00-CME-001,M2M_CATALOG,2020-11-17T08:36Z,,,2020-11-17,7T08,,,,,,,,,,,,,
2020-11-17T19:00:00-CME-001,M2M_CATALOG,2020-11-17T19:00Z,,,2020-11-17,7T19,,,,,,,,,,,,,
2020-10-28T13:42:00-CME-001,M2M_CATALOG,2020-10-28T13:42Z,,,2020-10-28,8T13,,,,,,,,,,,,,
2020-11-18T13:24:00-CME-001,M2M_CATALOG,2020-11-18T13:24Z,,,2020-11-18,8T13,,,,,,,,,,,,,
2020-11-18T13:36:00-CME-001,M2M_CATALOG,2020-11-18T13:36Z,,,2020-11-18,8T13,,,,,,,,,,,,,
2020-10-28T13:42:00-CME-001,M2M_CATALOG,2020-10-28T13:42Z,,,2020-10-28,8T13,,,,,,,,,,,,,
2020-11-18T13:24:00-CME-001,M2M_CATALOG,2020-11-18T13:24Z,,,2020-11-18,8T13,,,,,,,,,,,,,
2020-11-18T13:36:00-CME-001,M2M_CATALOG,2020-11-18T13:36Z,,,2020-11-18,8T13,,,,,,,,,,,,,
2020-11-18T21:48:00-CME-001,M2M_CATALOG,2020-11-18T21:48Z,S20E138,,2020-11-18,8T21,,,,,,,,,,,,,
2020-11-19T02:54:00-CME-001,M2M_CATALOG,2020-11-19T02:54Z,,,2020-11-19,9T02,,,,,,,,,,,,,
2020-11-19T03:12:00-CME-001,M2M_CATALOG,2020-11-19T03:12Z,N30E40,,2020-11-19,9T03,,,,,,,,,,,,,
2020-11-19T06:48:00-CME-001,M2M_CATALOG,2020-11-19T06:48Z,S23E49,,2020-11-19,9T06,,,,,,,,,,,,,
2020-11-19T15:12:00-CME-001,M2M_CATALOG,2020-11-19T15:12Z,,,2020-11-19,9T15,,,,,,,,,,,,,
2020-11-29T15:05:00-CME-001,M2M_CATALOG,2020-11-29T15:05Z,,12783.0,2020-11-29,9T15,,,,,,,,,,,,,
2020-11-20T19:51:00-CME-001,M2M_CATALOG,2020-11-20T19:51Z,,12783.0,2020-11-20,0T19,,,,,,,,,,,,,
2020-10-10T04:24:00-CME-001,M2M_CATALOG,2020-10-10T04:24Z,,,2020-10-10,0T04,,,,,,,,,,,,,
2020-10-13T21:12:00-CME-001,M2M_CATALOG,2020-10-13T21:12Z,S23W37,12775.0,2020-10-13,3T21,,,,,,,,,,,,,
2020-10-14T03:24:00-CME-001,M2M_CATALOG,2020-10-14T03:24Z,,,2020-10-14,4T03,,,,,,,,,,,,,
2020-10-15T11:24:00-CME-001,M2M_CATALOG,2020-10-15T11:24Z,,,2020-10-15,5T11,,,,,,,,,,,,,
2020-10-15T16:36:00-CME-001,M2M_CATALOG,2020-10-15T16:36Z,,,2020-10-15,5T16,,,,,,,,,,,,,
2020-10-16T13:36:00-CME-001,M2M_CATALOG,2020-10-16T13:36Z,,12774.0,2020-10-16,6T13,,,,,,,,,,,,,
2020-10-16T16:03:00-CME-001,M2M_CATALOG,2020-10-16T16:03Z,S23W66,12775.0,2020-10-16,6T16,,,,,,,,,,,,,
2020-10-18T09:24:00-CME-001,M2M_CATALOG,2020-10-18T09:24Z,,,2020-10-18,8T09,,,,,,,,,,,,,
2020-10-22T13:09:00-CME-001,M2M_CATALOG,2020-10-22T13:09Z,,,2020-10-22,2T13,,,,,,,,,,,,,
2020-10-23T04:39:00-CME-001,M2M_CATALOG,2020-10-23T04:39Z,,,2020-10-23,3T04,,,,,,,,,,,,,
2020-10-23T22:35:00-CME-001,M2M_CATALOG,2020-10-23T22:35Z,,,2020-10-23,3T22,,,,,,,,,,,,,
2020-10-26T09:12:00-CME-001,M2M_CATALOG,2020-10-26T09:12Z,,,2020-10-26,6T09,,,,,,,,,,,,,
2020-10-26T18:09:00-CME-001,M2M_CATALOG,2020-10-26T18:09Z,,,2020-10-26,6T18,,,,,,,,,,,,,
2020-10-27T03:39:00-CME-001,M2M_CATALOG,2020-10-27T03:39Z,,,2020-10-27,7T03,,,,,,,,,,,,,
2020-10-28T13:42:00-CME-001,M2M_CATALOG,2020-10-28T13:42Z,,,2020-10-28,8T13,,,,,,,,,,,,,
2020-11-18T13:24:00-CME-001,M2M_CATALOG,2020-11-18T13:24Z,,,2020-11-18,8T13,,,,,,,,,,,,,
2020-11-18T13:36:00-CME-001,M2M_CATALOG,2020-11-18T13:36Z,,,2020-11-18,8T13,,,,,,,,,,,,,
2020-10-29T01:54:00-CME-001,M2M_CATALOG,2020-10-29T01:54Z,S19W28,12779.0,2020-10-29,9T01,,,,,,,,,,,,,
2020-10-31T00:12:00-CME-001,M2M_CATALOG,2020-10-31T00:12Z,,,2020-10-31,1T00,,,,,,,,,,,,,
2020-12-11T00:36:00-CME-001,M2M_CATALOG,2020-12-11T00:36Z,,,2020-12-11,1T00,,,,,,,,,,,,,
2020-11-01T20:00:00-CME-001,M2M_CATALOG,2020-11-01T20:00Z,,,2020-11-01,1T20,,,,,,,,,,,,,
2020-11-02T05:24:00-CME-001,M2M_CATALOG,2020-11-02T05:24Z,,,2020-11-02,2T05,,,,,,,,,,,,,
2020-11-07T13:24:00-CME-001,M2M_CATALOG,2020-11-07T13:24Z,N19W01,12780.0,2020-11-07,7T13,,,,,,,,,,,,,
2020-11-08T20:12:00-CME-001,M2M_CATALOG,2020-11-08T20:12Z,,,2020-11-08,8T20,,,,,,,,,,,,,
2020-11-11T19:36:00-CME-001,M2M_CATALOG,2020-11-11T19:36Z,S22E60,12782.0,2020-11-11,1T19,,,,,,,,,,,,,
2020-11-21T19:36:00-CME-001,M2M_CATALOG,2020-11-21T19:36Z,,,2020-11-21,1T19,,,,,,,,,,,,,
2020-12-11T19:09:00-CME-001,M2M_CATALOG,2020-12-11T19:09Z,,12791.0,2020-12-11,1T19,,,,,,,,,,,,,
2020-11-12T02:24:00-CME-001,M2M_CATALOG,2020-11-12T02:24Z,,,2020-11-12,2T02,,,,,,,,,,,,,
2020-11-13T12:24:00-CME-001,M2M_CATALOG,2020-11-13T12:24Z,,,2020-11-13,3T12,,,,,,,,,,,,,
2020-11-17T08:36:00-CME-001,M2M_CATALOG,2020-11-17T08:36Z,,,2020-11-17,7T08,,,,,,,,,,,,,
2020-11-17T19:00:00-CME-001,M2M_CATALOG,2020-11-17T19:00Z,,,2020-11-17,7T19,,,,,,,,,,,,,
2020-10-28T13:42:00-CME-001,M2M_CATALOG,2020-10-28T13:42Z,,,2020-10-28,8T13,,,,,,,,,,,,,
2020-11-18T13:24:00-CME-001,M2M_CATALOG,2020-11-18T13:24Z,,,2020-11-18,8T13,,,,,,,,,,,,,
2020-11-18T13:36:00-CME-001,M2M_CATALOG,2020-11-18T13:36Z,,,2020-11-18,8T13,,,,,,,,,,,,,
2020-10-28T13:42:00-CME-001,M2M_CATALOG,2020-10-28T13:42Z,,,2020-10-28,8T13,,,,,,,,,,,,,
2020-11-18T13:24:00-CME-001,M2M_CATALOG,2020-11-18T13:24Z,,,2020-11-18,8T13,,,,,,,,,,,,,
2020-11-18T13:36:00-CME-001,M2M_CATALOG,2020-11-18T13:36Z,,,2020-11-18,8T13,,,,,,,,,,,,,
2020-11-18T21:48:00-CME-001,M2M_CATALOG,2020-11-18T21:48Z,S20E138,,2020-11-18,8T21,,,,,,,,,,,,,
2020-11-19T02:54:00-CME-001,M2M_CATALOG,2020-11-19T02:54Z,,,2020-11-19,9T02,,,,,,,,,,,,,
2020-11-19T03:12:00-CME-001,M2M_CATALOG,2020-11-19T03:12Z,N30E40,,2020-11-19,9T03,,,,,,,,,,,,,
2020-11-19T06:48:00-CME-001,M2M_CATALOG,2020-11-19T06:48Z,S23E49,,2020-11-19,9T06,,,,,,,,,,,,,
2020-11-19T15:12:00-CME-001,M2M_CATALOG,2020-11-19T15:12Z,,,2020-11-19,9T15,,,,,,,,,,,,,
2020-11-29T15:05:00-CME-001,M2M_CATALOG,2020-11-29T15:05Z,,12783.0,2020-11-29,9T15,,,,,,,,,,,,,
2020-11-20T19:51:00-CME-001,M2M_CATALOG,2020-11-20T19:51Z,,12783.0,2020-11-20,0T19,,,,,,,,,,,,,
2020-11-20T21:12:00-CME-001,M2M_CATALOG,2020-11-20T21:12Z,,,2020-11-20,0T21,,,,,,,,,,,,,
2020-11-11T19:36:00-CME-001,M2M_CATALOG,2020-11-11T19:36Z,S22E60,12782.0,2020-11-11,1T19,,,,,,,,,,,,,
2020-11-21T19:36:00-CME-001,M2M_CATALOG,2020-11-21T19:36Z,,,2020-11-21,1T19,,,,,,,,,,,,,
2020-12-11T19:09:00-CME-001,M2M_CATALOG,2020-12-11T19:09Z,,12791.0,2020-12-11,1T19,,,,,,,,,,,,,
2020-11-21T23:12:00-CME-001,M2M_CATALOG,2020-11-21T23:12Z,,,2020-11-21,1T23,,,,,,,,,,,,,
2020-11-22T01:36:00-CME-001,M2M_CATALOG,2020-11-22T01:36Z,,,2020-11-22,2T01,,,,,,,,,,,,,
2020-11-23T18:48:00-CME-001,M2M_CATALOG,2020-11-23T18:48Z,,,2020-11-23,3T18,,,,,,,,,,,,,
2020-11-24T04:36:00-CME-001,M2M_CATALOG,2020-11-24T04:36Z,S20E65,12785.0,2020-11-24,4T04,,,,,,,,,,,,,
2020-11-24T11:24:00-CME-001,M2M_CATALOG,2020-11-24T11:24Z,,,2020-11-24,4T11,,,,,,,,,,,,,
2020-12-04T11:09:00-CME-001,M2M_CATALOG,2020-12-04T11:09Z,,,2020-12-04,4T11,,,,,,,,,,,,,
2020-11-24T13:24:00-CME-001,M2M_CATALOG,2020-11-24T13:24Z,,,2020-11-24,4T13,,,,,,,,,,,,,
2020-11-26T08:24:00-CME-001,M2M_CATALOG,2020-11-26T08:24Z,,,2020-11-26,6T08,,,,,,,,,,,,,
2020-11-26T21:24:00-CME-001,M2M_CATALOG,2020-11-26T21:24Z,N32E90,12787.0,2020-11-26,6T21,,,,,,,,,,,,,
2020-11-27T05:48:00-CME-001,M2M_CATALOG,2020-11-27T05:48Z,,,2020-11-27,7T05,,,,,,,,,,,,,
2020-11-29T13:24:00-CME-001,M2M_CATALOG,2020-11-29T13:24Z,S23E97,,2020-11-29,9T13,,,,,,,,,,,,,
2020-11-19T15:12:00-CME-001,M2M_CATALOG,2020-11-19T15:12Z,,,2020-11-19,9T15,,,,,,,,,,,,,
2020-11-29T15:05:00-CME-001,M2M_CATALOG,2020-11-29T15:05Z,,12783.0,2020-11-29,9T15,,,,,,,,,,,,,
2020-11-30T07:09:00-CME-001,M2M_CATALOG,2020-11-30T07:09Z,,,2020-11-30,0T07,,,,,,,,,,,,,
2020-12-01T05:48:00-CME-001,M2M_CATALOG,2020-12-01T05:48Z,S25E80,12790.0,2020-12-01,1T05,,,,,,,,,,,,,
2020-12-01T07:12:00-CME-001,M2M_CATALOG,2020-12-01T07:12Z,N35E30,12787.0,2020-12-01,1T07,,,,,,,,,,,,,
2020-12-03T11:12:00-CME-001,M2M_CATALOG,2020-12-03T11:12Z,S30E137,,2020-12-03,3T11,,,,,,,,,,,,,
2020-12-04T02:48:00-CME-001,M2M_CATALOG,2020-12-04T02:48Z,,,2020-12-04,4T02,,,,,,,,,,,,,
2020-11-24T11:24:00-CME-001,M2M_CATALOG,2020-11-24T11:24Z,,,2020-11-24,4T11,,,,,,,,,,,,,
2020-12-04T11:09:00-CME-001,M2M_CATALOG,2020-12-04T11:09Z,,,2020-12-04,4T11,,,,,,,,,,,,,
2020-12-06T22:00:00-CME-001,M2M_CATALOG,2020-12-06T22:00Z,,,2020-12-06,6T22,,,,,,,,,,,,,
2020-12-07T16:24:00-CME-001,M2M_CATALOG,2020-12-07T16:24Z,S23W11,12790.0,2020-12-07,7T16,,,,,,,,,,,,,
2020-12-07T18:36:00-CME-001,M2M_CATALOG,2020-12-07T18:36Z,S40W30,,2020-12-07,7T18,,,,,,,,,,,,,
2020-10-31T00:12:00-CME-001,M2M_CATALOG,2020-10-31T00:12Z,,,2020-10-31,1T00,,,,,,,,,,,,,
2020-12-11T00:36:00-CME-001,M2M_CATALOG,2020-12-11T00:36Z,,,2020-12-11,1T00,,,,,,,,,,,,,
2020-11-11T19:36:00-CME-001,M2M_CATALOG,2020-11-11T19:36Z,S22E60,12782.0,2020-11-11,1T19,,,,,,,,,,,,,
2020-11-21T19:36:00-CME-001,M2M_CATALOG,2020-11-21T19:36Z,,,2020-11-21,1T19,,,,,,,,,,,,,
2020-12-11T19:09:00-CME-001,M2M_CATALOG,2020-12-11T19:09Z,,12791.0,2020-12-11,1T19,,,,,,,,,,,,,
2020-12-12T04:12:00-CME-001,M2M_CATALOG,2020-12-12T04:12Z,,,2020-12-12,2T04,,,,,,,,,,,,,
2020-12-13T09:24:00-CME-001,M2M_CATALOG,2020-12-13T09:24Z,,,2020-12-13,3T09,,,,,,,,,,,,,
2020-12-14T15:12:00-CME-001,M2M_CATALOG,2020-12-14T15:12Z,S22E44,12792.0,2020-12-14,4T15,,,,,,,,,,,,,
2020-12-14T21:12:00-CME-001,M2M_CATALOG,2020-12-14T21:12Z,N40E110,,2020-12-14,4T21,,,,,,,,,,,,,
2020-12-17T06:48:00-CME-001,M2M_CATALOG,2020-12-17T06:48Z,,,2020-12-17,7T06,,,,,,,,,,,,,
2020-12-27T00:48:00-CME-001,M2M_CATALOG,2020-12-27T00:48Z,,,2020-12-27,7T00,,,,,,,,,,,,,
2020-12-30T02:24:00-CME-001,M2M_CATALOG,2020-12-30T02:24Z,S20E08,12795.0,2020-12-30,0T02,,,,,,,,,,,,,
2020-10-10T04:24:00-CME-001,M2M_CATALOG,2020-10-10T04:24Z,,,2020-10-10,0T04,,,,,,,,,,,,,
2020-10-13T21:12:00-CME-001,M2M_CATALOG,2020-10-13T21:12Z,S23W37,12775.0,2020-10-13,3T21,,,,,,,,,,,,,
2020-10-14T03:24:00-CME-001,M2M_CATALOG,2020-10-14T03:24Z,,,2020-10-14,4T03,,,,,,,,,,,,,
2020-10-15T11:24:00-CME-001,M2M_CATALOG,2020-10-15T11:24Z,,,2020-10-15,5T11,,,,,,,,,,,,,
2020-10-15T16:36:00-CME-001,M2M_CATALOG,2020-10-15T16:36Z,,,2020-10-15,5T16,,,,,,,,,,,,,
2020-10-16T13:36:00-CME-001,M2M_CATALOG,2020-10-16T13:36Z,,12774.0,2020-10-16,6T13,,,,,,,,,,,,,
2020-10-16T16:03:00-CME-001,M2M_CATALOG,2020-10-16T16:03Z,S23W66,12775.0,2020-10-16,6T16,,,,,,,,,,,,,
2020-10-18T09:24:00-CME-001,M2M_CATALOG,2020-10-18T09:24Z,,,2020-10-18,8T09,,,,,,,,,,,,,
2020-10-22T13:09:00-CME-001,M2M_CATALOG,2020-10-22T13:09Z,,,2020-10-22,2T13,,,,,,,,,,,,,
2020-10-23T04:39:00-CME-001,M2M_CATALOG,2020-10-23T04:39Z,,,2020-10-23,3T04,,,,,,,,,,,,,
2020-10-23T22:35:00-CME-001,M2M_CATALOG,2020-10-23T22:35Z,,,2020-10-23,3T22,,,,,,,,,,,,,
2020-10-26T09:12:00-CME-001,M2M_CATALOG,2020-10-26T09:12Z,,,2020-10-26,6T09,,,,,,,,,,,,,
2020-10-26T18:09:00-CME-001,M2M_CATALOG,2020-10-26T18:09Z,,,2020-10-26,6T18,,,,,,,,,,,,,
2020-10-27T03:39:00-CME-001,M2M_CATALOG,2020-10-27T03:39Z,,,2020-10-27,7T03,,,,,,,,,,,,,
2020-10-28T13:42:00-CME-001,M2M_CATALOG,2020-10-28T13:42Z,,,2020-10-28,8T13,,,,,,,,,,,,,
2020-11-18T13:24:00-CME-001,M2M_CATALOG,2020-11-18T13:24Z,,,2020-11-18,8T13,,,,,,,,,,,,,
2020-11-18T13:36:00-CME-001,M2M_CATALOG,2020-11-18T13:36Z,,,2020-11-18,8T13,,,,,,,,,,,,,
2020-10-29T01:54:00-CME-001,M2M_CATALOG,2020-10-29T01:54Z,S19W28,12779.0,2020-10-29,9T01,,,,,,,,,,,,,
2020-10-31T00:12:00-CME-001,M2M_CATALOG,2020-10-31T00:12Z,,,2020-10-31,1T00,,,,,,,,,,,,,
2020-12-11T00:36:00-CME-001,M2M_CATALOG,2020-12-11T00:36Z,,,2020-12-11,1T00,,,,,,,,,,,,,
2020-11-01T20:00:00-CME-001,M2M_CATALOG,2020-11-01T20:00Z,,,2020-11-01,1T20,,,,,,,,,,,,,
2020-11-02T05:24:00-CME-001,M2M_CATALOG,2020-11-02T05:24Z,,,2020-11-02,2T05,,,,,,,,,,,,,
2020-11-07T13:24:00-CME-001,M2M_CATALOG,2020-11-07T13:24Z,N19W01,12780.0,2020-11-07,7T13,,,,,,,,,,,,,
2020-11-08T20:12:00-CME-001,M2M_CATALOG,2020-11-08T20:12Z,,,2020-11-08,8T20,,,,,,,,,,,,,
2020-11-11T19:36:00-CME-001,M2M_CATALOG,2020-11-11T19:36Z,S22E60,12782.0,2020-11-11,1T19,,,,,,,,,,,,,
2020-11-21T19:36:00-CME-001,M2M_CATALOG,2020-11-21T19:36Z,,,2020-11-21,1T19,,,,,,,,,,,,,
2020-12-11T19:09:00-CME-001,M2M_CATALOG,2020-12-11T19:09Z,,12791.0,2020-12-11,1T19,,,,,,,,,,,,,
2020-11-12T02:24:00-CME-001,M2M_CATALOG,2020-11-12T02:24Z,,,2020-11-12,2T02,,,,,,,,,,,,,
2020-11-13T12:24:00-CME-001,M2M_CATALOG,2020-11-13T12:24Z,,,2020-11-13,3T12,,,,,,,,,,,,,
2020-11-17T08:36:00-CME-001,M2M_CATALOG,2020-11-17T08:36Z,,,2020-11-17,7T08,,,,,,,,,,,,,
2020-11-17T19:00:00-CME-001,M2M_CATALOG,2020-11-17T19:00Z,,,2020-11-17,7T19,,,,,,,,,,,,,
2020-10-28T13:42:00-CME-001,M2M_CATALOG,2020-10-28T13:42Z,,,2020-10-28,8T13,,,,,,,,,,,,,
2020-11-18T13:24:00-CME-001,M2M_CATALOG,2020-11-18T13:24Z,,,2020-11-18,8T13,,,,,,,,,,,,,
2020-11-18T13:36:00-CME-001,M2M_CATALOG,2020-11-18T13:36Z,,,2020-11-18,8T13,,,,,,,,,,,,,
2020-10-28T13:42:00-CME-001,M2M_CATALOG,2020-10-28T13:42Z,,,2020-10-28,8T13,,,,,,,,,,,,,
2020-11-18T13:24:00-CME-001,M2M_CATALOG,2020-11-18T13:24Z,,,2020-11-18,8T13,,,,,,,,,,,,,
2020-11-18T13:36:00-CME-001,M2M_CATALOG,2020-11-18T13:36Z,,,2020-11-18,8T13,,,,,,,,,,,,,
2020-11-18T21:48:00-CME-001,M2M_CATALOG,2020-11-18T21:48Z,S20E138,,2020-11-18,8T21,,,,,,,,,,,,,
2020-11-19T02:54:00-CME-001,M2M_CATALOG,2020-11-19T02:54Z,,,2020-11-19,9T02,,,,,,,,,,,,,
2020-11-19T03:12:00-CME-001,M2M_CATALOG,2020-11-19T03:12Z,N30E40,,2020-11-19,9T03,,,,,,,,,,,,,
2020-11-19T06:48:00-CME-001,M2M_CATALOG,2020-11-19T06:48Z,S23E49,,2020-11-19,9T06,,,,,,,,,,,,,
2020-11-19T15:12:00-CME-001,M2M_CATALOG,2020-11-19T15:12Z,,,2020-11-19,9T15,,,,,,,,,,,,,
2020-11-29T15:05:00-CME-001,M2M_CATALOG,2020-11-29T15:05Z,,12783.0,2020-11-29,9T15,,,,,,,,,,,,,
2020-10-10T04:24:00-CME-001,M2M_CATALOG,2020-10-10T04:24Z,,,2020-10-10,0T04,,,,,,,,,,,,,
2020-10-13T21:12:00-CME-001,M2M_CATALOG,2020-10-13T21:12Z,S23W37,12775.0,2020-10-13,3T21,,,,,,,,,,,,,
2020-10-14T03:24:00-CME-001,M2M_CATALOG,2020-10-14T03:24Z,,,2020-10-14,4T03,,,,,,,,,,,,,
2020-10-15T11:24:00-CME-001,M2M_CATALOG,2020-10-15T11:24Z,,,2020-10-15,5T11,,,,,,,,,,,,,
2020-10-15T16:36:00-CME-001,M2M_CATALOG,2020-10-15T16:36Z,,,2020-10-15,5T16,,,,,,,,,,,,,
2020-10-16T13:36:00-CME-001,M2M_CATALOG,2020-10-16T13:36Z,,12774.0,2020-10-16,6T13,,,,,,,,,,,,,
2020-10-16T16:03:00-CME-001,M2M_CATALOG,2020-10-16T16:03Z,S23W66,12775.0,2020-10-16,6T16,,,,,,,,,,,,,
2020-10-18T09:24:00-CME-001,M2M_CATALOG,2020-10-18T09:24Z,,,2020-10-18,8T09,,,,,,,,,,,,,
2020-10-22T13:09:00-CME-001,M2M_CATALOG,2020-10-22T13:09Z,,,2020-10-22,2T13,,,,,,,,,,,,,
2020-11-02T05:24:00-CME-001,M2M_CATALOG,2020-11-02T05:24Z,,,2020-11-02,2T05,,,,,,,,,,,,,
2020-11-07T13:24:00-CME-001,M2M_CATALOG,2020-11-07T13:24Z,N19W01,12780.0,2020-11-07,7T13,,,,,,,,,,,,,
2020-11-08T20:12:00-CME-001,M2M_CATALOG,2020-11-08T20:12Z,,,2020-11-08,8T20,,,,,,,,,,,,,
2020-11-11T19:36:00-CME-001,M2M_CATALOG,2020-11-11T19:36Z,S22E60,12782.0,2020-11-11,1T19,,,,,,,,,,,,,
2020-11-21T19:36:00-CME-001,M2M_CATALOG,2020-11-21T19:36Z,,,2020-11-21,1T19,,,,,,,,,,,,,
2020-12-11T19:09:00-CME-001,M2M_CATALOG,2020-12-11T19:09Z,,12791.0,2020-12-11,1T19,,,,,,,,,,,,,
2020-11-12T02:24:00-CME-001,M2M_CATALOG,2020-11-12T02:24Z,,,2020-11-12,2T02,,,,,,,,,,,,,
2020-11-13T12:24:00-CME-001,M2M_CATALOG,2020-11-13T12:24Z,,,2020-11-13,3T12,,,,,,,,,,,,,
2020-11-17T08:36:00-CME-001,M2M_CATALOG,2020-11-17T08:36Z,,,2020-11-17,7T08,,,,,,,,,,,,,
2020-11-17T19:00:00-CME-001,M2M_CATALOG,2020-11-17T19:00Z,,,2020-11-17,7T19,,,,,,,,,,,,,
2020-11-18T21:48:00-CME-001,M2M_CATALOG,2020-11-18T21:48Z,S20E138,,2020-11-18,8T21,,,,,,,,,,,,,
2020-11-19T02:54:00-CME-001,M2M_CATALOG,2020-11-19T02:54Z,,,2020-11-19,9T02,,,,,,,,,,,,,
2020-11-27T05:48:00-CME-001,M2M_CATALOG,2020-11-27T05:48Z,,,2020-11-27,7T05,,,,,,,,,,,,,
2020-11-29T13:24:00-CME-001,M2M_CATALOG,2020-11-29T13:24Z,S23E97,,2020-11-29,9T13,,,,,,,,,,,,,
2020-11-30T07:09:00-CME-001,M2M_CATALOG,2020-11-30T07:09Z,,,2020-11-30,0T07,,,,,,,,,,,,,
2020-12-01T05:48:00-CME-001,M2M_CATALOG,2020-12-01T05:48Z,S25E80,12790.0,2020-12-01,1T05,,,,,,,,,,,,,
2020-12-01T07:12:00-CME-001,M2M_CATALOG,2020-12-01T07:12Z,N35E30,12787.0,2020-12-01,1T07,,,,,,,,,,,,,
2020-12-03T11:12:00-CME-001,M2M_CATALOG,2020-12-03T11:12Z,S30E137,,2020-12-03,3T11,,,,,,,,,,,,,
2020-12-04T02:48:00-CME-001,M2M_CATALOG,2020-12-04T02:48Z,,,2020-12-04,4T02,,,,,,,,,,,,,
2020-12-06T22:00:00-CME-001,M2M_CATALOG,2020-12-06T22:00Z,,,2020-12-06,6T22,,,,,,,,,,,,,
2020-12-07T16:24:00-CME-001,M2M_CATALOG,2020-12-07T16:24Z,S23W11,12790.0,2020-12-07,7T16,,,,,,,,,,,,,
2020-12-07T18:36:00-CME-001,M2M_CATALOG,2020-12-07T18:36Z,S40W30,,2020-12-07,7T18,,,,,,,,,,,,,
2020-12-17T06:48:00-CME-001,M2M_CATALOG,2020-12-17T06:48Z,,,2020-12-17,7T06,,,,,,,,,,,,,
2020-12-27T00:48:00-CME-001,M2M_CATALOG,2020-12-27T00:48Z,,,2020-12-27,7T00,,,,,,,,,,,,,
2020-12-30T02:24:00-CME-001,M2M_CATALOG,2020-12-30T02:24Z,S20E08,12795.0,2020-12-30,0T02,,,,,,,,,,,,,
2020-10-10T04:24:00-CME-001,M2M_CATALOG,2020-10-10T04:24Z,,,2020-10-10,0T04,,,,,,,,,,,,,
2020-10-13T21:12:00-CME-001,M2M_CATALOG,2020-10-13T21:12Z,S23W37,12775.0,2020-10-13,3T21,,,,,,,,,,,,,
2020-10-14T03:24:00-CME-001,M2M_CATALOG,2020-10-14T03:24Z,,,2020-10-14,4T03,,,,,,,,,,,,,
2020-10-15T11:24:00-CME-001,M2M_CATALOG,2020-10-15T11:24Z,,,2020-10-15,5T11,,,,,,,,,,,,,
2020-10-15T16:36:00-CME-001,M2M_CATALOG,2020-10-15T16:36Z,,,2020-10-15,5T16,,,,,,,,,,,,,
2020-10-16T13:36:00-CME-001,M2M_CATALOG,2020-10-16T13:36Z,,12774.0,2020-10-16,6T13,,,,,,,,,,,,,
2020-10-16T16:03:00-CME-001,M2M_CATALOG,2020-10-16T16:03Z,S23W66,12775.0,2020-10-16,6T16,,,,,,,,,,,,,
2020-10-18T09:24:00-CME-001,M2M_CATALOG,2020-10-18T09:24Z,,,2020-10-18,8T09,,,,,,,,,,,,,
2020-10-22T13:09:00-CME-001,M2M_CATALOG,2020-10-22T13:09Z,,,2020-10-22,2T13,,,,,,,,,,,,,
2020-11-02T05:24:00-CME-001,M2M_CATALOG,2020-11-02T05:24Z,,,2020-11-02,2T05,,,,,,,,,,,,,
2020-11-07T13:24:00-CME-001,M2M_CATALOG,2020-11-07T13:24Z,N19W01,12780.0,2020-11-07,7T13,,,,,,,,,,,,,
2020-11-08T20:12:00-CME-001,M2M_CATALOG,2020-11-08T20:12Z,,,2020-11-08,8T20,,,,,,,,,,,,,
2020-11-11T19:36:00-CME-001,M2M_CATALOG,2020-11-11T19:36Z,S22E60,12782.0,2020-11-11,1T19,,,,,,,,,,,,,
2020-11-21T19:36:00-CME-001,M2M_CATALOG,2020-11-21T19:36Z,,,2020-11-21,1T19,,,,,,,,,,,,,
2020-12-11T19:09:00-CME-001,M2M_CATALOG,2020-12-11T19:09Z,,12791.0,2020-12-11,1T19,,,,,,,,,,,,,
2020-11-12T02:24:00-CME-001,M2M_CATALOG,2020-11-12T02:24Z,,,2020-11-12,2T02,,,,,,,,,,,,,
2020-11-13T12:24:00-CME-001,M2M_CATALOG,2020-11-13T12:24Z,,,2020-11-13,3T12,,,,,,,,,,,,,
2020-11-17T08:36:00-CME-001,M2M_CATALOG,2020-11-17T08:36Z,,,2020-11-17,7T08,,,,,,,,,,,,,
2020-11-17T19:00:00-CME-001,M2M_CATALOG,2020-11-17T19:00Z,,,2020-11-17,7T19,,,,,,,,,,,,,
2020-11-18T21:48:00-CME-001,M2M_CATALOG,2020-11-18T21:48Z,S20E138,,2020-11-18,8T21,,,,,,,,,,,,,
2020-11-19T02:54:00-CME-001,M2M_CATALOG,2020-11-19T02:54Z,,,2020-11-19,9T02,,,,,,,,,,,,,
2020-11-27T05:48:00-CME-001,M2M_CATALOG,2020-11-27T05:48Z,,,2020-11-27,7T05,,,,,,,,,,,,,
2020-11-29T13:24:00-CME-001,M2M_CATALOG,2020-11-29T13:24Z,S23E97,,2020-11-29,9T13,,,,,,,,,,,,,
2020-11-30T07:09:00-CME-001,M2M_CATALOG,2020-11-30T07:09Z,,,2020-11-30,0T07,,,,,,,,,,,,,
2020-12-01T05:48:00-CME-001,M2M_CATALOG,2020-12-01T05:48Z,S25E80,12790.0,2020-12-01,1T05,,,,,,,,,,,,,
2020-12-01T07:12:00-CME-001,M2M_CATALOG,2020-12-01T07:12Z,N35E30,12787.0,2020-12-01,1T07,,,,,,,,,,,,,
2020-12-03T11:12:00-CME-001,M2M_CATALOG,2020-12-03T11:12Z,S30E137,,2020-12-03,3T11,,,,,,,,,,,,,
2020-12-04T02:48:00-CME-001,M2M_CATALOG,2020-12-04T02:48Z,,,2020-12-04,4T02,,,,,,,,,,,,,
2020-12-06T22:00:00-CME-001,M2M_CATALOG,2020-12-06T22:00Z,,,2020-12-06,6T22,,,,,,,,,,,,,
2020-12-07T16:24:00-CME-001,M2M_CATALOG,2020-12-07T16:24Z,S23W11,12790.0,2020-12-07,7T16,,,,,,,,,,,,,
2020-12-07T18:36:00-CME-001,M2M_CATALOG,2020-12-07T18:36Z,S40W30,,2020-12-07,7T18,,,,,,,,,,,,,
2020-12-17T06:48:00-CME-001,M2M_CATALOG,2020-12-17T06:48Z,,,2020-12-17,7T06,,,,,,,,,,,,,
2020-12-27T00:48:00-CME-001,M2M_CATALOG,2020-12-27T00:48Z,,,2020-12-27,7T00,,,,,,,,,,,,,
2020-12-30T02:24:00-CME-001,M2M_CATALOG,2020-12-30T02:24Z,S20E08,12795.0,2020-12-30,0T02,,,,,,,,,,,,,
2020-10-10T04:24:00-CME-001,M2M_CATALOG,2020-10-10T04:24Z,,,2020-10-10,0T04,,,,,,,,,,,,,
2020-10-13T21:12:00-CME-001,M2M_CATALOG,2020-10-13T21:12Z,S23W37,12775.0,2020-10-13,3T21,,,,,,,,,,,,,
2020-10-14T03:24:00-CME-001,M2M_CATALOG,2020-10-14T03:24Z,,,2020-10-14,4T03,,,,,,,,,,,,,
2020-10-15T11:24:00-CME-001,M2M_CATALOG,2020-10-15T11:24Z,,,2020-10-15,5T11,,,,,,,,,,,,,
2020-10-15T16:36:00-CME-001,M2M_CATALOG,2020-10-15T16:36Z,,,2020-10-15,5T16,,,,,,,,,,,,,
2020-10-16T13:36:00-CME-001,M2M_CATALOG,2020-10-16T13:36Z,,12774.0,2020-10-16,6T13,,,,,,,,,,,,,
2020-10-16T16:03:00-CME-001,M2M_CATALOG,2020-10-16T16:03Z,S23W66,12775.0,2020-10-16,6T16,,,,,,,,,,,,,
2020-10-18T09:24:00-CME-001,M2M_CATALOG,2020-10-18T09:24Z,,,2020-10-18,8T09,,,,,,,,,,,,,
2020-10-22T13:09:00-CME-001,M2M_CATALOG,2020-10-22T13:09Z,,,2020-10-22,2T13,,,,,,,,,,,,,
2020-11-02T05:24:00-CME-001,M2M_CATALOG,2020-11-02T05:24Z,,,2020-11-02,2T05,,,,,,,,,,,,,
2020-11-07T13:24:00-CME-001,M2M_CATALOG,2020-11-07T13:24Z,N19W01,12780.0,2020-11-07,7T13,,,,,,,,,,,,,
2020-11-08T20:12:00-CME-001,M2M_CATALOG,2020-11-08T20:12Z,,,2020-11-08,8T20,,,,,,,,,,,,,
2020-11-11T19:36:00-CME-001,M2M_CATALOG,2020-11-11T19:36Z,S22E60,12782.0,2020-11-11,1T19,,,,,,,,,,,,,
2020-11-21T19:36:00-CME-001,M2M_CATALOG,2020-11-21T19:36Z,,,2020-11-21,1T19,,,,,,,,,,,,,
2020-12-11T19:09:00-CME-001,M2M_CATALOG,2020-12-11T19:09Z,,12791.0,2020-12-11,1T19,,,,,,,,,,,,,
2020-11-12T02:24:00-CME-001,M2M_CATALOG,2020-11-12T02:24Z,,,2020-11-12,2T02,,,,,,,,,,,,,
2020-11-13T12:24:00-CME-001,M2M_CATALOG,2020-11-13T12:24Z,,,2020-11-13,3T12,,,,,,,,,,,,,
2020-11-17T08:36:00-CME-001,M2M_CATALOG,2020-11-17T08:36Z,,,2020-11-17,7T08,,,,,,,,,,,,,
2020-11-17T19:00:00-CME-001,M2M_CATALOG,2020-11-17T19:00Z,,,2020-11-17,7T19,,,,,,,,,,,,,
2020-11-18T21:48:00-CME-001,M2M_CATALOG,2020-11-18T21:48Z,S20E138,,2020-11-18,8T21,,,,,,,,,,,,,
2020-11-19T02:54:00-CME-001,M2M_CATALOG,2020-11-19T02:54Z,,,2020-11-19,9T02,,,,,,,,,,,,,
2020-11-27T05:48:00-CME-001,M2M_CATALOG,2020-11-27T05:48Z,,,2020-11-27,7T05,,,,,,,,,,,,,
2020-11-29T13:24:00-CME-001,M2M_CATALOG,2020-11-29T13:24Z,S23E97,,2020-11-29,9T13,,,,,,,,,,,,,
2020-11-30T07:09:00-CME-001,M2M_CATALOG,2020-11-30T07:09Z,,,2020-11-30,0T07,,,,,,,,,,,,,
2020-12-01T05:48:00-CME-001,M2M_CATALOG,2020-12-01T05:48Z,S25E80,12790.0,2020-12-01,1T05,,,,,,,,,,,,,
2020-12-01T07:12:00-CME-001,M2M_CATALOG,2020-12-01T07:12Z,N35E30,12787.0,2020-12-01,1T07,,,,,,,,,,,,,
2020-12-03T11:12:00-CME-001,M2M_CATALOG,2020-12-03T11:12Z,S30E137,,2020-12-03,3T11,,,,,,,,,,,,,
2020-12-04T02:48:00-CME-001,M2M_CATALOG,2020-12-04T02:48Z,,,2020-12-04,4T02,,,,,,,,,,,,,
2020-12-06T22:00:00-CME-001,M2M_CATALOG,2020-12-06T22:00Z,,,2020-12-06,6T22,,,,,,,,,,,,,
2020-12-07T16:24:00-CME-001,M2M_CATALOG,2020-12-07T16:24Z,S23W11,12790.0,2020-12-07,7T16,,,,,,,,,,,,,
2020-12-07T18:36:00-CME-001,M2M_CATALOG,2020-12-07T18:36Z,S40W30,,2020-12-07,7T18,,,,,,,,,,,,,
2020-12-17T06:48:00-CME-001,M2M_CATALOG,2020-12-17T06:48Z,,,2020-12-17,7T06,,,,,,,,,,,,,
2020-12-27T00:48:00-CME-001,M2M_CATALOG,2020-12-27T00:48Z,,,2020-12-27,7T00,,,,,,,,,,,,,
2020-12-30T02:24:00-CME-001,M2M_CATALOG,2020-12-30T02:24Z,S20E08,12795.0,2020-12-30,0T02,,,,,,,,,,,,,
2020-10-23T04:39:00-CME-001,M2M_CATALOG,2020-10-23T04:39Z,,,2020-10-23,3T04,,,,,,,,,,,,,
2020-10-23T22:35:00-CME-001,M2M_CATALOG,2020-10-23T22:35Z,,,2020-10-23,3T22,,,,,,,,,,,,,
2020-10-10T04:24:00-CME-001,M2M_CATALOG,2020-10-10T04:24Z,,,2020-10-10,0T04,,,,,,,,,,,,,
2020-10-13T21:12:00-CME-001,M2M_CATALOG,2020-10-13T21:12Z,S23W37,12775.0,2020-10-13,3T21,,,,,,,,,,,,,
2020-10-14T03:24:00-CME-001,M2M_CATALOG,2020-10-14T03:24Z,,,2020-10-14,4T03,,,,,,,,,,,,,
2020-10-15T11:24:00-CME-001,M2M_CATALOG,2020-10-15T11:24Z,,,2020-10-15,5T11,,,,,,,,,,,,,
2020-10-15T16:36:00-CME-001,M2M_CATALOG,2020-10-15T16:36Z,,,2020-10-15,5T16,,,,,,,,,,,,,
2020-10-16T13:36:00-CME-001,M2M_CATALOG,2020-10-16T13:36Z,,12774.0,2020-10-16,6T13,,,,,,,,,,,,,
2020-10-16T16:03:00-CME-001,M2M_CATALOG,2020-10-16T16:03Z,S23W66,12775.0,2020-10-16,6T16,,,,,,,,,,,,,
2020-10-18T09:24:00-CME-001,M2M_CATALOG,2020-10-18T09:24Z,,,2020-10-18,8T09,,,,,,,,,,,,,
2020-10-22T13:09:00-CME-001,M2M_CATALOG,2020-10-22T13:09Z,,,2020-10-22,2T13,,,,,,,,,,,,,
2020-10-23T04:39:00-CME-001,M2M_CATALOG,2020-10-23T04:39Z,,,2020-10-23,3T04,,,,,,,,,,,,,
2020-10-23T22:35:00-CME-001,M2M_CATALOG,2020-10-23T22:35Z,,,2020-10-23,3T22,,,,,,,,,,,,,
2020-10-26T09:12:00-CME-001,M2M_CATALOG,2020-10-26T09:12Z,,,2020-10-26,6T09,,,,,,,,,,,,,
2020-10-26T18:09:00-CME-001,M2M_CATALOG,2020-10-26T18:09Z,,,2020-10-26,6T18,,,,,,,,,,,,,
2020-10-27T03:39:00-CME-001,M2M_CATALOG,2020-10-27T03:39Z,,,2020-10-27,7T03,,,,,,,,,,,,,
2020-10-28T13:42:00-CME-001,M2M_CATALOG,2020-10-28T13:42Z,,,2020-10-28,8T13,,,,,,,,,,,,,
2020-11-18T13:24:00-CME-001,M2M_CATALOG,2020-11-18T13:24Z,,,2020-11-18,8T13,,,,,,,,,,,,,
2020-11-18T13:36:00-CME-001,M2M_CATALOG,2020-11-18T13:36Z,,,2020-11-18,8T13,,,,,,,,,,,,,
2020-10-29T01:54:00-CME-001,M2M_CATALOG,2020-10-29T01:54Z,S19W28,12779.0,2020-10-29,9T01,,,,,,,,,,,,,
2020-10-31T00:12:00-CME-001,M2M_CATALOG,2020-10-31T00:12Z,,,2020-10-31,1T00,,,,,,,,,,,,,
2020-12-11T00:36:00-CME-001,M2M_CATALOG,2020-12-11T00:36Z,,,2020-12-11,1T00,,,,,,,,,,,,,
2020-11-01T20:00:00-CME-001,M2M_CATALOG,2020-11-01T20:00Z,,,2020-11-01,1T20,,,,,,,,,,,,,
2020-11-02T05:24:00-CME-001,M2M_CATALOG,2020-11-02T05:24Z,,,2020-11-02,2T05,,,,,,,,,,,,,
2020-11-07T13:24:00-CME-001,M2M_CATALOG,2020-11-07T13:24Z,N19W01,12780.0,2020-11-07,7T13,,,,,,,,,,,,,
2020-11-08T20:12:00-CME-001,M2M_CATALOG,2020-11-08T20:12Z,,,2020-11-08,8T20,,,,,,,,,,,,,
2020-11-11T19:36:00-CME-001,M2M_CATALOG,2020-11-11T19:36Z,S22E60,12782.0,2020-11-11,1T19,,,,,,,,,,,,,
2020-11-21T19:36:00-CME-001,M2M_CATALOG,2020-11-21T19:36Z,,,2020-11-21,1T19,,,,,,,,,,,,,
2020-12-11T19:09:00-CME-001,M2M_CATALOG,2020-12-11T19:09Z,,12791.0,2020-12-11,1T19,,,,,,,,,,,,,
2020-11-12T02:24:00-CME-001,M2M_CATALOG,2020-11-12T02:24Z,,,2020-11-12,2T02,,,,,,,,,,,,,
2020-11-13T12:24:00-CME-001,M2M_CATALOG,2020-11-13T12:24Z,,,2020-11-13,3T12,,,,,,,,,,,,,
2020-11-17T08:36:00-CME-001,M2M_CATALOG,2020-11-17T08:36Z,,,2020-11-17,7T08,,,,,,,,,,,,,
2020-11-17T19:00:00-CME-001,M2M_CATALOG,2020-11-17T19:00Z,,,2020-11-17,7T19,,,,,,,,,,,,,
2020-10-28T13:42:00-CME-001,M2M_CATALOG,2020-10-28T13:42Z,,,2020-10-28,8T13,,,,,,,,,,,,,
2020-11-18T13:24:00-CME-001,M2M_CATALOG,2020-11-18T13:24Z,,,2020-11-18,8T13,,,,,,,,,,,,,
2020-11-18T13:36:00-CME-001,M2M_CATALOG,2020-11-18T13:36Z,,,2020-11-18,8T13,,,,,,,,,,,,,
2020-10-28T13:42:00-CME-001,M2M_CATALOG,2020-10-28T13:42Z,,,2020-10-28,8T13,,,,,,,,,,,,,
2020-11-18T13:24:00-CME-001,M2M_CATALOG,2020-11-18T13:24Z,,,2020-11-18,8T13,,,,,,,,,,,,,
2020-11-18T13:36:00-CME-001,M2M_CATALOG,2020-11-18T13:36Z,,,2020-11-18,8T13,,,,,,,,,,,,,
2020-11-18T21:48:00-CME-001,M2M_CATALOG,2020-11-18T21:48Z,S20E138,,2020-11-18,8T21,,,,,,,,,,,,,
2020-11-19T02:54:00-CME-001,M2M_CATALOG,2020-11-19T02:54Z,,,2020-11-19,9T02,,,,,,,,,,,,,
2020-11-19T03:12:00-CME-001,M2M_CATALOG,2020-11-19T03:12Z,N30E40,,2020-11-19,9T03,,,,,,,,,,,,,
2020-11-19T06:48:00-CME-001,M2M_CATALOG,2020-11-19T06:48Z,S23E49,,2020-11-19,9T06,,,,,,,,,,,,,
2020-11-19T15:12:00-CME-001,M2M_CATALOG,2020-11-19T15:12Z,,,2020-11-19,9T15,,,,,,,,,,,,,
2020-11-29T15:05:00-CME-001,M2M_CATALOG,2020-11-29T15:05Z,,12783.0,2020-11-29,9T15,,,,,,,,,,,,,
2020-11-20T19:51:00-CME-001,M2M_CATALOG,2020-11-20T19:51Z,,12783.0,2020-11-20,0T19,,,,,,,,,,,,,
2020-11-20T21:12:00-CME-001,M2M_CATALOG,2020-11-20T21:12Z,,,2020-11-20,0T21,,,,,,,,,,,,,
2020-11-11T19:36:00-CME-001,M2M_CATALOG,2020-11-11T19:36Z,S22E60,12782.0,2020-11-11,1T19,,,,,,,,,,,,,
2020-11-21T19:36:00-CME-001,M2M_CATALOG,2020-11-21T19:36Z,,,2020-11-21,1T19,,,,,,,,,,,,,
2020-12-11T19:09:00-CME-001,M2M_CATALOG,2020-12-11T19:09Z,,12791.0,2020-12-11,1T19,,,,,,,,,,,,,
2020-11-21T23:12:00-CME-001,M2M_CATALOG,2020-11-21T23:12Z,,,2020-11-21,1T23,,,,,,,,,,,,,
2020-11-22T01:36:00-CME-001,M2M_CATALOG,2020-11-22T01:36Z,,,2020-11-22,2T01,,,,,,,,,,,,,
2020-11-23T18:48:00-CME-001,M2M_CATALOG,2020-11-23T18:48Z,,,2020-11-23,3T18,,,,,,,,,,,,,
2020-11-24T04:36:00-CME-001,M2M_CATALOG,2020-11-24T04:36Z,S20E65,12785.0,2020-11-24,4T04,,,,,,,,,,,,,
2020-11-24T11:24:00-CME-001,M2M_CATALOG,2020-11-24T11:24Z,,,2020-11-24,4T11,,,,,,,,,,,,,
2020-12-04T11:09:00-CME-001,M2M_CATALOG,2020-12-04T11:09Z,,,2020-12-04,4T11,,,,,,,,,,,,,
2020-11-24T13:24:00-CME-001,M2M_CATALOG,2020-11-24T13:24Z,,,2020-11-24,4T13,,,,,,,,,,,,,
2020-11-26T08:24:00-CME-001,M2M_CATALOG,2020-11-26T08:24Z,,,2020-11-26,6T08,,,,,,,,,,,,,
2020-11-26T21:24:00-CME-001,M2M_CATALOG,2020-11-26T21:24Z,N32E90,12787.0,2020-11-26,6T21,,,,,,,,,,,,,
2020-11-27T05:48:00-CME-001,M2M_CATALOG,2020-11-27T05:48Z,,,2020-11-27,7T05,,,,,,,,,,,,,
2020-11-29T13:24:00-CME-001,M2M_CATALOG,2020-11-29T13:24Z,S23E97,,2020-11-29,9T13,,,,,,,,,,,,,
2020-11-19T15:12:00-CME-001,M2M_CATALOG,2020-11-19T15:12Z,,,2020-11-19,9T15,,,,,,,,,,,,,
2020-11-29T15:05:00-CME-001,M2M_CATALOG,2020-11-29T15:05Z,,12783.0,2020-11-29,9T15,,,,,,,,,,,,,
2020-11-30T07:09:00-CME-001,M2M_CATALOG,2020-11-30T07:09Z,,,2020-11-30,0T07,,,,,,,,,,,,,
2020-12-01T05:48:00-CME-001,M2M_CATALOG,2020-12-01T05:48Z,S25E80,12790.0,2020-12-01,1T05,,,,,,,,,,,,,
2020-12-01T07:12:00-CME-001,M2M_CATALOG,2020-12-01T07:12Z,N35E30,12787.0,2020-12-01,1T07,,,,,,,,,,,,,
2020-12-03T11:12:00-CME-001,M2M_CATALOG,2020-12-03T11:12Z,S30E137,,2020-12-03,3T11,,,,,,,,,,,,,
2020-12-04T02:48:00-CME-001,M2M_CATALOG,2020-12-04T02:48Z,,,2020-12-04,4T02,,,,,,,,,,,,,
2020-11-24T11:24:00-CME-001,M2M_CATALOG,2020-11-24T11:24Z,,,2020-11-24,4T11,,,,,,,,,,,,,
2020-12-04T11:09:00-CME-001,M2M_CATALOG,2020-12-04T11:09Z,,,2020-12-04,4T11,,,,,,,,,,,,,
2020-12-06T22:00:00-CME-001,M2M_CATALOG,2020-12-06T22:00Z,,,2020-12-06,6T22,,,,,,,,,,,,,
2020-12-07T16:24:00-CME-001,M2M_CATALOG,2020-12-07T16:24Z,S23W11,12790.0,2020-12-07,7T16,,,,,,,,,,,,,
2020-12-07T18:36:00-CME-001,M2M_CATALOG,2020-12-07T18:36Z,S40W30,,2020-12-07,7T18,,,,,,,,,,,,,
2020-10-31T00:12:00-CME-001,M2M_CATALOG,2020-10-31T00:12Z,,,2020-10-31,1T00,,,,,,,,,,,,,
2020-12-11T00:36:00-CME-001,M2M_CATALOG,2020-12-11T00:36Z,,,2020-12-11,1T00,,,,,,,,,,,,,
2020-11-11T19:36:00-CME-001,M2M_CATALOG,2020-11-11T19:36Z,S22E60,12782.0,2020-11-11,1T19,,,,,,,,,,,,,
2020-11-21T19:36:00-CME-001,M2M_CATALOG,2020-11-21T19:36Z,,,2020-11-21,1T19,,,,,,,,,,,,,
2020-12-11T19:09:00-CME-001,M2M_CATALOG,2020-12-11T19:09Z,,12791.0,2020-12-11,1T19,,,,,,,,,,,,,
2020-12-12T04:12:00-CME-001,M2M_CATALOG,2020-12-12T04:12Z,,,2020-12-12,2T04,,,,,,,,,,,,,
2020-12-13T09:24:00-CME-001,M2M_CATALOG,2020-12-13T09:24Z,,,2020-12-13,3T09,,,,,,,,,,,,,
2020-12-14T15:12:00-CME-001,M2M_CATALOG,2020-12-14T15:12Z,S22E44,12792.0,2020-12-14,4T15,,,,,,,,,,,,,
2020-12-14T21:12:00-CME-001,M2M_CATALOG,2020-12-14T21:12Z,N40E110,,2020-12-14,4T21,,,,,,,,,,,,,
2020-12-17T06:48:00-CME-001,M2M_CATALOG,2020-12-17T06:48Z,,,2020-12-17,7T06,,,,,,,,,,,,,
2020-12-27T00:48:00-CME-001,M2M_CATALOG,2020-12-27T00:48Z,,,2020-12-27,7T00,,,,,,,,,,,,,
2020-12-30T02:24:00-CME-001,M2M_CATALOG,2020-12-30T02:24Z,S20E08,12795.0,2020-12-30,0T02,,,,,,,,,,,,,
2020-10-10T04:24:00-CME-001,M2M_CATALOG,2020-10-10T04:24Z,,,2020-10-10,0T04,,,,,,,,,,,,,
2020-10-13T21:12:00-CME-001,M2M_CATALOG,2020-10-13T21:12Z,S23W37,12775.0,2020-10-13,3T21,,,,,,,,,,,,,
2020-10-14T03:24:00-CME-001,M2M_CATALOG,2020-10-14T03:24Z,,,2020-10-14,4T03,,,,,,,,,,,,,
2020-10-15T11:24:00-CME-001,M2M_CATALOG,2020-10-15T11:24Z,,,2020-10-15,5T11,,,,,,,,,,,,,
2020-10-15T16:36:00-CME-001,M2M_CATALOG,2020-10-15T16:36Z,,,2020-10-15,5T16,,,,,,,,,,,,,
2020-10-16T13:36:00-CME-001,M2M_CATALOG,2020-10-16T13:36Z,,12774.0,2020-10-16,6T13,,,,,,,,,,,,,
2020-10-16T16:03:00-CME-001,M2M_CATALOG,2020-10-16T16:03Z,S23W66,12775.0,2020-10-16,6T16,,,,,,,,,,,,,
2020-10-18T09:24:00-CME-001,M2M_CATALOG,2020-10-18T09:24Z,,,2020-10-18,8T09,,,,,,,,,,,,,
2020-10-22T13:09:00-CME-001,M2M_CATALOG,2020-10-22T13:09Z,,,2020-10-22,2T13,,,,,,,,,,,,,
2020-10-23T04:39:00-CME-001,M2M_CATALOG,2020-10-23T04:39Z,,,2020-10-23,3T04,,,,,,,,,,,,,
2020-10-23T22:35:00-CME-001,M2M_CATALOG,2020-10-23T22:35Z,,,2020-10-23,3T22,8434.0,6e477669-836b-4f9c-a768-c50c44a30adf,Amstel,Double Bastard Ale,Light Hybrid Beer,Cascade,1332 - Northwest Ale,Munich,49 IBU,4.0%,16.4°Blg,Paises Bajos,1870.0
2020-10-26T09:12:00-CME-001,M2M_CATALOG,2020-10-26T09:12Z,,,2020-10-26,6T09,,,,,,,,,,,,,
2020-10-26T18:09:00-CME-001,M2M_CATALOG,2020-10-26T18:09Z,,,2020-10-26,6T18,,,,,,,,,,,,,
2020-10-27T03:39:00-CME-001,M2M_CATALOG,2020-10-27T03:39Z,,,2020-10-27,7T03,,,,,,,,,,,,,
2020-10-28T13:42:00-CME-001,M2M_CATALOG,2020-10-28T13:42Z,,,2020-10-28,8T13,,,,,,,,,,,,,
2020-11-18T13:24:00-CME-001,M2M_CATALOG,2020-11-18T13:24Z,,,2020-11-18,8T13,,,,,,,,,,,,,
2020-11-18T13:36:00-CME-001,M2M_CATALOG,2020-11-18T13:36Z,,,2020-11-18,8T13,,,,,,,,,,,,,
2020-10-29T01:54:00-CME-001,M2M_CATALOG,2020-10-29T01:54Z,S19W28,12779.0,2020-10-29,9T01,,,,,,,,,,,,,
2020-10-31T00:12:00-CME-001,M2M_CATALOG,2020-10-31T00:12Z,,,2020-10-31,1T00,,,,,,,,,,,,,
2020-12-11T00:36:00-CME-001,M2M_CATALOG,2020-12-11T00:36Z,,,2020-12-11,1T00,,,,,,,,,,,,,
2020-11-01T20:00:00-CME-001,M2M_CATALOG,2020-11-01T20:00Z,,,2020-11-01,1T20,,,,,,,,,,,,,
2020-11-02T05:24:00-CME-001,M2M_CATALOG,2020-11-02T05:24Z,,,2020-11-02,2T05,,,,,,,,,,,,,
2020-11-07T13:24:00-CME-001,M2M_CATALOG,2020-11-07T13:24Z,N19W01,12780.0,2020-11-07,7T13,,,,,,,,,,,,,
2020-11-08T20:12:00-CME-001,M2M_CATALOG,2020-11-08T20:12Z,,,2020-11-08,8T20,,,,,,,,,,,,,
2020-11-11T19:36:00-CME-001,M2M_CATALOG,2020-11-11T19:36Z,S22E60,12782.0,2020-11-11,1T19,,,,,,,,,,,,,
2020-11-21T19:36:00-CME-001,M2M_CATALOG,2020-11-21T19:36Z,,,2020-11-21,1T19,,,,,,,,,,,,,
2020-12-11T19:09:00-CME-001,M2M_CATALOG,2020-12-11T19:09Z,,12791.0,2020-12-11,1T19,,,,,,,,,,,,,
2020-11-12T02:24:00-CME-001,M2M_CATALOG,2020-11-12T02:24Z,,,2020-11-12,2T02,,,,,,,,,,,,,
2020-11-13T12:24:00-CME-001,M2M_CATALOG,2020-11-13T12:24Z,,,2020-11-13,3T12,,,,,,,,,,,,,
2020-11-17T08:36:00-CME-001,M2M_CATALOG,2020-11-17T08:36Z,,,2020-11-17,7T08,,,,,,,,,,,,,
2020-11-17T19:00:00-CME-001,M2M_CATALOG,2020-11-17T19:00Z,,,2020-11-17,7T19,,,,,,,,,,,,,
2020-10-28T13:42:00-CME-001,M2M_CATALOG,2020-10-28T13:42Z,,,2020-10-28,8T13,,,,,,,,,,,,,
2020-11-18T13:24:00-CME-001,M2M_CATALOG,2020-11-18T13:24Z,,,2020-11-18,8T13,,,,,,,,,,,,,
2020-11-18T13:36:00-CME-001,M2M_CATALOG,2020-11-18T13:36Z,,,2020-11-18,8T13,,,,,,,,,,,,,
2020-10-28T13:42:00-CME-001,M2M_CATALOG,2020-10-28T13:42Z,,,2020-10-28,8T13,,,,,,,,,,,,,
2020-11-18T13:24:00-CME-001,M2M_CATALOG,2020-11-18T13:24Z,,,2020-11-18,8T13,,,,,,,,,,,,,
2020-11-18T13:36:00-CME-001,M2M_CATALOG,2020-11-18T13:36Z,,,2020-11-18,8T13,,,,,,,,,,,,,
2020-11-18T21:48:00-CME-001,M2M_CATALOG,2020-11-18T21:48Z,S20E138,,2020-11-18,8T21,,,,,,,,,,,,,
2020-11-19T02:54:00-CME-001,M2M_CATALOG,2020-11-19T02:54Z,,,2020-11-19,9T02,,,,,,,,,,,,,
2020-11-19T03:12:00-CME-001,M2M_CATALOG,2020-11-19T03:12Z,N30E40,,2020-11-19,9T03,,,,,,,,,,,,,
2020-11-19T06:48:00-CME-001,M2M_CATALOG,2020-11-19T06:48Z,S23E49,,2020-11-19,9T06,,,,,,,,,,,,,
2020-11-19T15:12:00-CME-001,M2M_CATALOG,2020-11-19T15:12Z,,,2020-11-19,9T15,,,,,,,,,,,,,
2020-11-29T15:05:00-CME-001,M2M_CATALOG,2020-11-29T15:05Z,,12783.0,2020-11-29,9T15,,,,,,,,,,,,,
2020-11-20T19:51:00-CME-001,M2M_CATALOG,2020-11-20T19:51Z,,12783.0,2020-11-20,0T19,,,,,,,,,,,,,
2020-10-10T04:24:00-CME-001,M2M_CATALOG,2020-10-10T04:24Z,,,2020-10-10,0T04,,,,,,,,,,,,,
2020-10-13T21:12:00-CME-001,M2M_CATALOG,2020-10-13T21:12Z,S23W37,12775.0,2020-10-13,3T21,,,,,,,,,,,,,
2020-10-14T03:24:00-CME-001,M2M_CATALOG,2020-10-14T03:24Z,,,2020-10-14,4T03,,,,,,,,,,,,,
2020-10-15T11:24:00-CME-001,M2M_CATALOG,2020-10-15T11:24Z,,,2020-10-15,5T11,,,,,,,,,,,,,
2020-10-15T16:36:00-CME-001,M2M_CATALOG,2020-10-15T16:36Z,,,2020-10-15,5T16,,,,,,,,,,,,,
2020-10-16T13:36:00-CME-001,M2M_CATALOG,2020-10-16T13:36Z,,12774.0,2020-10-16,6T13,,,,,,,,,,,,,
2020-10-16T16:03:00-CME-001,M2M_CATALOG,2020-10-16T16:03Z,S23W66,12775.0,2020-10-16,6T16,,,,,,,,,,,,,
2020-10-18T09:24:00-CME-001,M2M_CATALOG,2020-10-18T09:24Z,,,2020-10-18,8T09,,,,,,,,,,,,,
2020-10-22T13:09:00-CME-001,M2M_CATALOG,2020-10-22T13:09Z,,,2020-10-22,2T13,,,,,,,,,,,,,
2020-10-23T04:39:00-CME-001,M2M_CATALOG,2020-10-23T04:39Z,,,2020-10-23,3T04,,,,,,,,,,,,,
2020-10-23T22:35:00-CME-001,M2M_CATALOG,2020-10-23T22:35Z,,,2020-10-23,3T22,,,,,,,,,,,,,
2020-10-26T09:12:00-CME-001,M2M_CATALOG,2020-10-26T09:12Z,,,2020-10-26,6T09,,,,,,,,,,,,,
2020-10-26T18:09:00-CME-001,M2M_CATALOG,2020-10-26T18:09Z,,,2020-10-26,6T18,,,,,,,,,,,,,
2020-10-27T03:39:00-CME-001,M2M_CATALOG,2020-10-27T03:39Z,,,2020-10-27,7T03,,,,,,,,,,,,,
2020-10-28T13:42:00-CME-001,M2M_CATALOG,2020-10-28T13:42Z,,,2020-10-28,8T13,,,,,,,,,,,,,
2020-11-18T13:24:00-CME-001,M2M_CATALOG,2020-11-18T13:24Z,,,2020-11-18,8T13,,,,,,,,,,,,,
2020-11-18T13:36:00-CME-001,M2M_CATALOG,2020-11-18T13:36Z,,,2020-11-18,8T13,,,,,,,,,,,,,
2020-10-29T01:54:00-CME-001,M2M_CATALOG,2020-10-29T01:54Z,S19W28,12779.0,2020-10-29,9T01,,,,,,,,,,,,,
2020-10-31T00:12:00-CME-001,M2M_CATALOG,2020-10-31T00:12Z,,,2020-10-31,1T00,,,,,,,,,,,,,
2020-12-11T00:36:00-CME-001,M2M_CATALOG,2020-12-11T00:36Z,,,2020-12-11,1T00,,,,,,,,,,,,,
2020-11-01T20:00:00-CME-001,M2M_CATALOG,2020-11-01T20:00Z,,,2020-11-01,1T20,,,,,,,,,,,,,
2020-11-02T05:24:00-CME-001,M2M_CATALOG,2020-11-02T05:24Z,,,2020-11-02,2T05,,,,,,,,,,,,,
2020-11-07T13:24:00-CME-001,M2M_CATALOG,2020-11-07T13:24Z,N19W01,12780.0,2020-11-07,7T13,,,,,,,,,,,,,
2020-11-08T20:12:00-CME-001,M2M_CATALOG,2020-11-08T20:12Z,,,2020-11-08,8T20,,,,,,,,,,,,,
2020-11-11T19:36:00-CME-001,M2M_CATALOG,2020-11-11T19:36Z,S22E60,12782.0,2020-11-11,1T19,,,,,,,,,,,,,
2020-11-21T19:36:00-CME-001,M2M_CATALOG,2020-11-21T19:36Z,,,2020-11-21,1T19,,,,,,,,,,,,,
2020-12-11T19:09:00-CME-001,M2M_CATALOG,2020-12-11T19:09Z,,12791.0,2020-12-11,1T19,,,,,,,,,,,,,
2020-11-12T02:24:00-CME-001,M2M_CATALOG,2020-11-12T02:24Z,,,2020-11-12,2T02,,,,,,,,,,,,,
2020-11-13T12:24:00-CME-001,M2M_CATALOG,2020-11-13T12:24Z,,,2020-11-13,3T12,,,,,,,,,,,,,
2020-11-17T08:36:00-CME-001,M2M_CATALOG,2020-11-17T08:36Z,,,2020-11-17,7T08,,,,,,,,,,,,,
2020-11-17T19:00:00-CME-001,M2M_CATALOG,2020-11-17T19:00Z,,,2020-11-17,7T19,,,,,,,,,,,,,
2020-10-28T13:42:00-CME-001,M2M_CATALOG,2020-10-28T13:42Z,,,2020-10-28,8T13,,,,,,,,,,,,,
2020-11-18T13:24:00-CME-001,M2M_CATALOG,2020-11-18T13:24Z,,,2020-11-18,8T13,,,,,,,,,,,,,
2020-11-18T13:36:00-CME-001,M2M_CATALOG,2020-11-18T13:36Z,,,2020-11-18,8T13,,,,,,,,,,,,,
2020-10-28T13:42:00-CME-001,M2M_CATALOG,2020-10-28T13:42Z,,,2020-10-28,8T13,,,,,,,,,,,,,
2020-11-18T13:24:00-CME-001,M2M_CATALOG,2020-11-18T13:24Z,,,2020-11-18,8T13,,,,,,,,,,,,,
2020-11-18T13:36:00-CME-001,M2M_CATALOG,2020-11-18T13:36Z,,,2020-11-18,8T13,,,,,,,,,,,,,
2020-11-18T21:48:00-CME-001,M2M_CATALOG,2020-11-18T21:48Z,S20E138,,2020-11-18,8T21,,,,,,,,,,,,,
2020-11-19T02:54:00-CME-001,M2M_CATALOG,2020-11-19T02:54Z,,,2020-11-19,9T02,,,,,,,,,,,,,
2020-11-19T03:12:00-CME-001,M2M_CATALOG,2020-11-19T03:12Z,N30E40,,2020-11-19,9T03,,,,,,,,,,,,,
2020-11-19T06:48:00-CME-001,M2M_CATALOG,2020-11-19T06:48Z,S23E49,,2020-11-19,9T06,,,,,,,,,,,,,
2020-11-19T15:12:00-CME-001,M2M_CATALOG,2020-11-19T15:12Z,,,2020-11-19,9T15,,,,,,,,,,,,,
2020-11-29T15:05:00-CME-001,M2M_CATALOG,2020-11-29T15:05Z,,12783.0,2020-11-29,9T15,,,,,,,,,,,,,
2020-11-20T19:51:00-CME-001,M2M_CATALOG,2020-11-20T19:51Z,,12783.0,2020-11-20,0T19,,,,,,,,,,,,,
2020-11-20T21:12:00-CME-001,M2M_CATALOG,2020-11-20T21:12Z,,,2020-11-20,0T21,,,,,,,,,,,,,
2020-11-11T19:36:00-CME-001,M2M_CATALOG,2020-11-11T19:36Z,S22E60,12782.0,2020-11-11,1T19,,,,,,,,,,,,,
2020-11-21T19:36:00-CME-001,M2M_CATALOG,2020-11-21T19:36Z,,,2020-11-21,1T19,,,,,,,,,,,,,
2020-12-11T19:09:00-CME-001,M2M_CATALOG,2020-12-11T19:09Z,,12791.0,2020-12-11,1T19,,,,,,,,,,,,,
2020-11-21T23:12:00-CME-001,M2M_CATALOG,2020-11-21T23:12Z,,,2020-11-21,1T23,,,,,,,,,,,,,
2020-11-22T01:36:00-CME-001,M2M_CATALOG,2020-11-22T01:36Z,,,2020-11-22,2T01,,,,,,,,,,,,,
2020-11-23T18:48:00-CME-001,M2M_CATALOG,2020-11-23T18:48Z,,,2020-11-23,3T18,,,,,,,,,,,,,
2020-11-24T04:36:00-CME-001,M2M_CATALOG,2020-11-24T04:36Z,S20E65,12785.0,2020-11-24,4T04,,,,,,,,,,,,,
2020-11-24T11:24:00-CME-001,M2M_CATALOG,2020-11-24T11:24Z,,,2020-11-24,4T11,,,,,,,,,,,,,
2020-12-04T11:09:00-CME-001,M2M_CATALOG,2020-12-04T11:09Z,,,2020-12-04,4T11,,,,,,,,,,,,,
2020-11-24T13:24:00-CME-001,M2M_CATALOG,2020-11-24T13:24Z,,,2020-11-24,4T13,,,,,,,,,,,,,
2020-11-26T08:24:00-CME-001,M2M_CATALOG,2020-11-26T08:24Z,,,2020-11-26,6T08,,,,,,,,,,,,,
2020-11-26T21:24:00-CME-001,M2M_CATALOG,2020-11-26T21:24Z,N32E90,12787.0,2020-11-26,6T21,,,,,,,,,,,,,
2020-11-27T05:48:00-CME-001,M2M_CATALOG,2020-11-27T05:48Z,,,2020-11-27,7T05,,,,,,,,,,,,,
2020-11-29T13:24:00-CME-001,M2M_CATALOG,2020-11-29T13:24Z,S23E97,,2020-11-29,9T13,,,,,,,,,,,,,
2020-11-19T15:12:00-CME-001,M2M_CATALOG,2020-11-19T15:12Z,,,2020-11-19,9T15,,,,,,,,,,,,,
2020-11-29T15:05:00-CME-001,M2M_CATALOG,2020-11-29T15:05Z,,12783.0,2020-11-29,9T15,,,,,,,,,,,,,
2020-11-30T07:09:00-CME-001,M2M_CATALOG,2020-11-30T07:09Z,,,2020-11-30,0T07,,,,,,,,,,,,,
2020-12-01T05:48:00-CME-001,M2M_CATALOG,2020-12-01T05:48Z,S25E80,12790.0,2020-12-01,1T05,,,,,,,,,,,,,
2020-12-01T07:12:00-CME-001,M2M_CATALOG,2020-12-01T07:12Z,N35E30,12787.0,2020-12-01,1T07,,,,,,,,,,,,,
2020-12-03T11:12:00-CME-001,M2M_CATALOG,2020-12-03T11:12Z,S30E137,,2020-12-03,3T11,,,,,,,,,,,,,
2020-12-04T02:48:00-CME-001,M2M_CATALOG,2020-12-04T02:48Z,,,2020-12-04,4T02,,,,,,,,,,,,,
2020-11-24T11:24:00-CME-001,M2M_CATALOG,2020-11-24T11:24Z,,,2020-11-24,4T11,,,,,,,,,,,,,
2020-12-04T11:09:00-CME-001,M2M_CATALOG,2020-12-04T11:09Z,,,2020-12-04,4T11,,,,,,,,,,,,,
2020-12-06T22:00:00-CME-001,M2M_CATALOG,2020-12-06T22:00Z,,,2020-12-06,6T22,,,,,,,,,,,,,
2020-12-07T16:24:00-CME-001,M2M_CATALOG,2020-12-07T16:24Z,S23W11,12790.0,2020-12-07,7T16,,,,,,,,,,,,,
2020-12-07T18:36:00-CME-001,M2M_CATALOG,2020-12-07T18:36Z,S40W30,,2020-12-07,7T18,,,,,,,,,,,,,
2020-10-31T00:12:00-CME-001,M2M_CATALOG,2020-10-31T00:12Z,,,2020-10-31,1T00,,,,,,,,,,,,,
2020-12-11T00:36:00-CME-001,M2M_CATALOG,2020-12-11T00:36Z,,,2020-12-11,1T00,,,,,,,,,,,,,
2020-11-11T19:36:00-CME-001,M2M_CATALOG,2020-11-11T19:36Z,S22E60,12782.0,2020-11-11,1T19,,,,,,,,,,,,,
2020-11-21T19:36:00-CME-001,M2M_CATALOG,2020-11-21T19:36Z,,,2020-11-21,1T19,,,,,,,,,,,,,
2020-12-11T19:09:00-CME-001,M2M_CATALOG,2020-12-11T19:09Z,,12791.0,2020-12-11,1T19,,,,,,,,,,,,,
2020-12-12T04:12:00-CME-001,M2M_CATALOG,2020-12-12T04:12Z,,,2020-12-12,2T04,,,,,,,,,,,,,
2020-12-13T09:24:00-CME-001,M2M_CATALOG,2020-12-13T09:24Z,,,2020-12-13,3T09,,,,,,,,,,,,,
2020-12-14T15:12:00-CME-001,M2M_CATALOG,2020-12-14T15:12Z,S22E44,12792.0,2020-12-14,4T15,,,,,,,,,,,,,
2020-12-14T21:12:00-CME-001,M2M_CATALOG,2020-12-14T21:12Z,N40E110,,2020-12-14,4T21,,,,,,,,,,,,,
2020-12-17T06:48:00-CME-001,M2M_CATALOG,2020-12-17T06:48Z,,,2020-12-17,7T06,,,,,,,,,,,,,
2020-12-27T00:48:00-CME-001,M2M_CATALOG,2020-12-27T00:48Z,,,2020-12-27,7T00,,,,,,,,,,,,,
2020-12-30T02:24:00-CME-001,M2M_CATALOG,2020-12-30T02:24Z,S20E08,12795.0,2020-12-30,0T02,,,,,,,,,,,,,
2020-10-10T04:24:00-CME-001,M2M_CATALOG,2020-10-10T04:24Z,,,2020-10-10,0T04,,,,,,,,,,,,,
2020-10-13T21:12:00-CME-001,M2M_CATALOG,2020-10-13T21:12Z,S23W37,12775.0,2020-10-13,3T21,,,,,,,,,,,,,
2020-10-14T03:24:00-CME-001,M2M_CATALOG,2020-10-14T03:24Z,,,2020-10-14,4T03,,,,,,,,,,,,,
2020-10-15T11:24:00-CME-001,M2M_CATALOG,2020-10-15T11:24Z,,,2020-10-15,5T11,,,,,,,,,,,,,
2020-10-15T16:36:00-CME-001,M2M_CATALOG,2020-10-15T16:36Z,,,2020-10-15,5T16,,,,,,,,,,,,,
2020-10-16T13:36:00-CME-001,M2M_CATALOG,2020-10-16T13:36Z,,12774.0,2020-10-16,6T13,,,,,,,,,,,,,
2020-10-16T16:03:00-CME-001,M2M_CATALOG,2020-10-16T16:03Z,S23W66,12775.0,2020-10-16,6T16,,,,,,,,,,,,,
2020-10-18T09:24:00-CME-001,M2M_CATALOG,2020-10-18T09:24Z,,,2020-10-18,8T09,,,,,,,,,,,,,
2020-10-22T13:09:00-CME-001,M2M_CATALOG,2020-10-22T13:09Z,,,2020-10-22,2T13,,,,,,,,,,,,,
2020-10-23T04:39:00-CME-001,M2M_CATALOG,2020-10-23T04:39Z,,,2020-10-23,3T04,,,,,,,,,,,,,
2020-10-23T22:35:00-CME-001,M2M_CATALOG,2020-10-23T22:35Z,,,2020-10-23,3T22,,,,,,,,,,,,,
2020-10-26T09:12:00-CME-001,M2M_CATALOG,2020-10-26T09:12Z,,,2020-10-26,6T09,,,,,,,,,,,,,
2020-10-26T18:09:00-CME-001,M2M_CATALOG,2020-10-26T18:09Z,,,2020-10-26,6T18,,,,,,,,,,,,,
2020-10-27T03:39:00-CME-001,M2M_CATALOG,2020-10-27T03:39Z,,,2020-10-27,7T03,,,,,,,,,,,,,
2020-10-28T13:42:00-CME-001,M2M_CATALOG,2020-10-28T13:42Z,,,2020-10-28,8T13,,,,,,,,,,,,,
2020-11-18T13:24:00-CME-001,M2M_CATALOG,2020-11-18T13:24Z,,,2020-11-18,8T13,,,,,,,,,,,,,
2020-11-18T13:36:00-CME-001,M2M_CATALOG,2020-11-18T13:36Z,,,2020-11-18,8T13,,,,,,,,,,,,,
2020-10-29T01:54:00-CME-001,M2M_CATALOG,2020-10-29T01:54Z,S19W28,12779.0,2020-10-29,9T01,,,,,,,,,,,,,
2020-10-31T00:12:00-CME-001,M2M_CATALOG,2020-10-31T00:12Z,,,2020-10-31,1T00,,,,,,,,,,,,,
2020-12-11T00:36:00-CME-001,M2M_CATALOG,2020-12-11T00:36Z,,,2020-12-11,1T00,,,,,,,,,,,,,
2020-11-01T20:00:00-CME-001,M2M_CATALOG,2020-11-01T20:00Z,,,2020-11-01,1T20,,,,,,,,,,,,,
2020-11-02T05:24:00-CME-001,M2M_CATALOG,2020-11-02T05:24Z,,,2020-11-02,2T05,,,,,,,,,,,,,
2020-11-07T13:24:00-CME-001,M2M_CATALOG,2020-11-07T13:24Z,N19W01,12780.0,2020-11-07,7T13,,,,,,,,,,,,,
2020-11-08T20:12:00-CME-001,M2M_CATALOG,2020-11-08T20:12Z,,,2020-11-08,8T20,,,,,,,,,,,,,
2020-11-11T19:36:00-CME-001,M2M_CATALOG,2020-11-11T19:36Z,S22E60,12782.0,2020-11-11,1T19,,,,,,,,,,,,,
2020-11-21T19:36:00-CME-001,M2M_CATALOG,2020-11-21T19:36Z,,,2020-11-21,1T19,,,,,,,,,,,,,
2020-12-11T19:09:00-CME-001,M2M_CATALOG,2020-12-11T19:09Z,,12791.0,2020-12-11,1T19,,,,,,,,,,,,,
2020-11-12T02:24:00-CME-001,M2M_CATALOG,2020-11-12T02:24Z,,,2020-11-12,2T02,,,,,,,,,,,,,
2020-11-13T12:24:00-CME-001,M2M_CATALOG,2020-11-13T12:24Z,,,2020-11-13,3T12,,,,,,,,,,,,,
2020-11-17T08:36:00-CME-001,M2M_CATALOG,2020-11-17T08:36Z,,,2020-11-17,7T08,,,,,,,,,,,,,
2020-11-17T19:00:00-CME-001,M2M_CATALOG,2020-11-17T19:00Z,,,2020-11-17,7T19,,,,,,,,,,,,,
2020-10-28T13:42:00-CME-001,M2M_CATALOG,2020-10-28T13:42Z,,,2020-10-28,8T13,,,,,,,,,,,,,
2020-11-18T13:24:00-CME-001,M2M_CATALOG,2020-11-18T13:24Z,,,2020-11-18,8T13,,,,,,,,,,,,,
2020-11-18T13:36:00-CME-001,M2M_CATALOG,2020-11-18T13:36Z,,,2020-11-18,8T13,,,,,,,,,,,,,
2020-10-28T13:42:00-CME-001,M2M_CATALOG,2020-10-28T13:42Z,,,2020-10-28,8T13,,,,,,,,,,,,,
2020-11-18T13:24:00-CME-001,M2M_CATALOG,2020-11-18T13:24Z,,,2020-11-18,8T13,,,,,,,,,,,,,
2020-11-18T13:36:00-CME-001,M2M_CATALOG,2020-11-18T13:36Z,,,2020-11-18,8T13,,,,,,,,,,,,,
2020-11-18T21:48:00-CME-001,M2M_CATALOG,2020-11-18T21:48Z,S20E138,,2020-11-18,8T21,,,,,,,,,,,,,
2020-11-19T02:54:00-CME-001,M2M_CATALOG,2020-11-19T02:54Z,,,2020-11-19,9T02,,,,,,,,,,,,,
2020-11-19T03:12:00-CME-001,M2M_CATALOG,2020-11-19T03:12Z,N30E40,,2020-11-19,9T03,,,,,,,,,,,,,
2020-11-19T06:48:00-CME-001,M2M_CATALOG,2020-11-19T06:48Z,S23E49,,2020-11-19,9T06,,,,,,,,,,,,,
2020-11-19T15:12:00-CME-001,M2M_CATALOG,2020-11-19T15:12Z,,,2020-11-19,9T15,,,,,,,,,,,,,
2020-11-29T15:05:00-CME-001,M2M_CATALOG,2020-11-29T15:05Z,,12783.0,2020-11-29,9T15,,,,,,,,,,,,,
2020-10-10T04:24:00-CME-001,M2M_CATALOG,2020-10-10T04:24Z,,,2020-10-10,0T04,,,,,,,,,,,,,
2020-10-13T21:12:00-CME-001,M2M_CATALOG,2020-10-13T21:12Z,S23W37,12775.0,2020-10-13,3T21,,,,,,,,,,,,,
2020-10-14T03:24:00-CME-001,M2M_CATALOG,2020-10-14T03:24Z,,,2020-10-14,4T03,,,,,,,,,,,,,
2020-10-15T11:24:00-CME-001,M2M_CATALOG,2020-10-15T11:24Z,,,2020-10-15,5T11,,,,,,,,,,,,,
2020-10-15T16:36:00-CME-001,M2M_CATALOG,2020-10-15T16:36Z,,,2020-10-15,5T16,,,,,,,,,,,,,
2020-10-16T13:36:00-CME-001,M2M_CATALOG,2020-10-16T13:36Z,,12774.0,2020-10-16,6T13,,,,,,,,,,,,,
2020-10-16T16:03:00-CME-001,M2M_CATALOG,2020-10-16T16:03Z,S23W66,12775.0,2020-10-16,6T16,,,,,,,,,,,,,
2020-10-18T09:24:00-CME-001,M2M_CATALOG,2020-10-18T09:24Z,,,2020-10-18,8T09,,,,,,,,,,,,,
2020-10-22T13:09:00-CME-001,M2M_CATALOG,2020-10-22T13:09Z,,,2020-10-22,2T13,,,,,,,,,,,,,
2020-11-02T05:24:00-CME-001,M2M_CATALOG,2020-11-02T05:24Z,,,2020-11-02,2T05,,,,,,,,,,,,,
2020-11-07T13:24:00-CME-001,M2M_CATALOG,2020-11-07T13:24Z,N19W01,12780.0,2020-11-07,7T13,,,,,,,,,,,,,
2020-11-08T20:12:00-CME-001,M2M_CATALOG,2020-11-08T20:12Z,,,2020-11-08,8T20,,,,,,,,,,,,,
2020-11-11T19:36:00-CME-001,M2M_CATALOG,2020-11-11T19:36Z,S22E60,12782.0,2020-11-11,1T19,,,,,,,,,,,,,
2020-11-21T19:36:00-CME-001,M2M_CATALOG,2020-11-21T19:36Z,,,2020-11-21,1T19,,,,,,,,,,,,,
2020-12-11T19:09:00-CME-001,M2M_CATALOG,2020-12-11T19:09Z,,12791.0,2020-12-11,1T19,,,,,,,,,,,,,
2020-11-12T02:24:00-CME-001,M2M_CATALOG,2020-11-12T02:24Z,,,2020-11-12,2T02,,,,,,,,,,,,,
2020-11-13T12:24:00-CME-001,M2M_CATALOG,2020-11-13T12:24Z,,,2020-11-13,3T12,,,,,,,,,,,,,
2020-11-17T08:36:00-CME-001,M2M_CATALOG,2020-11-17T08:36Z,,,2020-11-17,7T08,,,,,,,,,,,,,
2020-11-17T19:00:00-CME-001,M2M_CATALOG,2020-11-17T19:00Z,,,2020-11-17,7T19,,,,,,,,,,,,,
2020-11-18T21:48:00-CME-001,M2M_CATALOG,2020-11-18T21:48Z,S20E138,,2020-11-18,8T21,,,,,,,,,,,,,
2020-11-19T02:54:00-CME-001,M2M_CATALOG,2020-11-19T02:54Z,,,2020-11-19,9T02,,,,,,,,,,,,,
2020-11-27T05:48:00-CME-001,M2M_CATALOG,2020-11-27T05:48Z,,,2020-11-27,7T05,,,,,,,,,,,,,
2020-11-29T13:24:00-CME-001,M2M_CATALOG,2020-11-29T13:24Z,S23E97,,2020-11-29,9T13,,,,,,,,,,,,,
2020-11-30T07:09:00-CME-001,M2M_CATALOG,2020-11-30T07:09Z,,,2020-11-30,0T07,,,,,,,,,,,,,
2020-12-01T05:48:00-CME-001,M2M_CATALOG,2020-12-01T05:48Z,S25E80,12790.0,2020-12-01,1T05,,,,,,,,,,,,,
2020-12-01T07:12:00-CME-001,M2M_CATALOG,2020-12-01T07:12Z,N35E30,12787.0,2020-12-01,1T07,,,,,,,,,,,,,
2020-12-03T11:12:00-CME-001,M2M_CATALOG,2020-12-03T11:12Z,S30E137,,2020-12-03,3T11,,,,,,,,,,,,,
2020-12-04T02:48:00-CME-001,M2M_CATALOG,2020-12-04T02:48Z,,,2020-12-04,4T02,,,,,,,,,,,,,
2020-12-06T22:00:00-CME-001,M2M_CATALOG,2020-12-06T22:00Z,,,2020-12-06,6T22,,,,,,,,,,,,,
2020-12-07T16:24:00-CME-001,M2M_CATALOG,2020-12-07T16:24Z,S23W11,12790.0,2020-12-07,7T16,,,,,,,,,,,,,
2020-12-07T18:36:00-CME-001,M2M_CATALOG,2020-12-07T18:36Z,S40W30,,2020-12-07,7T18,,,,,,,,,,,,,
2020-12-17T06:48:00-CME-001,M2M_CATALOG,2020-12-17T06:48Z,,,2020-12-17,7T06,,,,,,,,,,,,,
2020-12-27T00:48:00-CME-001,M2M_CATALOG,2020-12-27T00:48Z,,,2020-12-27,7T00,,,,,,,,,,,,,
2020-12-30T02:24:00-CME-001,M2M_CATALOG,2020-12-30T02:24Z,S20E08,12795.0,2020-12-30,0T02,,,,,,,,,,,,,
2020-10-10T04:24:00-CME-001,M2M_CATALOG,2020-10-10T04:24Z,,,2020-10-10,0T04,,,,,,,,,,,,,
2020-10-13T21:12:00-CME-001,M2M_CATALOG,2020-10-13T21:12Z,S23W37,12775.0,2020-10-13,3T21,,,,,,,,,,,,,
2020-10-14T03:24:00-CME-001,M2M_CATALOG,2020-10-14T03:24Z,,,2020-10-14,4T03,,,,,,,,,,,,,
2020-10-15T11:24:00-CME-001,M2M_CATALOG,2020-10-15T11:24Z,,,2020-10-15,5T11,,,,,,,,,,,,,
2020-10-15T16:36:00-CME-001,M2M_CATALOG,2020-10-15T16:36Z,,,2020-10-15,5T16,,,,,,,,,,,,,
2020-10-16T13:36:00-CME-001,M2M_CATALOG,2020-10-16T13:36Z,,12774.0,2020-10-16,6T13,,,,,,,,,,,,,
2020-10-16T16:03:00-CME-001,M2M_CATALOG,2020-10-16T16:03Z,S23W66,12775.0,2020-10-16,6T16,,,,,,,,,,,,,
2020-10-18T09:24:00-CME-001,M2M_CATALOG,2020-10-18T09:24Z,,,2020-10-18,8T09,,,,,,,,,,,,,
2020-10-22T13:09:00-CME-001,M2M_CATALOG,2020-10-22T13:09Z,,,2020-10-22,2T13,,,,,,,,,,,,,
2020-11-02T05:24:00-CME-001,M2M_CATALOG,2020-11-02T05:24Z,,,2020-11-02,2T05,,,,,,,,,,,,,
2020-11-07T13:24:00-CME-001,M2M_CATALOG,2020-11-07T13:24Z,N19W01,12780.0,2020-11-07,7T13,,,,,,,,,,,,,
2020-11-08T20:12:00-CME-001,M2M_CATALOG,2020-11-08T20:12Z,,,2020-11-08,8T20,,,,,,,,,,,,,
2020-11-11T19:36:00-CME-001,M2M_CATALOG,2020-11-11T19:36Z,S22E60,12782.0,2020-11-11,1T19,,,,,,,,,,,,,
2020-11-21T19:36:00-CME-001,M2M_CATALOG,2020-11-21T19:36Z,,,2020-11-21,1T19,,,,,,,,,,,,,
2020-12-11T19:09:00-CME-001,M2M_CATALOG,2020-12-11T19:09Z,,12791.0,2020-12-11,1T19,,,,,,,,,,,,,
2020-11-12T02:24:00-CME-001,M2M_CATALOG,2020-11-12T02:24Z,,,2020-11-12,2T02,,,,,,,,,,,,,
2020-11-13T12:24:00-CME-001,M2M_CATALOG,2020-11-13T12:24Z,,,2020-11-13,3T12,,,,,,,,,,,,,
2020-11-17T08:36:00-CME-001,M2M_CATALOG,2020-11-17T08:36Z,,,2020-11-17,7T08,,,,,,,,,,,,,
2020-11-17T19:00:00-CME-001,M2M_CATALOG,2020-11-17T19:00Z,,,2020-11-17,7T19,,,,,,,,,,,,,
2020-11-18T21:48:00-CME-001,M2M_CATALOG,2020-11-18T21:48Z,S20E138,,2020-11-18,8T21,,,,,,,,,,,,,
2020-11-19T02:54:00-CME-001,M2M_CATALOG,2020-11-19T02:54Z,,,2020-11-19,9T02,,,,,,,,,,,,,
2020-11-27T05:48:00-CME-001,M2M_CATALOG,2020-11-27T05:48Z,,,2020-11-27,7T05,,,,,,,,,,,,,
2020-11-29T13:24:00-CME-001,M2M_CATALOG,2020-11-29T13:24Z,S23E97,,2020-11-29,9T13,,,,,,,,,,,,,
2020-11-30T07:09:00-CME-001,M2M_CATALOG,2020-11-30T07:09Z,,,2020-11-30,0T07,,,,,,,,,,,,,
2020-12-01T05:48:00-CME-001,M2M_CATALOG,2020-12-01T05:48Z,S25E80,12790.0,2020-12-01,1T05,,,,,,,,,,,,,
2020-12-01T07:12:00-CME-001,M2M_CATALOG,2020-12-01T07:12Z,N35E30,12787.0,2020-12-01,1T07,,,,,,,,,,,,,
2020-12-03T11:12:00-CME-001,M2M_CATALOG,2020-12-03T11:12Z,S30E137,,2020-12-03,3T11,,,,,,,,,,,,,
2020-12-04T02:48:00-CME-001,M2M_CATALOG,2020-12-04T02:48Z,,,2020-12-04,4T02,,,,,,,,,,,,,
2020-12-06T22:00:00-CME-001,M2M_CATALOG,2020-12-06T22:00Z,,,2020-12-06,6T22,,,,,,,,,,,,,
2020-12-07T16:24:00-CME-001,M2M_CATALOG,2020-12-07T16:24Z,S23W11,12790.0,2020-12-07,7T16,,,,,,,,,,,,,
2020-12-07T18:36:00-CME-001,M2M_CATALOG,2020-12-07T18:36Z,S40W30,,2020-12-07,7T18,,,,,,,,,,,,,
2020-12-17T06:48:00-CME-001,M2M_CATALOG,2020-12-17T06:48Z,,,2020-12-17,7T06,,,,,,,,,,,,,
2020-12-27T00:48:00-CME-001,M2M_CATALOG,2020-12-27T00:48Z,,,2020-12-27,7T00,,,,,,,,,,,,,
2020-12-30T02:24:00-CME-001,M2M_CATALOG,2020-12-30T02:24Z,S20E08,12795.0,2020-12-30,0T02,,,,,,,,,,,,,
2020-10-10T04:24:00-CME-001,M2M_CATALOG,2020-10-10T04:24Z,,,2020-10-10,0T04,,,,,,,,,,,,,
2020-10-13T21:12:00-CME-001,M2M_CATALOG,2020-10-13T21:12Z,S23W37,12775.0,2020-10-13,3T21,,,,,,,,,,,,,
2020-10-14T03:24:00-CME-001,M2M_CATALOG,2020-10-14T03:24Z,,,2020-10-14,4T03,,,,,,,,,,,,,
2020-10-15T11:24:00-CME-001,M2M_CATALOG,2020-10-15T11:24Z,,,2020-10-15,5T11,,,,,,,,,,,,,
2020-10-15T16:36:00-CME-001,M2M_CATALOG,2020-10-15T16:36Z,,,2020-10-15,5T16,,,,,,,,,,,,,
2020-10-16T13:36:00-CME-001,M2M_CATALOG,2020-10-16T13:36Z,,12774.0,2020-10-16,6T13,,,,,,,,,,,,,
2020-10-16T16:03:00-CME-001,M2M_CATALOG,2020-10-16T16:03Z,S23W66,12775.0,2020-10-16,6T16,,,,,,,,,,,,,
2020-10-18T09:24:00-CME-001,M2M_CATALOG,2020-10-18T09:24Z,,,2020-10-18,8T09,,,,,,,,,,,,,
2020-10-22T13:09:00-CME-001,M2M_CATALOG,2020-10-22T13:09Z,,,2020-10-22,2T13,,,,,,,,,,,,,
2020-11-02T05:24:00-CME-001,M2M_CATALOG,2020-11-02T05:24Z,,,2020-11-02,2T05,,,,,,,,,,,,,
2020-11-07T13:24:00-CME-001,M2M_CATALOG,2020-11-07T13:24Z,N19W01,12780.0,2020-11-07,7T13,,,,,,,,,,,,,
2020-11-08T20:12:00-CME-001,M2M_CATALOG,2020-11-08T20:12Z,,,2020-11-08,8T20,,,,,,,,,,,,,
2020-11-11T19:36:00-CME-001,M2M_CATALOG,2020-11-11T19:36Z,S22E60,12782.0,2020-11-11,1T19,,,,,,,,,,,,,
2020-11-21T19:36:00-CME-001,M2M_CATALOG,2020-11-21T19:36Z,,,2020-11-21,1T19,,,,,,,,,,,,,
2020-12-11T19:09:00-CME-001,M2M_CATALOG,2020-12-11T19:09Z,,12791.0,2020-12-11,1T19,,,,,,,,,,,,,
2020-11-12T02:24:00-CME-001,M2M_CATALOG,2020-11-12T02:24Z,,,2020-11-12,2T02,,,,,,,,,,,,,
2020-11-13T12:24:00-CME-001,M2M_CATALOG,2020-11-13T12:24Z,,,2020-11-13,3T12,,,,,,,,,,,,,
2020-11-17T08:36:00-CME-001,M2M_CATALOG,2020-11-17T08:36Z,,,2020-11-17,7T08,,,,,,,,,,,,,
2020-11-17T19:00:00-CME-001,M2M_CATALOG,2020-11-17T19:00Z,,,2020-11-17,7T19,,,,,,,,,,,,,
2020-11-18T21:48:00-CME-001,M2M_CATALOG,2020-11-18T21:48Z,S20E138,,2020-11-18,8T21,,,,,,,,,,,,,
2020-11-19T02:54:00-CME-001,M2M_CATALOG,2020-11-19T02:54Z,,,2020-11-19,9T02,,,,,,,,,,,,,
2020-11-27T05:48:00-CME-001,M2M_CATALOG,2020-11-27T05:48Z,,,2020-11-27,7T05,,,,,,,,,,,,,
2020-11-29T13:24:00-CME-001,M2M_CATALOG,2020-11-29T13:24Z,S23E97,,2020-11-29,9T13,,,,,,,,,,,,,
2020-11-30T07:09:00-CME-001,M2M_CATALOG,2020-11-30T07:09Z,,,2020-11-30,0T07,,,,,,,,,,,,,
2020-12-01T05:48:00-CME-001,M2M_CATALOG,2020-12-01T05:48Z,S25E80,12790.0,2020-12-01,1T05,,,,,,,,,,,,,
2020-12-01T07:12:00-CME-001,M2M_CATALOG,2020-12-01T07:12Z,N35E30,12787.0,2020-12-01,1T07,,,,,,,,,,,,,
2020-12-03T11:12:00-CME-001,M2M_CATALOG,2020-12-03T11:12Z,S30E137,,2020-12-03,3T11,,,,,,,,,,,,,
2020-12-04T02:48:00-CME-001,M2M_CATALOG,2020-12-04T02:48Z,,,2020-12-04,4T02,,,,,,,,,,,,,
2020-12-06T22:00:00-CME-001,M2M_CATALOG,2020-12-06T22:00Z,,,2020-12-06,6T22,,,,,,,,,,,,,
2020-12-07T16:24:00-CME-001,M2M_CATALOG,2020-12-07T16:24Z,S23W11,12790.0,2020-12-07,7T16,,,,,,,,,,,,,
2020-12-07T18:36:00-CME-001,M2M_CATALOG,2020-12-07T18:36Z,S40W30,,2020-12-07,7T18,,,,,,,,,,,,,
2020-12-17T06:48:00-CME-001,M2M_CATALOG,2020-12-17T06:48Z,,,2020-12-17,7T06,,,,,,,,,,,,,
2020-12-27T00:48:00-CME-001,M2M_CATALOG,2020-12-27T00:48Z,,,2020-12-27,7T00,,,,,,,,,,,,,
2020-12-30T02:24:00-CME-001,M2M_CATALOG,2020-12-30T02:24Z,S20E08,12795.0,2020-12-30,0T02,,,,,,,,,,,,,
2020-10-23T04:39:00-CME-001,M2M_CATALOG,2020-10-23T04:39Z,,,2020-10-23,3T04,,,,,,,,,,,,,
2020-10-23T22:35:00-CME-001,M2M_CATALOG,2020-10-23T22:35Z,,,2020-10-23,3T22,,,,,,,,,,,,,
2020-10-10T04:24:00-CME-001,M2M_CATALOG,2020-10-10T04:24Z,,,2020-10-10,0T04,,,,,,,,,,,,,
2020-10-13T21:12:00-CME-001,M2M_CATALOG,2020-10-13T21:12Z,S23W37,12775.0,2020-10-13,3T21,,,,,,,,,,,,,
2020-10-14T03:24:00-CME-001,M2M_CATALOG,2020-10-14T03:24Z,,,2020-10-14,4T03,,,,,,,,,,,,,
2020-10-15T11:24:00-CME-001,M2M_CATALOG,2020-10-15T11:24Z,,,2020-10-15,5T11,,,,,,,,,,,,,
2020-10-15T16:36:00-CME-001,M2M_CATALOG,2020-10-15T16:36Z,,,2020-10-15,5T16,8658.0,8f4f6018-a354-4c2e-b541-794cbbbcfe20,Coors lite,Arrogant Bastard Ale,Belgian Strong Ale,Brewer’s Gold,2124 - Bohemian Lager,Black malt,89 IBU,5.1%,6.6°Blg,Estados Unidos,1978.0
2020-10-16T13:36:00-CME-001,M2M_CATALOG,2020-10-16T13:36Z,,12774.0,2020-10-16,6T13,,,,,,,,,,,,,
2020-10-16T16:03:00-CME-001,M2M_CATALOG,2020-10-16T16:03Z,S23W66,12775.0,2020-10-16,6T16,,,,,,,,,,,,,
2020-10-18T09:24:00-CME-001,M2M_CATALOG,2020-10-18T09:24Z,,,2020-10-18,8T09,,,,,,,,,,,,,
2020-10-22T13:09:00-CME-001,M2M_CATALOG,2020-10-22T13:09Z,,,2020-10-22,2T13,,,,,,,,,,,,,
2020-10-23T04:39:00-CME-001,M2M_CATALOG,2020-10-23T04:39Z,,,2020-10-23,3T04,,,,,,,,,,,,,
2020-10-23T22:35:00-CME-001,M2M_CATALOG,2020-10-23T22:35Z,,,2020-10-23,3T22,,,,,,,,,,,,,
2020-10-26T09:12:00-CME-001,M2M_CATALOG,2020-10-26T09:12Z,,,2020-10-26,6T09,,,,,,,,,,,,,
2020-10-26T18:09:00-CME-001,M2M_CATALOG,2020-10-26T18:09Z,,,2020-10-26,6T18,,,,,,,,,,,,,
2020-10-27T03:39:00-CME-001,M2M_CATALOG,2020-10-27T03:39Z,,,2020-10-27,7T03,,,,,,,,,,,,,
2020-10-28T13:42:00-CME-001,M2M_CATALOG,2020-10-28T13:42Z,,,2020-10-28,8T13,,,,,,,,,,,,,
2020-11-18T13:24:00-CME-001,M2M_CATALOG,2020-11-18T13:24Z,,,2020-11-18,8T13,,,,,,,,,,,,,
2020-11-18T13:36:00-CME-001,M2M_CATALOG,2020-11-18T13:36Z,,,2020-11-18,8T13,,,,,,,,,,,,,
2020-10-29T01:54:00-CME-001,M2M_CATALOG,2020-10-29T01:54Z,S19W28,12779.0,2020-10-29,9T01,,,,,,,,,,,,,
2020-10-31T00:12:00-CME-001,M2M_CATALOG,2020-10-31T00:12Z,,,2020-10-31,1T00,,,,,,,,,,,,,
2020-12-11T00:36:00-CME-001,M2M_CATALOG,2020-12-11T00:36Z,,,2020-12-11,1T00,,,,,,,,,,,,,
2020-11-01T20:00:00-CME-001,M2M_CATALOG,2020-11-01T20:00Z,,,2020-11-01,1T20,,,,,,,,,,,,,
2020-11-02T05:24:00-CME-001,M2M_CATALOG,2020-11-02T05:24Z,,,2020-11-02,2T05,,,,,,,,,,,,,
2020-11-07T13:24:00-CME-001,M2M_CATALOG,2020-11-07T13:24Z,N19W01,12780.0,2020-11-07,7T13,,,,,,,,,,,,,
2020-11-08T20:12:00-CME-001,M2M_CATALOG,2020-11-08T20:12Z,,,2020-11-08,8T20,,,,,,,,,,,,,
2020-11-11T19:36:00-CME-001,M2M_CATALOG,2020-11-11T19:36Z,S22E60,12782.0,2020-11-11,1T19,,,,,,,,,,,,,
2020-11-21T19:36:00-CME-001,M2M_CATALOG,2020-11-21T19:36Z,,,2020-11-21,1T19,,,,,,,,,,,,,
2020-12-11T19:09:00-CME-001,M2M_CATALOG,2020-12-11T19:09Z,,12791.0,2020-12-11,1T19,,,,,,,,,,,,,
2020-11-12T02:24:00-CME-001,M2M_CATALOG,2020-11-12T02:24Z,,,2020-11-12,2T02,,,,,,,,,,,,,
2020-11-13T12:24:00-CME-001,M2M_CATALOG,2020-11-13T12:24Z,,,2020-11-13,3T12,,,,,,,,,,,,,
2020-11-17T08:36:00-CME-001,M2M_CATALOG,2020-11-17T08:36Z,,,2020-11-17,7T08,,,,,,,,,,,,,
2020-11-17T19:00:00-CME-001,M2M_CATALOG,2020-11-17T19:00Z,,,2020-11-17,7T19,,,,,,,,,,,,,
2020-10-28T13:42:00-CME-001,M2M_CATALOG,2020-10-28T13:42Z,,,2020-10-28,8T13,,,,,,,,,,,,,
2020-11-18T13:24:00-CME-001,M2M_CATALOG,2020-11-18T13:24Z,,,2020-11-18,8T13,,,,,,,,,,,,,
2020-11-18T13:36:00-CME-001,M2M_CATALOG,2020-11-18T13:36Z,,,2020-11-18,8T13,,,,,,,,,,,,,
2020-10-28T13:42:00-CME-001,M2M_CATALOG,2020-10-28T13:42Z,,,2020-10-28,8T13,,,,,,,,,,,,,
2020-11-18T13:24:00-CME-001,M2M_CATALOG,2020-11-18T13:24Z,,,2020-11-18,8T13,,,,,,,,,,,,,
2020-11-18T13:36:00-CME-001,M2M_CATALOG,2020-11-18T13:36Z,,,2020-11-18,8T13,,,,,,,,,,,,,
2020-11-18T21:48:00-CME-001,M2M_CATALOG,2020-11-18T21:48Z,S20E138,,2020-11-18,8T21,,,,,,,,,,,,,
2020-11-19T02:54:00-CME-001,M2M_CATALOG,2020-11-19T02:54Z,,,2020-11-19,9T02,,,,,,,,,,,,,
2020-11-19T03:12:00-CME-001,M2M_CATALOG,2020-11-19T03:12Z,N30E40,,2020-11-19,9T03,,,,,,,,,,,,,
2020-11-19T06:48:00-CME-001,M2M_CATALOG,2020-11-19T06:48Z,S23E49,,2020-11-19,9T06,,,,,,,,,,,,,
2020-11-19T15:12:00-CME-001,M2M_CATALOG,2020-11-19T15:12Z,,,2020-11-19,9T15,,,,,,,,,,,,,
2020-11-29T15:05:00-CME-001,M2M_CATALOG,2020-11-29T15:05Z,,12783.0,2020-11-29,9T15,,,,,,,,,,,,,
2020-11-20T19:51:00-CME-001,M2M_CATALOG,2020-11-20T19:51Z,,12783.0,2020-11-20,0T19,,,,,,,,,,,,,
2020-11-20T21:12:00-CME-001,M2M_CATALOG,2020-11-20T21:12Z,,,2020-11-20,0T21,,,,,,,,,,,,,
2020-11-11T19:36:00-CME-001,M2M_CATALOG,2020-11-11T19:36Z,S22E60,12782.0,2020-11-11,1T19,,,,,,,,,,,,,
2020-11-21T19:36:00-CME-001,M2M_CATALOG,2020-11-21T19:36Z,,,2020-11-21,1T19,,,,,,,,,,,,,
2020-12-11T19:09:00-CME-001,M2M_CATALOG,2020-12-11T19:09Z,,12791.0,2020-12-11,1T19,,,,,,,,,,,,,
2020-11-21T23:12:00-CME-001,M2M_CATALOG,2020-11-21T23:12Z,,,2020-11-21,1T23,,,,,,,,,,,,,
2020-11-22T01:36:00-CME-001,M2M_CATALOG,2020-11-22T01:36Z,,,2020-11-22,2T01,,,,,,,,,,,,,
2020-11-23T18:48:00-CME-001,M2M_CATALOG,2020-11-23T18:48Z,,,2020-11-23,3T18,,,,,,,,,,,,,
2020-11-24T04:36:00-CME-001,M2M_CATALOG,2020-11-24T04:36Z,S20E65,12785.0,2020-11-24,4T04,,,,,,,,,,,,,
2020-11-24T11:24:00-CME-001,M2M_CATALOG,2020-11-24T11:24Z,,,2020-11-24,4T11,,,,,,,,,,,,,
2020-12-04T11:09:00-CME-001,M2M_CATALOG,2020-12-04T11:09Z,,,2020-12-04,4T11,,,,,,,,,,,,,
2020-11-24T13:24:00-CME-001,M2M_CATALOG,2020-11-24T13:24Z,,,2020-11-24,4T13,,,,,,,,,,,,,
2020-11-26T08:24:00-CME-001,M2M_CATALOG,2020-11-26T08:24Z,,,2020-11-26,6T08,,,,,,,,,,,,,
2020-11-26T21:24:00-CME-001,M2M_CATALOG,2020-11-26T21:24Z,N32E90,12787.0,2020-11-26,6T21,,,,,,,,,,,,,
2020-11-27T05:48:00-CME-001,M2M_CATALOG,2020-11-27T05:48Z,,,2020-11-27,7T05,,,,,,,,,,,,,
2020-11-29T13:24:00-CME-001,M2M_CATALOG,2020-11-29T13:24Z,S23E97,,2020-11-29,9T13,,,,,,,,,,,,,
2020-11-19T15:12:00-CME-001,M2M_CATALOG,2020-11-19T15:12Z,,,2020-11-19,9T15,,,,,,,,,,,,,
2020-11-29T15:05:00-CME-001,M2M_CATALOG,2020-11-29T15:05Z,,12783.0,2020-11-29,9T15,,,,,,,,,,,,,
2020-11-30T07:09:00-CME-001,M2M_CATALOG,2020-11-30T07:09Z,,,2020-11-30,0T07,,,,,,,,,,,,,
2020-12-01T05:48:00-CME-001,M2M_CATALOG,2020-12-01T05:48Z,S25E80,12790.0,2020-12-01,1T05,,,,,,,,,,,,,
2020-12-01T07:12:00-CME-001,M2M_CATALOG,2020-12-01T07:12Z,N35E30,12787.0,2020-12-01,1T07,,,,,,,,,,,,,
2020-12-03T11:12:00-CME-001,M2M_CATALOG,2020-12-03T11:12Z,S30E137,,2020-12-03,3T11,,,,,,,,,,,,,
2020-12-04T02:48:00-CME-001,M2M_CATALOG,2020-12-04T02:48Z,,,2020-12-04,4T02,,,,,,,,,,,,,
2020-11-24T11:24:00-CME-001,M2M_CATALOG,2020-11-24T11:24Z,,,2020-11-24,4T11,,,,,,,,,,,,,
2020-12-04T11:09:00-CME-001,M2M_CATALOG,2020-12-04T11:09Z,,,2020-12-04,4T11,,,,,,,,,,,,,
2020-12-06T22:00:00-CME-001,M2M_CATALOG,2020-12-06T22:00Z,,,2020-12-06,6T22,,,,,,,,,,,,,
2020-12-07T16:24:00-CME-001,M2M_CATALOG,2020-12-07T16:24Z,S23W11,12790.0,2020-12-07,7T16,,,,,,,,,,,,,
2020-12-07T18:36:00-CME-001,M2M_CATALOG,2020-12-07T18:36Z,S40W30,,2020-12-07,7T18,,,,,,,,,,,,,
2020-10-31T00:12:00-CME-001,M2M_CATALOG,2020-10-31T00:12Z,,,2020-10-31,1T00,,,,,,,,,,,,,
2020-12-11T00:36:00-CME-001,M2M_CATALOG,2020-12-11T00:36Z,,,2020-12-11,1T00,,,,,,,,,,,,,
2020-11-11T19:36:00-CME-001,M2M_CATALOG,2020-11-11T19:36Z,S22E60,12782.0,2020-11-11,1T19,,,,,,,,,,,,,
2020-11-21T19:36:00-CME-001,M2M_CATALOG,2020-11-21T19:36Z,,,2020-11-21,1T19,,,,,,,,,,,,,
2020-12-11T19:09:00-CME-001,M2M_CATALOG,2020-12-11T19:09Z,,12791.0,2020-12-11,1T19,,,,,,,,,,,,,
2020-12-12T04:12:00-CME-001,M2M_CATALOG,2020-12-12T04:12Z,,,2020-12-12,2T04,,,,,,,,,,,,,
2020-12-13T09:24:00-CME-001,M2M_CATALOG,2020-12-13T09:24Z,,,2020-12-13,3T09,,,,,,,,,,,,,
2020-12-14T15:12:00-CME-001,M2M_CATALOG,2020-12-14T15:12Z,S22E44,12792.0,2020-12-14,4T15,,,,,,,,,,,,,
2020-12-14T21:12:00-CME-001,M2M_CATALOG,2020-12-14T21:12Z,N40E110,,2020-12-14,4T21,,,,,,,,,,,,,
2020-12-17T06:48:00-CME-001,M2M_CATALOG,2020-12-17T06:48Z,,,2020-12-17,7T06,,,,,,,,,,,,,
2020-12-27T00:48:00-CME-001,M2M_CATALOG,2020-12-27T00:48Z,,,2020-12-27,7T00,,,,,,,,,,,,,
2020-12-30T02:24:00-CME-001,M2M_CATALOG,2020-12-30T02:24Z,S20E08,12795.0,2020-12-30,0T02,,,,,,,,,,,,,
2020-10-10T04:24:00-CME-001,M2M_CATALOG,2020-10-10T04:24Z,,,2020-10-10,0T04,,,,,,,,,,,,,
2020-10-13T21:12:00-CME-001,M2M_CATALOG,2020-10-13T21:12Z,S23W37,12775.0,2020-10-13,3T21,,,,,,,,,,,,,
2020-10-14T03:24:00-CME-001,M2M_CATALOG,2020-10-14T03:24Z,,,2020-10-14,4T03,,,,,,,,,,,,,
2020-10-15T11:24:00-CME-001,M2M_CATALOG,2020-10-15T11:24Z,,,2020-10-15,5T11,,,,,,,,,,,,,
2020-10-15T16:36:00-CME-001,M2M_CATALOG,2020-10-15T16:36Z,,,2020-10-15,5T16,,,,,,,,,,,,,
2020-10-16T13:36:00-CME-001,M2M_CATALOG,2020-10-16T13:36Z,,12774.0,2020-10-16,6T13,,,,,,,,,,,,,
2020-10-16T16:03:00-CME-001,M2M_CATALOG,2020-10-16T16:03Z,S23W66,12775.0,2020-10-16,6T16,,,,,,,,,,,,,
2020-10-18T09:24:00-CME-001,M2M_CATALOG,2020-10-18T09:24Z,,,2020-10-18,8T09,,,,,,,,,,,,,
2020-10-22T13:09:00-CME-001,M2M_CATALOG,2020-10-22T13:09Z,,,2020-10-22,2T13,,,,,,,,,,,,,
2020-10-23T04:39:00-CME-001,M2M_CATALOG,2020-10-23T04:39Z,,,2020-10-23,3T04,,,,,,,,,,,,,
2020-10-23T22:35:00-CME-001,M2M_CATALOG,2020-10-23T22:35Z,,,2020-10-23,3T22,,,,,,,,,,,,,
2020-10-26T09:12:00-CME-001,M2M_CATALOG,2020-10-26T09:12Z,,,2020-10-26,6T09,,,,,,,,,,,,,
2020-10-26T18:09:00-CME-001,M2M_CATALOG,2020-10-26T18:09Z,,,2020-10-26,6T18,,,,,,,,,,,,,
2020-10-27T03:39:00-CME-001,M2M_CATALOG,2020-10-27T03:39Z,,,2020-10-27,7T03,,,,,,,,,,,,,
2020-10-28T13:42:00-CME-001,M2M_CATALOG,2020-10-28T13:42Z,,,2020-10-28,8T13,,,,,,,,,,,,,
2020-11-18T13:24:00-CME-001,M2M_CATALOG,2020-11-18T13:24Z,,,2020-11-18,8T13,,,,,,,,,,,,,
2020-11-18T13:36:00-CME-001,M2M_CATALOG,2020-11-18T13:36Z,,,2020-11-18,8T13,,,,,,,,,,,,,
2020-10-29T01:54:00-CME-001,M2M_CATALOG,2020-10-29T01:54Z,S19W28,12779.0,2020-10-29,9T01,,,,,,,,,,,,,
2020-10-31T00:12:00-CME-001,M2M_CATALOG,2020-10-31T00:12Z,,,2020-10-31,1T00,,,,,,,,,,,,,
2020-12-11T00:36:00-CME-001,M2M_CATALOG,2020-12-11T00:36Z,,,2020-12-11,1T00,,,,,,,,,,,,,
2020-11-01T20:00:00-CME-001,M2M_CATALOG,2020-11-01T20:00Z,,,2020-11-01,1T20,,,,,,,,,,,,,
2020-11-02T05:24:00-CME-001,M2M_CATALOG,2020-11-02T05:24Z,,,2020-11-02,2T05,,,,,,,,,,,,,
2020-11-07T13:24:00-CME-001,M2M_CATALOG,2020-11-07T13:24Z,N19W01,12780.0,2020-11-07,7T13,,,,,,,,,,,,,
2020-11-08T20:12:00-CME-001,M2M_CATALOG,2020-11-08T20:12Z,,,2020-11-08,8T20,,,,,,,,,,,,,
2020-11-11T19:36:00-CME-001,M2M_CATALOG,2020-11-11T19:36Z,S22E60,12782.0,2020-11-11,1T19,,,,,,,,,,,,,
2020-11-21T19:36:00-CME-001,M2M_CATALOG,2020-11-21T19:36Z,,,2020-11-21,1T19,,,,,,,,,,,,,
2020-12-11T19:09:00-CME-001,M2M_CATALOG,2020-12-11T19:09Z,,12791.0,2020-12-11,1T19,,,,,,,,,,,,,
2020-11-12T02:24:00-CME-001,M2M_CATALOG,2020-11-12T02:24Z,,,2020-11-12,2T02,,,,,,,,,,,,,
2020-11-13T12:24:00-CME-001,M2M_CATALOG,2020-11-13T12:24Z,,,2020-11-13,3T12,,,,,,,,,,,,,
2020-11-17T08:36:00-CME-001,M2M_CATALOG,2020-11-17T08:36Z,,,2020-11-17,7T08,,,,,,,,,,,,,
2020-11-17T19:00:00-CME-001,M2M_CATALOG,2020-11-17T19:00Z,,,2020-11-17,7T19,,,,,,,,,,,,,
2020-10-28T13:42:00-CME-001,M2M_CATALOG,2020-10-28T13:42Z,,,2020-10-28,8T13,,,,,,,,,,,,,
2020-11-18T13:24:00-CME-001,M2M_CATALOG,2020-11-18T13:24Z,,,2020-11-18,8T13,,,,,,,,,,,,,
2020-11-18T13:36:00-CME-001,M2M_CATALOG,2020-11-18T13:36Z,,,2020-11-18,8T13,,,,,,,,,,,,,
2020-10-28T13:42:00-CME-001,M2M_CATALOG,2020-10-28T13:42Z,,,2020-10-28,8T13,,,,,,,,,,,,,
2020-11-18T13:24:00-CME-001,M2M_CATALOG,2020-11-18T13:24Z,,,2020-11-18,8T13,,,,,,,,,,,,,
2020-11-18T13:36:00-CME-001,M2M_CATALOG,2020-11-18T13:36Z,,,2020-11-18,8T13,,,,,,,,,,,,,
2020-11-18T21:48:00-CME-001,M2M_CATALOG,2020-11-18T21:48Z,S20E138,,2020-11-18,8T21,,,,,,,,,,,,,
2020-11-19T02:54:00-CME-001,M2M_CATALOG,2020-11-19T02:54Z,,,2020-11-19,9T02,,,,,,,,,,,,,
2020-11-19T03:12:00-CME-001,M2M_CATALOG,2020-11-19T03:12Z,N30E40,,2020-11-19,9T03,,,,,,,,,,,,,
2020-11-19T06:48:00-CME-001,M2M_CATALOG,2020-11-19T06:48Z,S23E49,,2020-11-19,9T06,,,,,,,,,,,,,
2020-11-19T15:12:00-CME-001,M2M_CATALOG,2020-11-19T15:12Z,,,2020-11-19,9T15,,,,,,,,,,,,,
2020-11-29T15:05:00-CME-001,M2M_CATALOG,2020-11-29T15:05Z,,12783.0,2020-11-29,9T15,,,,,,,,,,,,,
2020-11-20T19:51:00-CME-001,M2M_CATALOG,2020-11-20T19:51Z,,12783.0,2020-11-20,0T19,,,,,,,,,,,,,
2020-10-10T04:24:00-CME-001,M2M_CATALOG,2020-10-10T04:24Z,,,2020-10-10,0T04,,,,,,,,,,,,,
2020-10-13T21:12:00-CME-001,M2M_CATALOG,2020-10-13T21:12Z,S23W37,12775.0,2020-10-13,3T21,,,,,,,,,,,,,
2020-10-14T03:24:00-CME-001,M2M_CATALOG,2020-10-14T03:24Z,,,2020-10-14,4T03,,,,,,,,,,,,,
2020-10-15T11:24:00-CME-001,M2M_CATALOG,2020-10-15T11:24Z,,,2020-10-15,5T11,,,,,,,,,,,,,
2020-10-15T16:36:00-CME-001,M2M_CATALOG,2020-10-15T16:36Z,,,2020-10-15,5T16,,,,,,,,,,,,,
2020-10-16T13:36:00-CME-001,M2M_CATALOG,2020-10-16T13:36Z,,12774.0,2020-10-16,6T13,,,,,,,,,,,,,
2020-10-16T16:03:00-CME-001,M2M_CATALOG,2020-10-16T16:03Z,S23W66,12775.0,2020-10-16,6T16,,,,,,,,,,,,,
2020-10-18T09:24:00-CME-001,M2M_CATALOG,2020-10-18T09:24Z,,,2020-10-18,8T09,,,,,,,,,,,,,
2020-10-22T13:09:00-CME-001,M2M_CATALOG,2020-10-22T13:09Z,,,2020-10-22,2T13,,,,,,,,,,,,,
2020-10-23T04:39:00-CME-001,M2M_CATALOG,2020-10-23T04:39Z,,,2020-10-23,3T04,,,,,,,,,,,,,
2020-10-23T22:35:00-CME-001,M2M_CATALOG,2020-10-23T22:35Z,,,2020-10-23,3T22,,,,,,,,,,,,,
2020-10-26T09:12:00-CME-001,M2M_CATALOG,2020-10-26T09:12Z,,,2020-10-26,6T09,,,,,,,,,,,,,
2020-10-26T18:09:00-CME-001,M2M_CATALOG,2020-10-26T18:09Z,,,2020-10-26,6T18,,,,,,,,,,,,,
2020-10-27T03:39:00-CME-001,M2M_CATALOG,2020-10-27T03:39Z,,,2020-10-27,7T03,,,,,,,,,,,,,
2020-10-28T13:42:00-CME-001,M2M_CATALOG,2020-10-28T13:42Z,,,2020-10-28,8T13,,,,,,,,,,,,,
2020-11-18T13:24:00-CME-001,M2M_CATALOG,2020-11-18T13:24Z,,,2020-11-18,8T13,,,,,,,,,,,,,
2020-11-18T13:36:00-CME-001,M2M_CATALOG,2020-11-18T13:36Z,,,2020-11-18,8T13,,,,,,,,,,,,,
2020-10-29T01:54:00-CME-001,M2M_CATALOG,2020-10-29T01:54Z,S19W28,12779.0,2020-10-29,9T01,,,,,,,,,,,,,
2020-10-31T00:12:00-CME-001,M2M_CATALOG,2020-10-31T00:12Z,,,2020-10-31,1T00,,,,,,,,,,,,,
2020-12-11T00:36:00-CME-001,M2M_CATALOG,2020-12-11T00:36Z,,,2020-12-11,1T00,,,,,,,,,,,,,
2020-11-01T20:00:00-CME-001,M2M_CATALOG,2020-11-01T20:00Z,,,2020-11-01,1T20,,,,,,,,,,,,,
2020-11-02T05:24:00-CME-001,M2M_CATALOG,2020-11-02T05:24Z,,,2020-11-02,2T05,,,,,,,,,,,,,
2020-11-07T13:24:00-CME-001,M2M_CATALOG,2020-11-07T13:24Z,N19W01,12780.0,2020-11-07,7T13,,,,,,,,,,,,,
2020-11-08T20:12:00-CME-001,M2M_CATALOG,2020-11-08T20:12Z,,,2020-11-08,8T20,,,,,,,,,,,,,
2020-11-11T19:36:00-CME-001,M2M_CATALOG,2020-11-11T19:36Z,S22E60,12782.0,2020-11-11,1T19,,,,,,,,,,,,,
2020-11-21T19:36:00-CME-001,M2M_CATALOG,2020-11-21T19:36Z,,,2020-11-21,1T19,,,,,,,,,,,,,
2020-12-11T19:09:00-CME-001,M2M_CATALOG,2020-12-11T19:09Z,,12791.0,2020-12-11,1T19,,,,,,,,,,,,,
2020-11-12T02:24:00-CME-001,M2M_CATALOG,2020-11-12T02:24Z,,,2020-11-12,2T02,,,,,,,,,,,,,
2020-11-13T12:24:00-CME-001,M2M_CATALOG,2020-11-13T12:24Z,,,2020-11-13,3T12,,,,,,,,,,,,,
2020-11-17T08:36:00-CME-001,M2M_CATALOG,2020-11-17T08:36Z,,,2020-11-17,7T08,,,,,,,,,,,,,
2020-11-17T19:00:00-CME-001,M2M_CATALOG,2020-11-17T19:00Z,,,2020-11-17,7T19,,,,,,,,,,,,,
2020-10-28T13:42:00-CME-001,M2M_CATALOG,2020-10-28T13:42Z,,,2020-10-28,8T13,,,,,,,,,,,,,
2020-11-18T13:24:00-CME-001,M2M_CATALOG,2020-11-18T13:24Z,,,2020-11-18,8T13,,,,,,,,,,,,,
2020-11-18T13:36:00-CME-001,M2M_CATALOG,2020-11-18T13:36Z,,,2020-11-18,8T13,,,,,,,,,,,,,
2020-10-28T13:42:00-CME-001,M2M_CATALOG,2020-10-28T13:42Z,,,2020-10-28,8T13,,,,,,,,,,,,,
2020-11-18T13:24:00-CME-001,M2M_CATALOG,2020-11-18T13:24Z,,,2020-11-18,8T13,,,,,,,,,,,,,
2020-11-18T13:36:00-CME-001,M2M_CATALOG,2020-11-18T13:36Z,,,2020-11-18,8T13,,,,,,,,,,,,,
2020-11-18T21:48:00-CME-001,M2M_CATALOG,2020-11-18T21:48Z,S20E138,,2020-11-18,8T21,,,,,,,,,,,,,
2020-11-19T02:54:00-CME-001,M2M_CATALOG,2020-11-19T02:54Z,,,2020-11-19,9T02,,,,,,,,,,,,,
2020-11-19T03:12:00-CME-001,M2M_CATALOG,2020-11-19T03:12Z,N30E40,,2020-11-19,9T03,,,,,,,,,,,,,
2020-11-19T06:48:00-CME-001,M2M_CATALOG,2020-11-19T06:48Z,S23E49,,2020-11-19,9T06,,,,,,,,,,,,,
2020-11-19T15:12:00-CME-001,M2M_CATALOG,2020-11-19T15:12Z,,,2020-11-19,9T15,,,,,,,,,,,,,
2020-11-29T15:05:00-CME-001,M2M_CATALOG,2020-11-29T15:05Z,,12783.0,2020-11-29,9T15,,,,,,,,,,,,,
2020-11-20T19:51:00-CME-001,M2M_CATALOG,2020-11-20T19:51Z,,12783.0,2020-11-20,0T19,,,,,,,,,,,,,
2020-11-20T21:12:00-CME-001,M2M_CATALOG,2020-11-20T21:12Z,,,2020-11-20,0T21,,,,,,,,,,,,,
2020-11-11T19:36:00-CME-001,M2M_CATALOG,2020-11-11T19:36Z,S22E60,12782.0,2020-11-11,1T19,,,,,,,,,,,,,
2020-11-21T19:36:00-CME-001,M2M_CATALOG,2020-11-21T19:36Z,,,2020-11-21,1T19,,,,,,,,,,,,,
2020-12-11T19:09:00-CME-001,M2M_CATALOG,2020-12-11T19:09Z,,12791.0,2020-12-11,1T19,,,,,,,,,,,,,
2020-11-21T23:12:00-CME-001,M2M_CATALOG,2020-11-21T23:12Z,,,2020-11-21,1T23,,,,,,,,,,,,,
2020-11-22T01:36:00-CME-001,M2M_CATALOG,2020-11-22T01:36Z,,,2020-11-22,2T01,,,,,,,,,,,,,
2020-11-23T18:48:00-CME-001,M2M_CATALOG,2020-11-23T18:48Z,,,2020-11-23,3T18,,,,,,,,,,,,,
2020-11-24T04:36:00-CME-001,M2M_CATALOG,2020-11-24T04:36Z,S20E65,12785.0,2020-11-24,4T04,,,,,,,,,,,,,
2020-11-24T11:24:00-CME-001,M2M_CATALOG,2020-11-24T11:24Z,,,2020-11-24,4T11,,,,,,,,,,,,,
2020-12-04T11:09:00-CME-001,M2M_CATALOG,2020-12-04T11:09Z,,,2020-12-04,4T11,,,,,,,,,,,,,
2020-11-24T13:24:00-CME-001,M2M_CATALOG,2020-11-24T13:24Z,,,2020-11-24,4T13,,,,,,,,,,,,,
2020-11-26T08:24:00-CME-001,M2M_CATALOG,2020-11-26T08:24Z,,,2020-11-26,6T08,,,,,,,,,,,,,
2020-11-26T21:24:00-CME-001,M2M_CATALOG,2020-11-26T21:24Z,N32E90,12787.0,2020-11-26,6T21,,,,,,,,,,,,,
2020-11-27T05:48:00-CME-001,M2M_CATALOG,2020-11-27T05:48Z,,,2020-11-27,7T05,,,,,,,,,,,,,
2020-11-29T13:24:00-CME-001,M2M_CATALOG,2020-11-29T13:24Z,S23E97,,2020-11-29,9T13,,,,,,,,,,,,,
2020-11-19T15:12:00-CME-001,M2M_CATALOG,2020-11-19T15:12Z,,,2020-11-19,9T15,,,,,,,,,,,,,
2020-11-29T15:05:00-CME-001,M2M_CATALOG,2020-11-29T15:05Z,,12783.0,2020-11-29,9T15,,,,,,,,,,,,,
2020-11-30T07:09:00-CME-001,M2M_CATALOG,2020-11-30T07:09Z,,,2020-11-30,0T07,,,,,,,,,,,,,
2020-12-01T05:48:00-CME-001,M2M_CATALOG,2020-12-01T05:48Z,S25E80,12790.0,2020-12-01,1T05,,,,,,,,,,,,,
2020-12-01T07:12:00-CME-001,M2M_CATALOG,2020-12-01T07:12Z,N35E30,12787.0,2020-12-01,1T07,,,,,,,,,,,,,
2020-12-03T11:12:00-CME-001,M2M_CATALOG,2020-12-03T11:12Z,S30E137,,2020-12-03,3T11,,,,,,,,,,,,,
2020-12-04T02:48:00-CME-001,M2M_CATALOG,2020-12-04T02:48Z,,,2020-12-04,4T02,,,,,,,,,,,,,
2020-11-24T11:24:00-CME-001,M2M_CATALOG,2020-11-24T11:24Z,,,2020-11-24,4T11,,,,,,,,,,,,,
2020-12-04T11:09:00-CME-001,M2M_CATALOG,2020-12-04T11:09Z,,,2020-12-04,4T11,,,,,,,,,,,,,
2020-12-06T22:00:00-CME-001,M2M_CATALOG,2020-12-06T22:00Z,,,2020-12-06,6T22,,,,,,,,,,,,,
2020-12-07T16:24:00-CME-001,M2M_CATALOG,2020-12-07T16:24Z,S23W11,12790.0,2020-12-07,7T16,,,,,,,,,,,,,
2020-12-07T18:36:00-CME-001,M2M_CATALOG,2020-12-07T18:36Z,S40W30,,2020-12-07,7T18,,,,,,,,,,,,,
2020-10-31T00:12:00-CME-001,M2M_CATALOG,2020-10-31T00:12Z,,,2020-10-31,1T00,,,,,,,,,,,,,
2020-12-11T00:36:00-CME-001,M2M_CATALOG,2020-12-11T00:36Z,,,2020-12-11,1T00,,,,,,,,,,,,,
2020-11-11T19:36:00-CME-001,M2M_CATALOG,2020-11-11T19:36Z,S22E60,12782.0,2020-11-11,1T19,,,,,,,,,,,,,
2020-11-21T19:36:00-CME-001,M2M_CATALOG,2020-11-21T19:36Z,,,2020-11-21,1T19,,,,,,,,,,,,,
2020-12-11T19:09:00-CME-001,M2M_CATALOG,2020-12-11T19:09Z,,12791.0,2020-12-11,1T19,,,,,,,,,,,,,
2020-12-12T04:12:00-CME-001,M2M_CATALOG,2020-12-12T04:12Z,,,2020-12-12,2T04,,,,,,,,,,,,,
2020-12-13T09:24:00-CME-001,M2M_CATALOG,2020-12-13T09:24Z,,,2020-12-13,3T09,,,,,,,,,,,,,
2020-12-14T15:12:00-CME-001,M2M_CATALOG,2020-12-14T15:12Z,S22E44,12792.0,2020-12-14,4T15,,,,,,,,,,,,,
2020-12-14T21:12:00-CME-001,M2M_CATALOG,2020-12-14T21:12Z,N40E110,,2020-12-14,4T21,,,,,,,,,,,,,
2020-12-17T06:48:00-CME-001,M2M_CATALOG,2020-12-17T06:48Z,,,2020-12-17,7T06,,,,,,,,,,,,,
2020-12-27T00:48:00-CME-001,M2M_CATALOG,2020-12-27T00:48Z,,,2020-12-27,7T00,,,,,,,,,,,,,
2020-12-30T02:24:00-CME-001,M2M_CATALOG,2020-12-30T02:24Z,S20E08,12795.0,2020-12-30,0T02,,,,,,,,,,,,,
2020-10-10T04:24:00-CME-001,M2M_CATALOG,2020-10-10T04:24Z,,,2020-10-10,0T04,,,,,,,,,,,,,
2020-10-13T21:12:00-CME-001,M2M_CATALOG,2020-10-13T21:12Z,S23W37,12775.0,2020-10-13,3T21,,,,,,,,,,,,,
2020-10-14T03:24:00-CME-001,M2M_CATALOG,2020-10-14T03:24Z,,,2020-10-14,4T03,,,,,,,,,,,,,
2020-10-15T11:24:00-CME-001,M2M_CATALOG,2020-10-15T11:24Z,,,2020-10-15,5T11,,,,,,,,,,,,,
2020-10-15T16:36:00-CME-001,M2M_CATALOG,2020-10-15T16:36Z,,,2020-10-15,5T16,,,,,,,,,,,,,
2020-10-16T13:36:00-CME-001,M2M_CATALOG,2020-10-16T13:36Z,,12774.0,2020-10-16,6T13,,,,,,,,,,,,,
2020-10-16T16:03:00-CME-001,M2M_CATALOG,2020-10-16T16:03Z,S23W66,12775.0,2020-10-16,6T16,8824.0,e8525d00-62f3-4f76-8867-21eba165222a,Patagonia,Westmalle Trappist Tripel,Wood-aged Beer,Eroica,2000 - Budvar Lager,Munich,48 IBU,9.7%,10.8°Blg,Argentina,2015.0
2020-10-18T09:24:00-CME-001,M2M_CATALOG,2020-10-18T09:24Z,,,2020-10-18,8T09,,,,,,,,,,,,,
2020-10-22T13:09:00-CME-001,M2M_CATALOG,2020-10-22T13:09Z,,,2020-10-22,2T13,,,,,,,,,,,,,
2020-10-23T04:39:00-CME-001,M2M_CATALOG,2020-10-23T04:39Z,,,2020-10-23,3T04,,,,,,,,,,,,,
2020-10-23T22:35:00-CME-001,M2M_CATALOG,2020-10-23T22:35Z,,,2020-10-23,3T22,,,,,,,,,,,,,
2020-10-26T09:12:00-CME-001,M2M_CATALOG,2020-10-26T09:12Z,,,2020-10-26,6T09,,,,,,,,,,,,,
2020-10-26T18:09:00-CME-001,M2M_CATALOG,2020-10-26T18:09Z,,,2020-10-26,6T18,,,,,,,,,,,,,
2020-10-27T03:39:00-CME-001,M2M_CATALOG,2020-10-27T03:39Z,,,2020-10-27,7T03,,,,,,,,,,,,,
2020-10-28T13:42:00-CME-001,M2M_CATALOG,2020-10-28T13:42Z,,,2020-10-28,8T13,,,,,,,,,,,,,
2020-11-18T13:24:00-CME-001,M2M_CATALOG,2020-11-18T13:24Z,,,2020-11-18,8T13,,,,,,,,,,,,,
2020-11-18T13:36:00-CME-001,M2M_CATALOG,2020-11-18T13:36Z,,,2020-11-18,8T13,,,,,,,,,,,,,
2020-10-29T01:54:00-CME-001,M2M_CATALOG,2020-10-29T01:54Z,S19W28,12779.0,2020-10-29,9T01,,,,,,,,,,,,,
2020-10-31T00:12:00-CME-001,M2M_CATALOG,2020-10-31T00:12Z,,,2020-10-31,1T00,,,,,,,,,,,,,
2020-12-11T00:36:00-CME-001,M2M_CATALOG,2020-12-11T00:36Z,,,2020-12-11,1T00,,,,,,,,,,,,,
2020-11-01T20:00:00-CME-001,M2M_CATALOG,2020-11-01T20:00Z,,,2020-11-01,1T20,,,,,,,,,,,,,
2020-11-02T05:24:00-CME-001,M2M_CATALOG,2020-11-02T05:24Z,,,2020-11-02,2T05,,,,,,,,,,,,,
2020-11-07T13:24:00-CME-001,M2M_CATALOG,2020-11-07T13:24Z,N19W01,12780.0,2020-11-07,7T13,,,,,,,,,,,,,
2020-11-08T20:12:00-CME-001,M2M_CATALOG,2020-11-08T20:12Z,,,2020-11-08,8T20,,,,,,,,,,,,,
2020-11-11T19:36:00-CME-001,M2M_CATALOG,2020-11-11T19:36Z,S22E60,12782.0,2020-11-11,1T19,,,,,,,,,,,,,
2020-11-21T19:36:00-CME-001,M2M_CATALOG,2020-11-21T19:36Z,,,2020-11-21,1T19,,,,,,,,,,,,,
2020-12-11T19:09:00-CME-001,M2M_CATALOG,2020-12-11T19:09Z,,12791.0,2020-12-11,1T19,,,,,,,,,,,,,
2020-11-12T02:24:00-CME-001,M2M_CATALOG,2020-11-12T02:24Z,,,2020-11-12,2T02,,,,,,,,,,,,,
2020-11-13T12:24:00-CME-001,M2M_CATALOG,2020-11-13T12:24Z,,,2020-11-13,3T12,,,,,,,,,,,,,
2020-11-17T08:36:00-CME-001,M2M_CATALOG,2020-11-17T08:36Z,,,2020-11-17,7T08,,,,,,,,,,,,,
2020-11-17T19:00:00-CME-001,M2M_CATALOG,2020-11-17T19:00Z,,,2020-11-17,7T19,,,,,,,,,,,,,
2020-10-28T13:42:00-CME-001,M2M_CATALOG,2020-10-28T13:42Z,,,2020-10-28,8T13,,,,,,,,,,,,,
2020-11-18T13:24:00-CME-001,M2M_CATALOG,2020-11-18T13:24Z,,,2020-11-18,8T13,,,,,,,,,,,,,
2020-11-18T13:36:00-CME-001,M2M_CATALOG,2020-11-18T13:36Z,,,2020-11-18,8T13,,,,,,,,,,,,,
2020-10-28T13:42:00-CME-001,M2M_CATALOG,2020-10-28T13:42Z,,,2020-10-28,8T13,,,,,,,,,,,,,
2020-11-18T13:24:00-CME-001,M2M_CATALOG,2020-11-18T13:24Z,,,2020-11-18,8T13,,,,,,,,,,,,,
2020-11-18T13:36:00-CME-001,M2M_CATALOG,2020-11-18T13:36Z,,,2020-11-18,8T13,,,,,,,,,,,,,
2020-11-18T21:48:00-CME-001,M2M_CATALOG,2020-11-18T21:48Z,S20E138,,2020-11-18,8T21,,,,,,,,,,,,,
2020-11-19T02:54:00-CME-001,M2M_CATALOG,2020-11-19T02:54Z,,,2020-11-19,9T02,,,,,,,,,,,,,
2020-11-19T03:12:00-CME-001,M2M_CATALOG,2020-11-19T03:12Z,N30E40,,2020-11-19,9T03,,,,,,,,,,,,,
2020-11-19T06:48:00-CME-001,M2M_CATALOG,2020-11-19T06:48Z,S23E49,,2020-11-19,9T06,,,,,,,,,,,,,
2020-11-19T15:12:00-CME-001,M2M_CATALOG,2020-11-19T15:12Z,,,2020-11-19,9T15,,,,,,,,,,,,,
2020-11-29T15:05:00-CME-001,M2M_CATALOG,2020-11-29T15:05Z,,12783.0,2020-11-29,9T15,,,,,,,,,,,,,
2020-10-10T04:24:00-CME-001,M2M_CATALOG,2020-10-10T04:24Z,,,2020-10-10,0T04,,,,,,,,,,,,,
2020-10-13T21:12:00-CME-001,M2M_CATALOG,2020-10-13T21:12Z,S23W37,12775.0,2020-10-13,3T21,,,,,,,,,,,,,
2020-10-14T03:24:00-CME-001,M2M_CATALOG,2020-10-14T03:24Z,,,2020-10-14,4T03,,,,,,,,,,,,,
2020-10-15T11:24:00-CME-001,M2M_CATALOG,2020-10-15T11:24Z,,,2020-10-15,5T11,,,,,,,,,,,,,
2020-10-15T16:36:00-CME-001,M2M_CATALOG,2020-10-15T16:36Z,,,2020-10-15,5T16,,,,,,,,,,,,,
2020-10-16T13:36:00-CME-001,M2M_CATALOG,2020-10-16T13:36Z,,12774.0,2020-10-16,6T13,,,,,,,,,,,,,
2020-10-16T16:03:00-CME-001,M2M_CATALOG,2020-10-16T16:03Z,S23W66,12775.0,2020-10-16,6T16,,,,,,,,,,,,,
2020-10-18T09:24:00-CME-001,M2M_CATALOG,2020-10-18T09:24Z,,,2020-10-18,8T09,,,,,,,,,,,,,
2020-10-22T13:09:00-CME-001,M2M_CATALOG,2020-10-22T13:09Z,,,2020-10-22,2T13,,,,,,,,,,,,,
2020-11-02T05:24:00-CME-001,M2M_CATALOG,2020-11-02T05:24Z,,,2020-11-02,2T05,,,,,,,,,,,,,
2020-11-07T13:24:00-CME-001,M2M_CATALOG,2020-11-07T13:24Z,N19W01,12780.0,2020-11-07,7T13,,,,,,,,,,,,,
2020-11-08T20:12:00-CME-001,M2M_CATALOG,2020-11-08T20:12Z,,,2020-11-08,8T20,,,,,,,,,,,,,
2020-11-11T19:36:00-CME-001,M2M_CATALOG,2020-11-11T19:36Z,S22E60,12782.0,2020-11-11,1T19,,,,,,,,,,,,,
2020-11-21T19:36:00-CME-001,M2M_CATALOG,2020-11-21T19:36Z,,,2020-11-21,1T19,,,,,,,,,,,,,
2020-12-11T19:09:00-CME-001,M2M_CATALOG,2020-12-11T19:09Z,,12791.0,2020-12-11,1T19,,,,,,,,,,,,,
2020-11-12T02:24:00-CME-001,M2M_CATALOG,2020-11-12T02:24Z,,,2020-11-12,2T02,,,,,,,,,,,,,
2020-11-13T12:24:00-CME-001,M2M_CATALOG,2020-11-13T12:24Z,,,2020-11-13,3T12,,,,,,,,,,,,,
2020-11-17T08:36:00-CME-001,M2M_CATALOG,2020-11-17T08:36Z,,,2020-11-17,7T08,,,,,,,,,,,,,
2020-11-17T19:00:00-CME-001,M2M_CATALOG,2020-11-17T19:00Z,,,2020-11-17,7T19,,,,,,,,,,,,,
2020-11-18T21:48:00-CME-001,M2M_CATALOG,2020-11-18T21:48Z,S20E138,,2020-11-18,8T21,,,,,,,,,,,,,
2020-11-19T02:54:00-CME-001,M2M_CATALOG,2020-11-19T02:54Z,,,2020-11-19,9T02,,,,,,,,,,,,,
2020-11-27T05:48:00-CME-001,M2M_CATALOG,2020-11-27T05:48Z,,,2020-11-27,7T05,,,,,,,,,,,,,
2020-11-29T13:24:00-CME-001,M2M_CATALOG,2020-11-29T13:24Z,S23E97,,2020-11-29,9T13,,,,,,,,,,,,,
2020-11-30T07:09:00-CME-001,M2M_CATALOG,2020-11-30T07:09Z,,,2020-11-30,0T07,,,,,,,,,,,,,
2020-12-01T05:48:00-CME-001,M2M_CATALOG,2020-12-01T05:48Z,S25E80,12790.0,2020-12-01,1T05,,,,,,,,,,,,,
2020-12-01T07:12:00-CME-001,M2M_CATALOG,2020-12-01T07:12Z,N35E30,12787.0,2020-12-01,1T07,,,,,,,,,,,,,
2020-12-03T11:12:00-CME-001,M2M_CATALOG,2020-12-03T11:12Z,S30E137,,2020-12-03,3T11,,,,,,,,,,,,,
2020-12-04T02:48:00-CME-001,M2M_CATALOG,2020-12-04T02:48Z,,,2020-12-04,4T02,,,,,,,,,,,,,
2020-12-06T22:00:00-CME-001,M2M_CATALOG,2020-12-06T22:00Z,,,2020-12-06,6T22,,,,,,,,,,,,,
2020-12-07T16:24:00-CME-001,M2M_CATALOG,2020-12-07T16:24Z,S23W11,12790.0,2020-12-07,7T16,,,,,,,,,,,,,
2020-12-07T18:36:00-CME-001,M2M_CATALOG,2020-12-07T18:36Z,S40W30,,2020-12-07,7T18,,,,,,,,,,,,,
2020-12-17T06:48:00-CME-001,M2M_CATALOG,2020-12-17T06:48Z,,,2020-12-17,7T06,,,,,,,,,,,,,
2020-12-27T00:48:00-CME-001,M2M_CATALOG,2020-12-27T00:48Z,,,2020-12-27,7T00,,,,,,,,,,,,,
2020-12-30T02:24:00-CME-001,M2M_CATALOG,2020-12-30T02:24Z,S20E08,12795.0,2020-12-30,0T02,,,,,,,,,,,,,
2020-10-10T04:24:00-CME-001,M2M_CATALOG,2020-10-10T04:24Z,,,2020-10-10,0T04,,,,,,,,,,,,,
2020-10-13T21:12:00-CME-001,M2M_CATALOG,2020-10-13T21:12Z,S23W37,12775.0,2020-10-13,3T21,,,,,,,,,,,,,
2020-10-14T03:24:00-CME-001,M2M_CATALOG,2020-10-14T03:24Z,,,2020-10-14,4T03,,,,,,,,,,,,,
2020-10-15T11:24:00-CME-001,M2M_CATALOG,2020-10-15T11:24Z,,,2020-10-15,5T11,,,,,,,,,,,,,
2020-10-15T16:36:00-CME-001,M2M_CATALOG,2020-10-15T16:36Z,,,2020-10-15,5T16,,,,,,,,,,,,,
2020-10-16T13:36:00-CME-001,M2M_CATALOG,2020-10-16T13:36Z,,12774.0,2020-10-16,6T13,,,,,,,,,,,,,
2020-10-16T16:03:00-CME-001,M2M_CATALOG,2020-10-16T16:03Z,S23W66,12775.0,2020-10-16,6T16,,,,,,,,,,,,,
2020-10-18T09:24:00-CME-001,M2M_CATALOG,2020-10-18T09:24Z,,,2020-10-18,8T09,,,,,,,,,,,,,
2020-10-22T13:09:00-CME-001,M2M_CATALOG,2020-10-22T13:09Z,,,2020-10-22,2T13,,,,,,,,,,,,,
2020-11-02T05:24:00-CME-001,M2M_CATALOG,2020-11-02T05:24Z,,,2020-11-02,2T05,,,,,,,,,,,,,
2020-11-07T13:24:00-CME-001,M2M_CATALOG,2020-11-07T13:24Z,N19W01,12780.0,2020-11-07,7T13,,,,,,,,,,,,,
2020-11-08T20:12:00-CME-001,M2M_CATALOG,2020-11-08T20:12Z,,,2020-11-08,8T20,,,,,,,,,,,,,
2020-11-11T19:36:00-CME-001,M2M_CATALOG,2020-11-11T19:36Z,S22E60,12782.0,2020-11-11,1T19,,,,,,,,,,,,,
2020-11-21T19:36:00-CME-001,M2M_CATALOG,2020-11-21T19:36Z,,,2020-11-21,1T19,,,,,,,,,,,,,
2020-12-11T19:09:00-CME-001,M2M_CATALOG,2020-12-11T19:09Z,,12791.0,2020-12-11,1T19,,,,,,,,,,,,,
2020-11-12T02:24:00-CME-001,M2M_CATALOG,2020-11-12T02:24Z,,,2020-11-12,2T02,,,,,,,,,,,,,
2020-11-13T12:24:00-CME-001,M2M_CATALOG,2020-11-13T12:24Z,,,2020-11-13,3T12,,,,,,,,,,,,,
2020-11-17T08:36:00-CME-001,M2M_CATALOG,2020-11-17T08:36Z,,,2020-11-17,7T08,,,,,,,,,,,,,
2020-11-17T19:00:00-CME-001,M2M_CATALOG,2020-11-17T19:00Z,,,2020-11-17,7T19,,,,,,,,,,,,,
2020-11-18T21:48:00-CME-001,M2M_CATALOG,2020-11-18T21:48Z,S20E138,,2020-11-18,8T21,,,,,,,,,,,,,
2020-11-19T02:54:00-CME-001,M2M_CATALOG,2020-11-19T02:54Z,,,2020-11-19,9T02,,,,,,,,,,,,,
2020-11-27T05:48:00-CME-001,M2M_CATALOG,2020-11-27T05:48Z,,,2020-11-27,7T05,,,,,,,,,,,,,
2020-11-29T13:24:00-CME-001,M2M_CATALOG,2020-11-29T13:24Z,S23E97,,2020-11-29,9T13,,,,,,,,,,,,,
2020-11-30T07:09:00-CME-001,M2M_CATALOG,2020-11-30T07:09Z,,,2020-11-30,0T07,,,,,,,,,,,,,
2020-12-01T05:48:00-CME-001,M2M_CATALOG,2020-12-01T05:48Z,S25E80,12790.0,2020-12-01,1T05,,,,,,,,,,,,,
2020-12-01T07:12:00-CME-001,M2M_CATALOG,2020-12-01T07:12Z,N35E30,12787.0,2020-12-01,1T07,,,,,,,,,,,,,
2020-12-03T11:12:00-CME-001,M2M_CATALOG,2020-12-03T11:12Z,S30E137,,2020-12-03,3T11,,,,,,,,,,,,,
2020-12-04T02:48:00-CME-001,M2M_CATALOG,2020-12-04T02:48Z,,,2020-12-04,4T02,,,,,,,,,,,,,
2020-12-06T22:00:00-CME-001,M2M_CATALOG,2020-12-06T22:00Z,,,2020-12-06,6T22,,,,,,,,,,,,,
2020-12-07T16:24:00-CME-001,M2M_CATALOG,2020-12-07T16:24Z,S23W11,12790.0,2020-12-07,7T16,,,,,,,,,,,,,
2020-12-07T18:36:00-CME-001,M2M_CATALOG,2020-12-07T18:36Z,S40W30,,2020-12-07,7T18,8911.0,90cec46d-8f91-4739-bf4f-17fc293eb758,Rolling Rock,Kirin Inchiban,India Pale Ale,Sorachi Ace,5733 - Pediococcus,Caramel,12 IBU,2.7%,9.0°Blg,Estados Unidos,1939.0
2020-12-17T06:48:00-CME-001,M2M_CATALOG,2020-12-17T06:48Z,,,2020-12-17,7T06,,,,,,,,,,,,,
2020-12-27T00:48:00-CME-001,M2M_CATALOG,2020-12-27T00:48Z,,,2020-12-27,7T00,,,,,,,,,,,,,
2020-12-30T02:24:00-CME-001,M2M_CATALOG,2020-12-30T02:24Z,S20E08,12795.0,2020-12-30,0T02,,,,,,,,,,,,,
2020-10-10T04:24:00-CME-001,M2M_CATALOG,2020-10-10T04:24Z,,,2020-10-10,0T04,,,,,,,,,,,,,
2020-10-13T21:12:00-CME-001,M2M_CATALOG,2020-10-13T21:12Z,S23W37,12775.0,2020-10-13,3T21,,,,,,,,,,,,,
2020-10-14T03:24:00-CME-001,M2M_CATALOG,2020-10-14T03:24Z,,,2020-10-14,4T03,,,,,,,,,,,,,
2020-10-15T11:24:00-CME-001,M2M_CATALOG,2020-10-15T11:24Z,,,2020-10-15,5T11,,,,,,,,,,,,,
2020-10-15T16:36:00-CME-001,M2M_CATALOG,2020-10-15T16:36Z,,,2020-10-15,5T16,,,,,,,,,,,,,
2020-10-16T13:36:00-CME-001,M2M_CATALOG,2020-10-16T13:36Z,,12774.0,2020-10-16,6T13,,,,,,,,,,,,,
2020-10-16T16:03:00-CME-001,M2M_CATALOG,2020-10-16T16:03Z,S23W66,12775.0,2020-10-16,6T16,,,,,,,,,,,,,
2020-10-18T09:24:00-CME-001,M2M_CATALOG,2020-10-18T09:24Z,,,2020-10-18,8T09,,,,,,,,,,,,,
2020-10-22T13:09:00-CME-001,M2M_CATALOG,2020-10-22T13:09Z,,,2020-10-22,2T13,,,,,,,,,,,,,
2020-11-02T05:24:00-CME-001,M2M_CATALOG,2020-11-02T05:24Z,,,2020-11-02,2T05,,,,,,,,,,,,,
2020-11-07T13:24:00-CME-001,M2M_CATALOG,2020-11-07T13:24Z,N19W01,12780.0,2020-11-07,7T13,,,,,,,,,,,,,
2020-11-08T20:12:00-CME-001,M2M_CATALOG,2020-11-08T20:12Z,,,2020-11-08,8T20,,,,,,,,,,,,,
2020-11-11T19:36:00-CME-001,M2M_CATALOG,2020-11-11T19:36Z,S22E60,12782.0,2020-11-11,1T19,,,,,,,,,,,,,
2020-11-21T19:36:00-CME-001,M2M_CATALOG,2020-11-21T19:36Z,,,2020-11-21,1T19,,,,,,,,,,,,,
2020-12-11T19:09:00-CME-001,M2M_CATALOG,2020-12-11T19:09Z,,12791.0,2020-12-11,1T19,,,,,,,,,,,,,
2020-11-12T02:24:00-CME-001,M2M_CATALOG,2020-11-12T02:24Z,,,2020-11-12,2T02,,,,,,,,,,,,,
2020-11-13T12:24:00-CME-001,M2M_CATALOG,2020-11-13T12:24Z,,,2020-11-13,3T12,,,,,,,,,,,,,
2020-11-17T08:36:00-CME-001,M2M_CATALOG,2020-11-17T08:36Z,,,2020-11-17,7T08,,,,,,,,,,,,,
2020-11-17T19:00:00-CME-001,M2M_CATALOG,2020-11-17T19:00Z,,,2020-11-17,7T19,,,,,,,,,,,,,
2020-11-18T21:48:00-CME-001,M2M_CATALOG,2020-11-18T21:48Z,S20E138,,2020-11-18,8T21,,,,,,,,,,,,,
2020-11-19T02:54:00-CME-001,M2M_CATALOG,2020-11-19T02:54Z,,,2020-11-19,9T02,,,,,,,,,,,,,
2020-11-27T05:48:00-CME-001,M2M_CATALOG,2020-11-27T05:48Z,,,2020-11-27,7T05,,,,,,,,,,,,,
2020-11-29T13:24:00-CME-001,M2M_CATALOG,2020-11-29T13:24Z,S23E97,,2020-11-29,9T13,,,,,,,,,,,,,
2020-11-30T07:09:00-CME-001,M2M_CATALOG,2020-11-30T07:09Z,,,2020-11-30,0T07,,,,,,,,,,,,,
2020-12-01T05:48:00-CME-001,M2M_CATALOG,2020-12-01T05:48Z,S25E80,12790.0,2020-12-01,1T05,,,,,,,,,,,,,
2020-12-01T07:12:00-CME-001,M2M_CATALOG,2020-12-01T07:12Z,N35E30,12787.0,2020-12-01,1T07,,,,,,,,,,,,,
2020-12-03T11:12:00-CME-001,M2M_CATALOG,2020-12-03T11:12Z,S30E137,,2020-12-03,3T11,,,,,,,,,,,,,
2020-12-04T02:48:00-CME-001,M2M_CATALOG,2020-12-04T02:48Z,,,2020-12-04,4T02,8940.0,99e336f6-9bea-434d-ad72-66e8d3cd3a6a,Patagonia,"Racer 5 India Pale Ale, Bear Republic Bre",Stout,Simcoe,2124 - Bohemian Lager,Black malt,49 IBU,7.7%,14.5°Blg,Argentina,2015.0
2020-12-06T22:00:00-CME-001,M2M_CATALOG,2020-12-06T22:00Z,,,2020-12-06,6T22,,,,,,,,,,,,,
2020-12-07T16:24:00-CME-001,M2M_CATALOG,2020-12-07T16:24Z,S23W11,12790.0,2020-12-07,7T16,,,,,,,,,,,,,
2020-12-07T18:36:00-CME-001,M2M_CATALOG,2020-12-07T18:36Z,S40W30,,2020-12-07,7T18,,,,,,,,,,,,,
2020-12-17T06:48:00-CME-001,M2M_CATALOG,2020-12-17T06:48Z,,,2020-12-17,7T06,,,,,,,,,,,,,
2020-12-27T00:48:00-CME-001,M2M_CATALOG,2020-12-27T00:48Z,,,2020-12-27,7T00,,,,,,,,,,,,,
2020-12-30T02:24:00-CME-001,M2M_CATALOG,2020-12-30T02:24Z,S20E08,12795.0,2020-12-30,0T02,,,,,,,,,,,,,
2020-10-23T04:39:00-CME-001,M2M_CATALOG,2020-10-23T04:39Z,,,2020-10-23,3T04,,,,,,,,,,,,,
2020-10-23T22:35:00-CME-001,M2M_CATALOG,2020-10-23T22:35Z,,,2020-10-23,3T22,,,,,,,,,,,,,
2020-10-10T04:24:00-CME-001,M2M_CATALOG,2020-10-10T04:24Z,,,2020-10-10,0T04,,,,,,,,,,,,,
2020-10-13T21:12:00-CME-001,M2M_CATALOG,2020-10-13T21:12Z,S23W37,12775.0,2020-10-13,3T21,,,,,,,,,,,,,
2020-10-14T03:24:00-CME-001,M2M_CATALOG,2020-10-14T03:24Z,,,2020-10-14,4T03,,,,,,,,,,,,,
2020-10-15T11:24:00-CME-001,M2M_CATALOG,2020-10-15T11:24Z,,,2020-10-15,5T11,,,,,,,,,,,,,
2020-10-15T16:36:00-CME-001,M2M_CATALOG,2020-10-15T16:36Z,,,2020-10-15,5T16,,,,,,,,,,,,,
2020-10-16T13:36:00-CME-001,M2M_CATALOG,2020-10-16T13:36Z,,12774.0,2020-10-16,6T13,,,,,,,,,,,,,
2020-10-16T16:03:00-CME-001,M2M_CATALOG,2020-10-16T16:03Z,S23W66,12775.0,2020-10-16,6T16,,,,,,,,,,,,,
2020-10-18T09:24:00-CME-001,M2M_CATALOG,2020-10-18T09:24Z,,,2020-10-18,8T09,,,,,,,,,,,,,
2020-10-22T13:09:00-CME-001,M2M_CATALOG,2020-10-22T13:09Z,,,2020-10-22,2T13,,,,,,,,,,,,,
2020-10-23T04:39:00-CME-001,M2M_CATALOG,2020-10-23T04:39Z,,,2020-10-23,3T04,,,,,,,,,,,,,
2020-10-23T22:35:00-CME-001,M2M_CATALOG,2020-10-23T22:35Z,,,2020-10-23,3T22,,,,,,,,,,,,,
2020-10-26T09:12:00-CME-001,M2M_CATALOG,2020-10-26T09:12Z,,,2020-10-26,6T09,,,,,,,,,,,,,
2020-10-26T18:09:00-CME-001,M2M_CATALOG,2020-10-26T18:09Z,,,2020-10-26,6T18,,,,,,,,,,,,,
2020-10-27T03:39:00-CME-001,M2M_CATALOG,2020-10-27T03:39Z,,,2020-10-27,7T03,,,,,,,,,,,,,
2020-10-28T13:42:00-CME-001,M2M_CATALOG,2020-10-28T13:42Z,,,2020-10-28,8T13,,,,,,,,,,,,,
2020-11-18T13:24:00-CME-001,M2M_CATALOG,2020-11-18T13:24Z,,,2020-11-18,8T13,,,,,,,,,,,,,
2020-11-18T13:36:00-CME-001,M2M_CATALOG,2020-11-18T13:36Z,,,2020-11-18,8T13,,,,,,,,,,,,,
2020-10-29T01:54:00-CME-001,M2M_CATALOG,2020-10-29T01:54Z,S19W28,12779.0,2020-10-29,9T01,,,,,,,,,,,,,
2020-10-31T00:12:00-CME-001,M2M_CATALOG,2020-10-31T00:12Z,,,2020-10-31,1T00,,,,,,,,,,,,,
2020-12-11T00:36:00-CME-001,M2M_CATALOG,2020-12-11T00:36Z,,,2020-12-11,1T00,,,,,,,,,,,,,
2020-11-01T20:00:00-CME-001,M2M_CATALOG,2020-11-01T20:00Z,,,2020-11-01,1T20,,,,,,,,,,,,,
2020-11-02T05:24:00-CME-001,M2M_CATALOG,2020-11-02T05:24Z,,,2020-11-02,2T05,,,,,,,,,,,,,
2020-11-07T13:24:00-CME-001,M2M_CATALOG,2020-11-07T13:24Z,N19W01,12780.0,2020-11-07,7T13,,,,,,,,,,,,,
2020-11-08T20:12:00-CME-001,M2M_CATALOG,2020-11-08T20:12Z,,,2020-11-08,8T20,,,,,,,,,,,,,
2020-11-11T19:36:00-CME-001,M2M_CATALOG,2020-11-11T19:36Z,S22E60,12782.0,2020-11-11,1T19,,,,,,,,,,,,,
2020-11-21T19:36:00-CME-001,M2M_CATALOG,2020-11-21T19:36Z,,,2020-11-21,1T19,,,,,,,,,,,,,
2020-12-11T19:09:00-CME-001,M2M_CATALOG,2020-12-11T19:09Z,,12791.0,2020-12-11,1T19,,,,,,,,,,,,,
2020-11-12T02:24:00-CME-001,M2M_CATALOG,2020-11-12T02:24Z,,,2020-11-12,2T02,,,,,,,,,,,,,
2020-11-13T12:24:00-CME-001,M2M_CATALOG,2020-11-13T12:24Z,,,2020-11-13,3T12,,,,,,,,,,,,,
2020-11-17T08:36:00-CME-001,M2M_CATALOG,2020-11-17T08:36Z,,,2020-11-17,7T08,,,,,,,,,,,,,
2020-11-17T19:00:00-CME-001,M2M_CATALOG,2020-11-17T19:00Z,,,2020-11-17,7T19,,,,,,,,,,,,,
2020-10-28T13:42:00-CME-001,M2M_CATALOG,2020-10-28T13:42Z,,,2020-10-28,8T13,,,,,,,,,,,,,
2020-11-18T13:24:00-CME-001,M2M_CATALOG,2020-11-18T13:24Z,,,2020-11-18,8T13,,,,,,,,,,,,,
2020-11-18T13:36:00-CME-001,M2M_CATALOG,2020-11-18T13:36Z,,,2020-11-18,8T13,,,,,,,,,,,,,
2020-10-28T13:42:00-CME-001,M2M_CATALOG,2020-10-28T13:42Z,,,2020-10-28,8T13,,,,,,,,,,,,,
2020-11-18T13:24:00-CME-001,M2M_CATALOG,2020-11-18T13:24Z,,,2020-11-18,8T13,,,,,,,,,,,,,
2020-11-18T13:36:00-CME-001,M2M_CATALOG,2020-11-18T13:36Z,,,2020-11-18,8T13,,,,,,,,,,,,,
2020-11-18T21:48:00-CME-001,M2M_CATALOG,2020-11-18T21:48Z,S20E138,,2020-11-18,8T21,,,,,,,,,,,,,
2020-11-19T02:54:00-CME-001,M2M_CATALOG,2020-11-19T02:54Z,,,2020-11-19,9T02,,,,,,,,,,,,,
2020-11-19T03:12:00-CME-001,M2M_CATALOG,2020-11-19T03:12Z,N30E40,,2020-11-19,9T03,,,,,,,,,,,,,
2020-11-19T06:48:00-CME-001,M2M_CATALOG,2020-11-19T06:48Z,S23E49,,2020-11-19,9T06,,,,,,,,,,,,,
2020-11-19T15:12:00-CME-001,M2M_CATALOG,2020-11-19T15:12Z,,,2020-11-19,9T15,,,,,,,,,,,,,
2020-11-29T15:05:00-CME-001,M2M_CATALOG,2020-11-29T15:05Z,,12783.0,2020-11-29,9T15,,,,,,,,,,,,,
2020-11-20T19:51:00-CME-001,M2M_CATALOG,2020-11-20T19:51Z,,12783.0,2020-11-20,0T19,,,,,,,,,,,,,
2020-11-20T21:12:00-CME-001,M2M_CATALOG,2020-11-20T21:12Z,,,2020-11-20,0T21,,,,,,,,,,,,,
2020-11-11T19:36:00-CME-001,M2M_CATALOG,2020-11-11T19:36Z,S22E60,12782.0,2020-11-11,1T19,,,,,,,,,,,,,
2020-11-21T19:36:00-CME-001,M2M_CATALOG,2020-11-21T19:36Z,,,2020-11-21,1T19,,,,,,,,,,,,,
2020-12-11T19:09:00-CME-001,M2M_CATALOG,2020-12-11T19:09Z,,12791.0,2020-12-11,1T19,,,,,,,,,,,,,
2020-11-21T23:12:00-CME-001,M2M_CATALOG,2020-11-21T23:12Z,,,2020-11-21,1T23,,,,,,,,,,,,,
2020-11-22T01:36:00-CME-001,M2M_CATALOG,2020-11-22T01:36Z,,,2020-11-22,2T01,,,,,,,,,,,,,
2020-11-23T18:48:00-CME-001,M2M_CATALOG,2020-11-23T18:48Z,,,2020-11-23,3T18,,,,,,,,,,,,,
2020-11-24T04:36:00-CME-001,M2M_CATALOG,2020-11-24T04:36Z,S20E65,12785.0,2020-11-24,4T04,,,,,,,,,,,,,
2020-11-24T11:24:00-CME-001,M2M_CATALOG,2020-11-24T11:24Z,,,2020-11-24,4T11,,,,,,,,,,,,,
2020-12-04T11:09:00-CME-001,M2M_CATALOG,2020-12-04T11:09Z,,,2020-12-04,4T11,,,,,,,,,,,,,
2020-11-24T13:24:00-CME-001,M2M_CATALOG,2020-11-24T13:24Z,,,2020-11-24,4T13,,,,,,,,,,,,,
2020-11-26T08:24:00-CME-001,M2M_CATALOG,2020-11-26T08:24Z,,,2020-11-26,6T08,,,,,,,,,,,,,
2020-11-26T21:24:00-CME-001,M2M_CATALOG,2020-11-26T21:24Z,N32E90,12787.0,2020-11-26,6T21,,,,,,,,,,,,,
2020-11-27T05:48:00-CME-001,M2M_CATALOG,2020-11-27T05:48Z,,,2020-11-27,7T05,,,,,,,,,,,,,
2020-11-29T13:24:00-CME-001,M2M_CATALOG,2020-11-29T13:24Z,S23E97,,2020-11-29,9T13,,,,,,,,,,,,,
2020-11-19T15:12:00-CME-001,M2M_CATALOG,2020-11-19T15:12Z,,,2020-11-19,9T15,,,,,,,,,,,,,
2020-11-29T15:05:00-CME-001,M2M_CATALOG,2020-11-29T15:05Z,,12783.0,2020-11-29,9T15,,,,,,,,,,,,,
2020-11-30T07:09:00-CME-001,M2M_CATALOG,2020-11-30T07:09Z,,,2020-11-30,0T07,,,,,,,,,,,,,
2020-12-01T05:48:00-CME-001,M2M_CATALOG,2020-12-01T05:48Z,S25E80,12790.0,2020-12-01,1T05,,,,,,,,,,,,,
2020-12-01T07:12:00-CME-001,M2M_CATALOG,2020-12-01T07:12Z,N35E30,12787.0,2020-12-01,1T07,,,,,,,,,,,,,
2020-12-03T11:12:00-CME-001,M2M_CATALOG,2020-12-03T11:12Z,S30E137,,2020-12-03,3T11,,,,,,,,,,,,,
2020-12-04T02:48:00-CME-001,M2M_CATALOG,2020-12-04T02:48Z,,,2020-12-04,4T02,,,,,,,,,,,,,
2020-11-24T11:24:00-CME-001,M2M_CATALOG,2020-11-24T11:24Z,,,2020-11-24,4T11,,,,,,,,,,,,,
2020-12-04T11:09:00-CME-001,M2M_CATALOG,2020-12-04T11:09Z,,,2020-12-04,4T11,,,,,,,,,,,,,
2020-12-06T22:00:00-CME-001,M2M_CATALOG,2020-12-06T22:00Z,,,2020-12-06,6T22,,,,,,,,,,,,,
2020-12-07T16:24:00-CME-001,M2M_CATALOG,2020-12-07T16:24Z,S23W11,12790.0,2020-12-07,7T16,,,,,,,,,,,,,
2020-12-07T18:36:00-CME-001,M2M_CATALOG,2020-12-07T18:36Z,S40W30,,2020-12-07,7T18,,,,,,,,,,,,,
2020-10-31T00:12:00-CME-001,M2M_CATALOG,2020-10-31T00:12Z,,,2020-10-31,1T00,,,,,,,,,,,,,
2020-12-11T00:36:00-CME-001,M2M_CATALOG,2020-12-11T00:36Z,,,2020-12-11,1T00,,,,,,,,,,,,,
2020-11-11T19:36:00-CME-001,M2M_CATALOG,2020-11-11T19:36Z,S22E60,12782.0,2020-11-11,1T19,,,,,,,,,,,,,
2020-11-21T19:36:00-CME-001,M2M_CATALOG,2020-11-21T19:36Z,,,2020-11-21,1T19,,,,,,,,,,,,,
2020-12-11T19:09:00-CME-001,M2M_CATALOG,2020-12-11T19:09Z,,12791.0,2020-12-11,1T19,,,,,,,,,,,,,
2020-12-12T04:12:00-CME-001,M2M_CATALOG,2020-12-12T04:12Z,,,2020-12-12,2T04,,,,,,,,,,,,,
2020-12-13T09:24:00-CME-001,M2M_CATALOG,2020-12-13T09:24Z,,,2020-12-13,3T09,,,,,,,,,,,,,
2020-12-14T15:12:00-CME-001,M2M_CATALOG,2020-12-14T15:12Z,S22E44,12792.0,2020-12-14,4T15,,,,,,,,,,,,,
2020-12-14T21:12:00-CME-001,M2M_CATALOG,2020-12-14T21:12Z,N40E110,,2020-12-14,4T21,,,,,,,,,,,,,
2020-12-17T06:48:00-CME-001,M2M_CATALOG,2020-12-17T06:48Z,,,2020-12-17,7T06,,,,,,,,,,,,,
2020-12-27T00:48:00-CME-001,M2M_CATALOG,2020-12-27T00:48Z,,,2020-12-27,7T00,,,,,,,,,,,,,
2020-12-30T02:24:00-CME-001,M2M_CATALOG,2020-12-30T02:24Z,S20E08,12795.0,2020-12-30,0T02,,,,,,,,,,,,,
2020-10-10T04:24:00-CME-001,M2M_CATALOG,2020-10-10T04:24Z,,,2020-10-10,0T04,,,,,,,,,,,,,
2020-10-13T21:12:00-CME-001,M2M_CATALOG,2020-10-13T21:12Z,S23W37,12775.0,2020-10-13,3T21,,,,,,,,,,,,,
2020-10-14T03:24:00-CME-001,M2M_CATALOG,2020-10-14T03:24Z,,,2020-10-14,4T03,,,,,,,,,,,,,
2020-10-15T11:24:00-CME-001,M2M_CATALOG,2020-10-15T11:24Z,,,2020-10-15,5T11,,,,,,,,,,,,,
2020-10-15T16:36:00-CME-001,M2M_CATALOG,2020-10-15T16:36Z,,,2020-10-15,5T16,,,,,,,,,,,,,
2020-10-16T13:36:00-CME-001,M2M_CATALOG,2020-10-16T13:36Z,,12774.0,2020-10-16,6T13,,,,,,,,,,,,,
2020-10-16T16:03:00-CME-001,M2M_CATALOG,2020-10-16T16:03Z,S23W66,12775.0,2020-10-16,6T16,,,,,,,,,,,,,
2020-10-18T09:24:00-CME-001,M2M_CATALOG,2020-10-18T09:24Z,,,2020-10-18,8T09,,,,,,,,,,,,,
2020-10-22T13:09:00-CME-001,M2M_CATALOG,2020-10-22T13:09Z,,,2020-10-22,2T13,,,,,,,,,,,,,
2020-10-23T04:39:00-CME-001,M2M_CATALOG,2020-10-23T04:39Z,,,2020-10-23,3T04,,,,,,,,,,,,,
2020-10-23T22:35:00-CME-001,M2M_CATALOG,2020-10-23T22:35Z,,,2020-10-23,3T22,,,,,,,,,,,,,
2020-10-26T09:12:00-CME-001,M2M_CATALOG,2020-10-26T09:12Z,,,2020-10-26,6T09,,,,,,,,,,,,,
2020-10-26T18:09:00-CME-001,M2M_CATALOG,2020-10-26T18:09Z,,,2020-10-26,6T18,,,,,,,,,,,,,
2020-10-27T03:39:00-CME-001,M2M_CATALOG,2020-10-27T03:39Z,,,2020-10-27,7T03,,,,,,,,,,,,,
2020-10-28T13:42:00-CME-001,M2M_CATALOG,2020-10-28T13:42Z,,,2020-10-28,8T13,,,,,,,,,,,,,
2020-11-18T13:24:00-CME-001,M2M_CATALOG,2020-11-18T13:24Z,,,2020-11-18,8T13,,,,,,,,,,,,,
2020-11-18T13:36:00-CME-001,M2M_CATALOG,2020-11-18T13:36Z,,,2020-11-18,8T13,,,,,,,,,,,,,
2020-10-29T01:54:00-CME-001,M2M_CATALOG,2020-10-29T01:54Z,S19W28,12779.0,2020-10-29,9T01,,,,,,,,,,,,,
2020-10-31T00:12:00-CME-001,M2M_CATALOG,2020-10-31T00:12Z,,,2020-10-31,1T00,,,,,,,,,,,,,
2020-12-11T00:36:00-CME-001,M2M_CATALOG,2020-12-11T00:36Z,,,2020-12-11,1T00,,,,,,,,,,,,,
2020-11-01T20:00:00-CME-001,M2M_CATALOG,2020-11-01T20:00Z,,,2020-11-01,1T20,,,,,,,,,,,,,
2020-11-02T05:24:00-CME-001,M2M_CATALOG,2020-11-02T05:24Z,,,2020-11-02,2T05,,,,,,,,,,,,,
2020-11-07T13:24:00-CME-001,M2M_CATALOG,2020-11-07T13:24Z,N19W01,12780.0,2020-11-07,7T13,,,,,,,,,,,,,
2020-11-08T20:12:00-CME-001,M2M_CATALOG,2020-11-08T20:12Z,,,2020-11-08,8T20,,,,,,,,,,,,,
2020-11-11T19:36:00-CME-001,M2M_CATALOG,2020-11-11T19:36Z,S22E60,12782.0,2020-11-11,1T19,,,,,,,,,,,,,
2020-11-21T19:36:00-CME-001,M2M_CATALOG,2020-11-21T19:36Z,,,2020-11-21,1T19,,,,,,,,,,,,,
2020-12-11T19:09:00-CME-001,M2M_CATALOG,2020-12-11T19:09Z,,12791.0,2020-12-11,1T19,,,,,,,,,,,,,
2020-11-12T02:24:00-CME-001,M2M_CATALOG,2020-11-12T02:24Z,,,2020-11-12,2T02,,,,,,,,,,,,,
2020-11-13T12:24:00-CME-001,M2M_CATALOG,2020-11-13T12:24Z,,,2020-11-13,3T12,,,,,,,,,,,,,
2020-11-17T08:36:00-CME-001,M2M_CATALOG,2020-11-17T08:36Z,,,2020-11-17,7T08,,,,,,,,,,,,,
2020-11-17T19:00:00-CME-001,M2M_CATALOG,2020-11-17T19:00Z,,,2020-11-17,7T19,,,,,,,,,,,,,
2020-10-28T13:42:00-CME-001,M2M_CATALOG,2020-10-28T13:42Z,,,2020-10-28,8T13,,,,,,,,,,,,,
2020-11-18T13:24:00-CME-001,M2M_CATALOG,2020-11-18T13:24Z,,,2020-11-18,8T13,,,,,,,,,,,,,
2020-11-18T13:36:00-CME-001,M2M_CATALOG,2020-11-18T13:36Z,,,2020-11-18,8T13,,,,,,,,,,,,,
2020-10-28T13:42:00-CME-001,M2M_CATALOG,2020-10-28T13:42Z,,,2020-10-28,8T13,,,,,,,,,,,,,
2020-11-18T13:24:00-CME-001,M2M_CATALOG,2020-11-18T13:24Z,,,2020-11-18,8T13,,,,,,,,,,,,,
2020-11-18T13:36:00-CME-001,M2M_CATALOG,2020-11-18T13:36Z,,,2020-11-18,8T13,,,,,,,,,,,,,
2020-11-18T21:48:00-CME-001,M2M_CATALOG,2020-11-18T21:48Z,S20E138,,2020-11-18,8T21,,,,,,,,,,,,,
2020-11-19T02:54:00-CME-001,M2M_CATALOG,2020-11-19T02:54Z,,,2020-11-19,9T02,,,,,,,,,,,,,
2020-11-19T03:12:00-CME-001,M2M_CATALOG,2020-11-19T03:12Z,N30E40,,2020-11-19,9T03,,,,,,,,,,,,,
2020-11-19T06:48:00-CME-001,M2M_CATALOG,2020-11-19T06:48Z,S23E49,,2020-11-19,9T06,,,,,,,,,,,,,
2020-11-19T15:12:00-CME-001,M2M_CATALOG,2020-11-19T15:12Z,,,2020-11-19,9T15,,,,,,,,,,,,,
2020-11-29T15:05:00-CME-001,M2M_CATALOG,2020-11-29T15:05Z,,12783.0,2020-11-29,9T15,,,,,,,,,,,,,
2020-11-20T19:51:00-CME-001,M2M_CATALOG,2020-11-20T19:51Z,,12783.0,2020-11-20,0T19,,,,,,,,,,,,,
2020-10-10T04:24:00-CME-001,M2M_CATALOG,2020-10-10T04:24Z,,,2020-10-10,0T04,,,,,,,,,,,,,
2020-10-13T21:12:00-CME-001,M2M_CATALOG,2020-10-13T21:12Z,S23W37,12775.0,2020-10-13,3T21,,,,,,,,,,,,,
2020-10-14T03:24:00-CME-001,M2M_CATALOG,2020-10-14T03:24Z,,,2020-10-14,4T03,,,,,,,,,,,,,
2020-10-15T11:24:00-CME-001,M2M_CATALOG,2020-10-15T11:24Z,,,2020-10-15,5T11,,,,,,,,,,,,,
2020-10-15T16:36:00-CME-001,M2M_CATALOG,2020-10-15T16:36Z,,,2020-10-15,5T16,,,,,,,,,,,,,
2020-10-16T13:36:00-CME-001,M2M_CATALOG,2020-10-16T13:36Z,,12774.0,2020-10-16,6T13,,,,,,,,,,,,,
2020-10-16T16:03:00-CME-001,M2M_CATALOG,2020-10-16T16:03Z,S23W66,12775.0,2020-10-16,6T16,,,,,,,,,,,,,
2020-10-18T09:24:00-CME-001,M2M_CATALOG,2020-10-18T09:24Z,,,2020-10-18,8T09,,,,,,,,,,,,,
2020-10-22T13:09:00-CME-001,M2M_CATALOG,2020-10-22T13:09Z,,,2020-10-22,2T13,,,,,,,,,,,,,
2020-10-23T04:39:00-CME-001,M2M_CATALOG,2020-10-23T04:39Z,,,2020-10-23,3T04,,,,,,,,,,,,,
2020-10-23T22:35:00-CME-001,M2M_CATALOG,2020-10-23T22:35Z,,,2020-10-23,3T22,,,,,,,,,,,,,
2020-10-26T09:12:00-CME-001,M2M_CATALOG,2020-10-26T09:12Z,,,2020-10-26,6T09,,,,,,,,,,,,,
2020-10-26T18:09:00-CME-001,M2M_CATALOG,2020-10-26T18:09Z,,,2020-10-26,6T18,,,,,,,,,,,,,
2020-10-27T03:39:00-CME-001,M2M_CATALOG,2020-10-27T03:39Z,,,2020-10-27,7T03,,,,,,,,,,,,,
2020-10-28T13:42:00-CME-001,M2M_CATALOG,2020-10-28T13:42Z,,,2020-10-28,8T13,,,,,,,,,,,,,
2020-11-18T13:24:00-CME-001,M2M_CATALOG,2020-11-18T13:24Z,,,2020-11-18,8T13,,,,,,,,,,,,,
2020-11-18T13:36:00-CME-001,M2M_CATALOG,2020-11-18T13:36Z,,,2020-11-18,8T13,,,,,,,,,,,,,
2020-10-29T01:54:00-CME-001,M2M_CATALOG,2020-10-29T01:54Z,S19W28,12779.0,2020-10-29,9T01,,,,,,,,,,,,,
2020-10-31T00:12:00-CME-001,M2M_CATALOG,2020-10-31T00:12Z,,,2020-10-31,1T00,,,,,,,,,,,,,
2020-12-11T00:36:00-CME-001,M2M_CATALOG,2020-12-11T00:36Z,,,2020-12-11,1T00,,,,,,,,,,,,,
2020-11-01T20:00:00-CME-001,M2M_CATALOG,2020-11-01T20:00Z,,,2020-11-01,1T20,,,,,,,,,,,,,
2020-11-02T05:24:00-CME-001,M2M_CATALOG,2020-11-02T05:24Z,,,2020-11-02,2T05,,,,,,,,,,,,,
2020-11-07T13:24:00-CME-001,M2M_CATALOG,2020-11-07T13:24Z,N19W01,12780.0,2020-11-07,7T13,,,,,,,,,,,,,
2020-11-08T20:12:00-CME-001,M2M_CATALOG,2020-11-08T20:12Z,,,2020-11-08,8T20,,,,,,,,,,,,,
2020-11-11T19:36:00-CME-001,M2M_CATALOG,2020-11-11T19:36Z,S22E60,12782.0,2020-11-11,1T19,,,,,,,,,,,,,
2020-11-21T19:36:00-CME-001,M2M_CATALOG,2020-11-21T19:36Z,,,2020-11-21,1T19,,,,,,,,,,,,,
2020-12-11T19:09:00-CME-001,M2M_CATALOG,2020-12-11T19:09Z,,12791.0,2020-12-11,1T19,,,,,,,,,,,,,
2020-11-12T02:24:00-CME-001,M2M_CATALOG,2020-11-12T02:24Z,,,2020-11-12,2T02,,,,,,,,,,,,,
2020-11-13T12:24:00-CME-001,M2M_CATALOG,2020-11-13T12:24Z,,,2020-11-13,3T12,,,,,,,,,,,,,
2020-11-17T08:36:00-CME-001,M2M_CATALOG,2020-11-17T08:36Z,,,2020-11-17,7T08,,,,,,,,,,,,,
2020-11-17T19:00:00-CME-001,M2M_CATALOG,2020-11-17T19:00Z,,,2020-11-17,7T19,,,,,,,,,,,,,
2020-10-28T13:42:00-CME-001,M2M_CATALOG,2020-10-28T13:42Z,,,2020-10-28,8T13,,,,,,,,,,,,,
2020-11-18T13:24:00-CME-001,M2M_CATALOG,2020-11-18T13:24Z,,,2020-11-18,8T13,,,,,,,,,,,,,
2020-11-18T13:36:00-CME-001,M2M_CATALOG,2020-11-18T13:36Z,,,2020-11-18,8T13,,,,,,,,,,,,,
2020-10-28T13:42:00-CME-001,M2M_CATALOG,2020-10-28T13:42Z,,,2020-10-28,8T13,,,,,,,,,,,,,
2020-11-18T13:24:00-CME-001,M2M_CATALOG,2020-11-18T13:24Z,,,2020-11-18,8T13,,,,,,,,,,,,,
2020-11-18T13:36:00-CME-001,M2M_CATALOG,2020-11-18T13:36Z,,,2020-11-18,8T13,,,,,,,,,,,,,
2020-11-18T21:48:00-CME-001,M2M_CATALOG,2020-11-18T21:48Z,S20E138,,2020-11-18,8T21,,,,,,,,,,,,,
2020-11-19T02:54:00-CME-001,M2M_CATALOG,2020-11-19T02:54Z,,,2020-11-19,9T02,,,,,,,,,,,,,
2020-11-19T03:12:00-CME-001,M2M_CATALOG,2020-11-19T03:12Z,N30E40,,2020-11-19,9T03,,,,,,,,,,,,,
2020-11-19T06:48:00-CME-001,M2M_CATALOG,2020-11-19T06:48Z,S23E49,,2020-11-19,9T06,,,,,,,,,,,,,
2020-11-19T15:12:00-CME-001,M2M_CATALOG,2020-11-19T15:12Z,,,2020-11-19,9T15,,,,,,,,,,,,,
2020-11-29T15:05:00-CME-001,M2M_CATALOG,2020-11-29T15:05Z,,12783.0,2020-11-29,9T15,,,,,,,,,,,,,
2020-11-20T19:51:00-CME-001,M2M_CATALOG,2020-11-20T19:51Z,,12783.0,2020-11-20,0T19,,,,,,,,,,,,,
2020-11-20T21:12:00-CME-001,M2M_CATALOG,2020-11-20T21:12Z,,,2020-11-20,0T21,,,,,,,,,,,,,
2020-11-11T19:36:00-CME-001,M2M_CATALOG,2020-11-11T19:36Z,S22E60,12782.0,2020-11-11,1T19,,,,,,,,,,,,,
2020-11-21T19:36:00-CME-001,M2M_CATALOG,2020-11-21T19:36Z,,,2020-11-21,1T19,,,,,,,,,,,,,
2020-12-11T19:09:00-CME-001,M2M_CATALOG,2020-12-11T19:09Z,,12791.0,2020-12-11,1T19,,,,,,,,,,,,,
2020-11-21T23:12:00-CME-001,M2M_CATALOG,2020-11-21T23:12Z,,,2020-11-21,1T23,,,,,,,,,,,,,
2020-11-22T01:36:00-CME-001,M2M_CATALOG,2020-11-22T01:36Z,,,2020-11-22,2T01,,,,,,,,,,,,,
2020-11-23T18:48:00-CME-001,M2M_CATALOG,2020-11-23T18:48Z,,,2020-11-23,3T18,,,,,,,,,,,,,
2020-11-24T04:36:00-CME-001,M2M_CATALOG,2020-11-24T04:36Z,S20E65,12785.0,2020-11-24,4T04,,,,,,,,,,,,,
2020-11-24T11:24:00-CME-001,M2M_CATALOG,2020-11-24T11:24Z,,,2020-11-24,4T11,,,,,,,,,,,,,
2020-12-04T11:09:00-CME-001,M2M_CATALOG,2020-12-04T11:09Z,,,2020-12-04,4T11,,,,,,,,,,,,,
2020-11-24T13:24:00-CME-001,M2M_CATALOG,2020-11-24T13:24Z,,,2020-11-24,4T13,,,,,,,,,,,,,
2020-11-26T08:24:00-CME-001,M2M_CATALOG,2020-11-26T08:24Z,,,2020-11-26,6T08,,,,,,,,,,,,,
2020-11-26T21:24:00-CME-001,M2M_CATALOG,2020-11-26T21:24Z,N32E90,12787.0,2020-11-26,6T21,,,,,,,,,,,,,
2020-11-27T05:48:00-CME-001,M2M_CATALOG,2020-11-27T05:48Z,,,2020-11-27,7T05,,,,,,,,,,,,,
2020-11-29T13:24:00-CME-001,M2M_CATALOG,2020-11-29T13:24Z,S23E97,,2020-11-29,9T13,,,,,,,,,,,,,
2020-11-19T15:12:00-CME-001,M2M_CATALOG,2020-11-19T15:12Z,,,2020-11-19,9T15,,,,,,,,,,,,,
2020-11-29T15:05:00-CME-001,M2M_CATALOG,2020-11-29T15:05Z,,12783.0,2020-11-29,9T15,,,,,,,,,,,,,
2020-11-30T07:09:00-CME-001,M2M_CATALOG,2020-11-30T07:09Z,,,2020-11-30,0T07,,,,,,,,,,,,,
2020-12-01T05:48:00-CME-001,M2M_CATALOG,2020-12-01T05:48Z,S25E80,12790.0,2020-12-01,1T05,,,,,,,,,,,,,
2020-12-01T07:12:00-CME-001,M2M_CATALOG,2020-12-01T07:12Z,N35E30,12787.0,2020-12-01,1T07,,,,,,,,,,,,,
2020-12-03T11:12:00-CME-001,M2M_CATALOG,2020-12-03T11:12Z,S30E137,,2020-12-03,3T11,,,,,,,,,,,,,
2020-12-04T02:48:00-CME-001,M2M_CATALOG,2020-12-04T02:48Z,,,2020-12-04,4T02,,,,,,,,,,,,,
2020-11-24T11:24:00-CME-001,M2M_CATALOG,2020-11-24T11:24Z,,,2020-11-24,4T11,,,,,,,,,,,,,
2020-12-04T11:09:00-CME-001,M2M_CATALOG,2020-12-04T11:09Z,,,2020-12-04,4T11,,,,,,,,,,,,,
2020-12-06T22:00:00-CME-001,M2M_CATALOG,2020-12-06T22:00Z,,,2020-12-06,6T22,,,,,,,,,,,,,
2020-12-07T16:24:00-CME-001,M2M_CATALOG,2020-12-07T16:24Z,S23W11,12790.0,2020-12-07,7T16,,,,,,,,,,,,,
2020-12-07T18:36:00-CME-001,M2M_CATALOG,2020-12-07T18:36Z,S40W30,,2020-12-07,7T18,,,,,,,,,,,,,
2020-10-31T00:12:00-CME-001,M2M_CATALOG,2020-10-31T00:12Z,,,2020-10-31,1T00,,,,,,,,,,,,,
2020-12-11T00:36:00-CME-001,M2M_CATALOG,2020-12-11T00:36Z,,,2020-12-11,1T00,,,,,,,,,,,,,
2020-11-11T19:36:00-CME-001,M2M_CATALOG,2020-11-11T19:36Z,S22E60,12782.0,2020-11-11,1T19,,,,,,,,,,,,,
2020-11-21T19:36:00-CME-001,M2M_CATALOG,2020-11-21T19:36Z,,,2020-11-21,1T19,,,,,,,,,,,,,
2020-12-11T19:09:00-CME-001,M2M_CATALOG,2020-12-11T19:09Z,,12791.0,2020-12-11,1T19,,,,,,,,,,,,,
2020-12-12T04:12:00-CME-001,M2M_CATALOG,2020-12-12T04:12Z,,,2020-12-12,2T04,,,,,,,,,,,,,
2020-12-13T09:24:00-CME-001,M2M_CATALOG,2020-12-13T09:24Z,,,2020-12-13,3T09,,,,,,,,,,,,,
2020-12-14T15:12:00-CME-001,M2M_CATALOG,2020-12-14T15:12Z,S22E44,12792.0,2020-12-14,4T15,,,,,,,,,,,,,
2020-12-14T21:12:00-CME-001,M2M_CATALOG,2020-12-14T21:12Z,N40E110,,2020-12-14,4T21,,,,,,,,,,,,,
2020-12-17T06:48:00-CME-001,M2M_CATALOG,2020-12-17T06:48Z,,,2020-12-17,7T06,,,,,,,,,,,,,
2020-12-27T00:48:00-CME-001,M2M_CATALOG,2020-12-27T00:48Z,,,2020-12-27,7T00,,,,,,,,,,,,,
2020-12-30T02:24:00-CME-001,M2M_CATALOG,2020-12-30T02:24Z,S20E08,12795.0,2020-12-30,0T02,,,,,,,,,,,,,
2020-10-10T04:24:00-CME-001,M2M_CATALOG,2020-10-10T04:24Z,,,2020-10-10,0T04,,,,,,,,,,,,,
2020-10-13T21:12:00-CME-001,M2M_CATALOG,2020-10-13T21:12Z,S23W37,12775.0,2020-10-13,3T21,,,,,,,,,,,,,
2020-10-14T03:24:00-CME-001,M2M_CATALOG,2020-10-14T03:24Z,,,2020-10-14,4T03,,,,,,,,,,,,,
2020-10-15T11:24:00-CME-001,M2M_CATALOG,2020-10-15T11:24Z,,,2020-10-15,5T11,,,,,,,,,,,,,
2020-10-15T16:36:00-CME-001,M2M_CATALOG,2020-10-15T16:36Z,,,2020-10-15,5T16,,,,,,,,,,,,,
2020-10-16T13:36:00-CME-001,M2M_CATALOG,2020-10-16T13:36Z,,12774.0,2020-10-16,6T13,,,,,,,,,,,,,
2020-10-16T16:03:00-CME-001,M2M_CATALOG,2020-10-16T16:03Z,S23W66,12775.0,2020-10-16,6T16,,,,,,,,,,,,,
2020-10-18T09:24:00-CME-001,M2M_CATALOG,2020-10-18T09:24Z,,,2020-10-18,8T09,,,,,,,,,,,,,
2020-10-22T13:09:00-CME-001,M2M_CATALOG,2020-10-22T13:09Z,,,2020-10-22,2T13,,,,,,,,,,,,,
2020-10-23T04:39:00-CME-001,M2M_CATALOG,2020-10-23T04:39Z,,,2020-10-23,3T04,,,,,,,,,,,,,
2020-10-23T22:35:00-CME-001,M2M_CATALOG,2020-10-23T22:35Z,,,2020-10-23,3T22,,,,,,,,,,,,,
2020-10-26T09:12:00-CME-001,M2M_CATALOG,2020-10-26T09:12Z,,,2020-10-26,6T09,,,,,,,,,,,,,
2020-10-26T18:09:00-CME-001,M2M_CATALOG,2020-10-26T18:09Z,,,2020-10-26,6T18,,,,,,,,,,,,,
2020-10-27T03:39:00-CME-001,M2M_CATALOG,2020-10-27T03:39Z,,,2020-10-27,7T03,,,,,,,,,,,,,
2020-10-28T13:42:00-CME-001,M2M_CATALOG,2020-10-28T13:42Z,,,2020-10-28,8T13,,,,,,,,,,,,,
2020-11-18T13:24:00-CME-001,M2M_CATALOG,2020-11-18T13:24Z,,,2020-11-18,8T13,,,,,,,,,,,,,
2020-11-18T13:36:00-CME-001,M2M_CATALOG,2020-11-18T13:36Z,,,2020-11-18,8T13,,,,,,,,,,,,,
2020-10-29T01:54:00-CME-001,M2M_CATALOG,2020-10-29T01:54Z,S19W28,12779.0,2020-10-29,9T01,,,,,,,,,,,,,
2020-10-31T00:12:00-CME-001,M2M_CATALOG,2020-10-31T00:12Z,,,2020-10-31,1T00,,,,,,,,,,,,,
2020-12-11T00:36:00-CME-001,M2M_CATALOG,2020-12-11T00:36Z,,,2020-12-11,1T00,,,,,,,,,,,,,
2020-11-01T20:00:00-CME-001,M2M_CATALOG,2020-11-01T20:00Z,,,2020-11-01,1T20,,,,,,,,,,,,,
2020-11-02T05:24:00-CME-001,M2M_CATALOG,2020-11-02T05:24Z,,,2020-11-02,2T05,,,,,,,,,,,,,
2020-11-07T13:24:00-CME-001,M2M_CATALOG,2020-11-07T13:24Z,N19W01,12780.0,2020-11-07,7T13,,,,,,,,,,,,,
2020-11-08T20:12:00-CME-001,M2M_CATALOG,2020-11-08T20:12Z,,,2020-11-08,8T20,,,,,,,,,,,,,
2020-11-11T19:36:00-CME-001,M2M_CATALOG,2020-11-11T19:36Z,S22E60,12782.0,2020-11-11,1T19,,,,,,,,,,,,,
2020-11-21T19:36:00-CME-001,M2M_CATALOG,2020-11-21T19:36Z,,,2020-11-21,1T19,,,,,,,,,,,,,
2020-12-11T19:09:00-CME-001,M2M_CATALOG,2020-12-11T19:09Z,,12791.0,2020-12-11,1T19,,,,,,,,,,,,,
2020-11-12T02:24:00-CME-001,M2M_CATALOG,2020-11-12T02:24Z,,,2020-11-12,2T02,,,,,,,,,,,,,
2020-11-13T12:24:00-CME-001,M2M_CATALOG,2020-11-13T12:24Z,,,2020-11-13,3T12,,,,,,,,,,,,,
2020-11-17T08:36:00-CME-001,M2M_CATALOG,2020-11-17T08:36Z,,,2020-11-17,7T08,,,,,,,,,,,,,
2020-11-17T19:00:00-CME-001,M2M_CATALOG,2020-11-17T19:00Z,,,2020-11-17,7T19,,,,,,,,,,,,,
2020-10-28T13:42:00-CME-001,M2M_CATALOG,2020-10-28T13:42Z,,,2020-10-28,8T13,,,,,,,,,,,,,
2020-11-18T13:24:00-CME-001,M2M_CATALOG,2020-11-18T13:24Z,,,2020-11-18,8T13,,,,,,,,,,,,,
2020-11-18T13:36:00-CME-001,M2M_CATALOG,2020-11-18T13:36Z,,,2020-11-18,8T13,,,,,,,,,,,,,
2020-10-28T13:42:00-CME-001,M2M_CATALOG,2020-10-28T13:42Z,,,2020-10-28,8T13,,,,,,,,,,,,,
2020-11-18T13:24:00-CME-001,M2M_CATALOG,2020-11-18T13:24Z,,,2020-11-18,8T13,,,,,,,,,,,,,
2020-11-18T13:36:00-CME-001,M2M_CATALOG,2020-11-18T13:36Z,,,2020-11-18,8T13,,,,,,,,,,,,,
2020-11-18T21:48:00-CME-001,M2M_CATALOG,2020-11-18T21:48Z,S20E138,,2020-11-18,8T21,,,,,,,,,,,,,
2020-11-19T02:54:00-CME-001,M2M_CATALOG,2020-11-19T02:54Z,,,2020-11-19,9T02,,,,,,,,,,,,,
2020-11-19T03:12:00-CME-001,M2M_CATALOG,2020-11-19T03:12Z,N30E40,,2020-11-19,9T03,,,,,,,,,,,,,
2020-11-19T06:48:00-CME-001,M2M_CATALOG,2020-11-19T06:48Z,S23E49,,2020-11-19,9T06,,,,,,,,,,,,,
2020-11-19T15:12:00-CME-001,M2M_CATALOG,2020-11-19T15:12Z,,,2020-11-19,9T15,,,,,,,,,,,,,
2020-11-29T15:05:00-CME-001,M2M_CATALOG,2020-11-29T15:05Z,,12783.0,2020-11-29,9T15,,,,,,,,,,,,,
2020-10-10T04:24:00-CME-001,M2M_CATALOG,2020-10-10T04:24Z,,,2020-10-10,0T04,,,,,,,,,,,,,
2020-10-13T21:12:00-CME-001,M2M_CATALOG,2020-10-13T21:12Z,S23W37,12775.0,2020-10-13,3T21,,,,,,,,,,,,,
2020-10-14T03:24:00-CME-001,M2M_CATALOG,2020-10-14T03:24Z,,,2020-10-14,4T03,,,,,,,,,,,,,
2020-10-15T11:24:00-CME-001,M2M_CATALOG,2020-10-15T11:24Z,,,2020-10-15,5T11,,,,,,,,,,,,,
2020-10-15T16:36:00-CME-001,M2M_CATALOG,2020-10-15T16:36Z,,,2020-10-15,5T16,,,,,,,,,,,,,
2020-10-16T13:36:00-CME-001,M2M_CATALOG,2020-10-16T13:36Z,,12774.0,2020-10-16,6T13,,,,,,,,,,,,,
2020-10-16T16:03:00-CME-001,M2M_CATALOG,2020-10-16T16:03Z,S23W66,12775.0,2020-10-16,6T16,,,,,,,,,,,,,
2020-10-18T09:24:00-CME-001,M2M_CATALOG,2020-10-18T09:24Z,,,2020-10-18,8T09,,,,,,,,,,,,,
2020-10-22T13:09:00-CME-001,M2M_CATALOG,2020-10-22T13:09Z,,,2020-10-22,2T13,,,,,,,,,,,,,
2020-11-02T05:24:00-CME-001,M2M_CATALOG,2020-11-02T05:24Z,,,2020-11-02,2T05,,,,,,,,,,,,,
2020-11-07T13:24:00-CME-001,M2M_CATALOG,2020-11-07T13:24Z,N19W01,12780.0,2020-11-07,7T13,,,,,,,,,,,,,
2020-11-08T20:12:00-CME-001,M2M_CATALOG,2020-11-08T20:12Z,,,2020-11-08,8T20,,,,,,,,,,,,,
2020-11-11T19:36:00-CME-001,M2M_CATALOG,2020-11-11T19:36Z,S22E60,12782.0,2020-11-11,1T19,,,,,,,,,,,,,
2020-11-21T19:36:00-CME-001,M2M_CATALOG,2020-11-21T19:36Z,,,2020-11-21,1T19,,,,,,,,,,,,,
2020-12-11T19:09:00-CME-001,M2M_CATALOG,2020-12-11T19:09Z,,12791.0,2020-12-11,1T19,,,,,,,,,,,,,
2020-11-12T02:24:00-CME-001,M2M_CATALOG,2020-11-12T02:24Z,,,2020-11-12,2T02,,,,,,,,,,,,,
2020-11-13T12:24:00-CME-001,M2M_CATALOG,2020-11-13T12:24Z,,,2020-11-13,3T12,,,,,,,,,,,,,
2020-11-17T08:36:00-CME-001,M2M_CATALOG,2020-11-17T08:36Z,,,2020-11-17,7T08,,,,,,,,,,,,,
2020-11-17T19:00:00-CME-001,M2M_CATALOG,2020-11-17T19:00Z,,,2020-11-17,7T19,,,,,,,,,,,,,
2020-11-18T21:48:00-CME-001,M2M_CATALOG,2020-11-18T21:48Z,S20E138,,2020-11-18,8T21,,,,,,,,,,,,,
2020-11-19T02:54:00-CME-001,M2M_CATALOG,2020-11-19T02:54Z,,,2020-11-19,9T02,,,,,,,,,,,,,
2020-11-27T05:48:00-CME-001,M2M_CATALOG,2020-11-27T05:48Z,,,2020-11-27,7T05,,,,,,,,,,,,,
2020-11-29T13:24:00-CME-001,M2M_CATALOG,2020-11-29T13:24Z,S23E97,,2020-11-29,9T13,,,,,,,,,,,,,
2020-11-30T07:09:00-CME-001,M2M_CATALOG,2020-11-30T07:09Z,,,2020-11-30,0T07,,,,,,,,,,,,,
2020-12-01T05:48:00-CME-001,M2M_CATALOG,2020-12-01T05:48Z,S25E80,12790.0,2020-12-01,1T05,,,,,,,,,,,,,
2020-12-01T07:12:00-CME-001,M2M_CATALOG,2020-12-01T07:12Z,N35E30,12787.0,2020-12-01,1T07,,,,,,,,,,,,,
2020-12-03T11:12:00-CME-001,M2M_CATALOG,2020-12-03T11:12Z,S30E137,,2020-12-03,3T11,,,,,,,,,,,,,
2020-12-04T02:48:00-CME-001,M2M_CATALOG,2020-12-04T02:48Z,,,2020-12-04,4T02,,,,,,,,,,,,,
2020-12-06T22:00:00-CME-001,M2M_CATALOG,2020-12-06T22:00Z,,,2020-12-06,6T22,,,,,,,,,,,,,
2020-12-07T16:24:00-CME-001,M2M_CATALOG,2020-12-07T16:24Z,S23W11,12790.0,2020-12-07,7T16,,,,,,,,,,,,,
2020-12-07T18:36:00-CME-001,M2M_CATALOG,2020-12-07T18:36Z,S40W30,,2020-12-07,7T18,,,,,,,,,,,,,
2020-12-17T06:48:00-CME-001,M2M_CATALOG,2020-12-17T06:48Z,,,2020-12-17,7T06,,,,,,,,,,,,,
2020-12-27T00:48:00-CME-001,M2M_CATALOG,2020-12-27T00:48Z,,,2020-12-27,7T00,,,,,,,,,,,,,
2020-12-30T02:24:00-CME-001,M2M_CATALOG,2020-12-30T02:24Z,S20E08,12795.0,2020-12-30,0T02,,,,,,,,,,,,,
2020-10-10T04:24:00-CME-001,M2M_CATALOG,2020-10-10T04:24Z,,,2020-10-10,0T04,,,,,,,,,,,,,
2020-10-13T21:12:00-CME-001,M2M_CATALOG,2020-10-13T21:12Z,S23W37,12775.0,2020-10-13,3T21,,,,,,,,,,,,,
2020-10-14T03:24:00-CME-001,M2M_CATALOG,2020-10-14T03:24Z,,,2020-10-14,4T03,,,,,,,,,,,,,
2020-10-15T11:24:00-CME-001,M2M_CATALOG,2020-10-15T11:24Z,,,2020-10-15,5T11,,,,,,,,,,,,,
2020-10-15T16:36:00-CME-001,M2M_CATALOG,2020-10-15T16:36Z,,,2020-10-15,5T16,,,,,,,,,,,,,
2020-10-16T13:36:00-CME-001,M2M_CATALOG,2020-10-16T13:36Z,,12774.0,2020-10-16,6T13,,,,,,,,,,,,,
2020-10-16T16:03:00-CME-001,M2M_CATALOG,2020-10-16T16:03Z,S23W66,12775.0,2020-10-16,6T16,,,,,,,,,,,,,
2020-10-18T09:24:00-CME-001,M2M_CATALOG,2020-10-18T09:24Z,,,2020-10-18,8T09,,,,,,,,,,,,,
2020-10-22T13:09:00-CME-001,M2M_CATALOG,2020-10-22T13:09Z,,,2020-10-22,2T13,,,,,,,,,,,,,
2020-11-02T05:24:00-CME-001,M2M_CATALOG,2020-11-02T05:24Z,,,2020-11-02,2T05,,,,,,,,,,,,,
2020-11-07T13:24:00-CME-001,M2M_CATALOG,2020-11-07T13:24Z,N19W01,12780.0,2020-11-07,7T13,,,,,,,,,,,,,
2020-11-08T20:12:00-CME-001,M2M_CATALOG,2020-11-08T20:12Z,,,2020-11-08,8T20,,,,,,,,,,,,,
2020-11-11T19:36:00-CME-001,M2M_CATALOG,2020-11-11T19:36Z,S22E60,12782.0,2020-11-11,1T19,,,,,,,,,,,,,
2020-11-21T19:36:00-CME-001,M2M_CATALOG,2020-11-21T19:36Z,,,2020-11-21,1T19,,,,,,,,,,,,,
2020-12-11T19:09:00-CME-001,M2M_CATALOG,2020-12-11T19:09Z,,12791.0,2020-12-11,1T19,,,,,,,,,,,,,
2020-11-12T02:24:00-CME-001,M2M_CATALOG,2020-11-12T02:24Z,,,2020-11-12,2T02,,,,,,,,,,,,,
2020-11-13T12:24:00-CME-001,M2M_CATALOG,2020-11-13T12:24Z,,,2020-11-13,3T12,,,,,,,,,,,,,
2020-11-17T08:36:00-CME-001,M2M_CATALOG,2020-11-17T08:36Z,,,2020-11-17,7T08,,,,,,,,,,,,,
2020-11-17T19:00:00-CME-001,M2M_CATALOG,2020-11-17T19:00Z,,,2020-11-17,7T19,,,,,,,,,,,,,
2020-11-18T21:48:00-CME-001,M2M_CATALOG,2020-11-18T21:48Z,S20E138,,2020-11-18,8T21,,,,,,,,,,,,,
2020-11-19T02:54:00-CME-001,M2M_CATALOG,2020-11-19T02:54Z,,,2020-11-19,9T02,,,,,,,,,,,,,
2020-11-27T05:48:00-CME-001,M2M_CATALOG,2020-11-27T05:48Z,,,2020-11-27,7T05,,,,,,,,,,,,,
2020-11-29T13:24:00-CME-001,M2M_CATALOG,2020-11-29T13:24Z,S23E97,,2020-11-29,9T13,,,,,,,,,,,,,
2020-11-30T07:09:00-CME-001,M2M_CATALOG,2020-11-30T07:09Z,,,2020-11-30,0T07,,,,,,,,,,,,,
2020-12-01T05:48:00-CME-001,M2M_CATALOG,2020-12-01T05:48Z,S25E80,12790.0,2020-12-01,1T05,,,,,,,,,,,,,
2020-12-01T07:12:00-CME-001,M2M_CATALOG,2020-12-01T07:12Z,N35E30,12787.0,2020-12-01,1T07,,,,,,,,,,,,,
2020-12-03T11:12:00-CME-001,M2M_CATALOG,2020-12-03T11:12Z,S30E137,,2020-12-03,3T11,,,,,,,,,,,,,
2020-12-04T02:48:00-CME-001,M2M_CATALOG,2020-12-04T02:48Z,,,2020-12-04,4T02,,,,,,,,,,,,,
2020-12-06T22:00:00-CME-001,M2M_CATALOG,2020-12-06T22:00Z,,,2020-12-06,6T22,,,,,,,,,,,,,
2020-12-07T16:24:00-CME-001,M2M_CATALOG,2020-12-07T16:24Z,S23W11,12790.0,2020-12-07,7T16,,,,,,,,,,,,,
2020-12-07T18:36:00-CME-001,M2M_CATALOG,2020-12-07T18:36Z,S40W30,,2020-12-07,7T18,,,,,,,,,,,,,
2020-12-17T06:48:00-CME-001,M2M_CATALOG,2020-12-17T06:48Z,,,2020-12-17,7T06,,,,,,,,,,,,,
2020-12-27T00:48:00-CME-001,M2M_CATALOG,2020-12-27T00:48Z,,,2020-12-27,7T00,,,,,,,,,,,,,
2020-12-30T02:24:00-CME-001,M2M_CATALOG,2020-12-30T02:24Z,S20E08,12795.0,2020-12-30,0T02,,,,,,,,,,,,,
2020-10-10T04:24:00-CME-001,M2M_CATALOG,2020-10-10T04:24Z,,,2020-10-10,0T04,,,,,,,,,,,,,
2020-10-13T21:12:00-CME-001,M2M_CATALOG,2020-10-13T21:12Z,S23W37,12775.0,2020-10-13,3T21,,,,,,,,,,,,,
2020-10-14T03:24:00-CME-001,M2M_CATALOG,2020-10-14T03:24Z,,,2020-10-14,4T03,,,,,,,,,,,,,
2020-10-15T11:24:00-CME-001,M2M_CATALOG,2020-10-15T11:24Z,,,2020-10-15,5T11,,,,,,,,,,,,,
2020-10-15T16:36:00-CME-001,M2M_CATALOG,2020-10-15T16:36Z,,,2020-10-15,5T16,,,,,,,,,,,,,
2020-10-16T13:36:00-CME-001,M2M_CATALOG,2020-10-16T13:36Z,,12774.0,2020-10-16,6T13,,,,,,,,,,,,,
2020-10-16T16:03:00-CME-001,M2M_CATALOG,2020-10-16T16:03Z,S23W66,12775.0,2020-10-16,6T16,,,,,,,,,,,,,
2020-10-18T09:24:00-CME-001,M2M_CATALOG,2020-10-18T09:24Z,,,2020-10-18,8T09,,,,,,,,,,,,,
2020-10-22T13:09:00-CME-001,M2M_CATALOG,2020-10-22T13:09Z,,,2020-10-22,2T13,,,,,,,,,,,,,
2020-11-02T05:24:00-CME-001,M2M_CATALOG,2020-11-02T05:24Z,,,2020-11-02,2T05,,,,,,,,,,,,,
2020-11-07T13:24:00-CME-001,M2M_CATALOG,2020-11-07T13:24Z,N19W01,12780.0,2020-11-07,7T13,,,,,,,,,,,,,
2020-11-08T20:12:00-CME-001,M2M_CATALOG,2020-11-08T20:12Z,,,2020-11-08,8T20,,,,,,,,,,,,,
2020-11-11T19:36:00-CME-001,M2M_CATALOG,2020-11-11T19:36Z,S22E60,12782.0,2020-11-11,1T19,,,,,,,,,,,,,
2020-11-21T19:36:00-CME-001,M2M_CATALOG,2020-11-21T19:36Z,,,2020-11-21,1T19,,,,,,,,,,,,,
2020-12-11T19:09:00-CME-001,M2M_CATALOG,2020-12-11T19:09Z,,12791.0,2020-12-11,1T19,,,,,,,,,,,,,
2020-11-12T02:24:00-CME-001,M2M_CATALOG,2020-11-12T02:24Z,,,2020-11-12,2T02,,,,,,,,,,,,,
2020-11-13T12:24:00-CME-001,M2M_CATALOG,2020-11-13T12:24Z,,,2020-11-13,3T12,,,,,,,,,,,,,
2020-11-17T08:36:00-CME-001,M2M_CATALOG,2020-11-17T08:36Z,,,2020-11-17,7T08,,,,,,,,,,,,,
2020-11-17T19:00:00-CME-001,M2M_CATALOG,2020-11-17T19:00Z,,,2020-11-17,7T19,,,,,,,,,,,,,
2020-11-18T21:48:00-CME-001,M2M_CATALOG,2020-11-18T21:48Z,S20E138,,2020-11-18,8T21,,,,,,,,,,,,,
2020-11-19T02:54:00-CME-001,M2M_CATALOG,2020-11-19T02:54Z,,,2020-11-19,9T02,,,,,,,,,,,,,
2020-11-27T05:48:00-CME-001,M2M_CATALOG,2020-11-27T05:48Z,,,2020-11-27,7T05,,,,,,,,,,,,,
2020-11-29T13:24:00-CME-001,M2M_CATALOG,2020-11-29T13:24Z,S23E97,,2020-11-29,9T13,,,,,,,,,,,,,
2020-11-30T07:09:00-CME-001,M2M_CATALOG,2020-11-30T07:09Z,,,2020-11-30,0T07,,,,,,,,,,,,,
2020-12-01T05:48:00-CME-001,M2M_CATALOG,2020-12-01T05:48Z,S25E80,12790.0,2020-12-01,1T05,,,,,,,,,,,,,
2020-12-01T07:12:00-CME-001,M2M_CATALOG,2020-12-01T07:12Z,N35E30,12787.0,2020-12-01,1T07,,,,,,,,,,,,,
2020-12-03T11:12:00-CME-001,M2M_CATALOG,2020-12-03T11:12Z,S30E137,,2020-12-03,3T11,,,,,,,,,,,,,
2020-12-04T02:48:00-CME-001,M2M_CATALOG,2020-12-04T02:48Z,,,2020-12-04,4T02,,,,,,,,,,,,,
2020-12-06T22:00:00-CME-001,M2M_CATALOG,2020-12-06T22:00Z,,,2020-12-06,6T22,,,,,,,,,,,,,
2020-12-07T16:24:00-CME-001,M2M_CATALOG,2020-12-07T16:24Z,S23W11,12790.0,2020-12-07,7T16,,,,,,,,,,,,,
2020-12-07T18:36:00-CME-001,M2M_CATALOG,2020-12-07T18:36Z,S40W30,,2020-12-07,7T18,,,,,,,,,,,,,
2020-12-17T06:48:00-CME-001,M2M_CATALOG,2020-12-17T06:48Z,,,2020-12-17,7T06,,,,,,,,,,,,,
2020-12-27T00:48:00-CME-001,M2M_CATALOG,2020-12-27T00:48Z,,,2020-12-27,7T00,,,,,,,,,,,,,
2020-12-30T02:24:00-CME-001,M2M_CATALOG,2020-12-30T02:24Z,S20E08,12795.0,2020-12-30,0T02,,,,,,,,,,,,,
2020-10-23T04:39:00-CME-001,M2M_CATALOG,2020-10-23T04:39Z,,,2020-10-23,3T04,,,,,,,,,,,,,
2020-10-23T22:35:00-CME-001,M2M_CATALOG,2020-10-23T22:35Z,,,2020-10-23,3T22,,,,,,,,,,,,,
2020-10-10T04:24:00-CME-001,M2M_CATALOG,2020-10-10T04:24Z,,,2020-10-10,0T04,,,,,,,,,,,,,
2020-10-13T21:12:00-CME-001,M2M_CATALOG,2020-10-13T21:12Z,S23W37,12775.0,2020-10-13,3T21,,,,,,,,,,,,,
2020-10-14T03:24:00-CME-001,M2M_CATALOG,2020-10-14T03:24Z,,,2020-10-14,4T03,,,,,,,,,,,,,
2020-10-15T11:24:00-CME-001,M2M_CATALOG,2020-10-15T11:24Z,,,2020-10-15,5T11,,,,,,,,,,,,,
2020-10-15T16:36:00-CME-001,M2M_CATALOG,2020-10-15T16:36Z,,,2020-10-15,5T16,,,,,,,,,,,,,
2020-10-16T13:36:00-CME-001,M2M_CATALOG,2020-10-16T13:36Z,,12774.0,2020-10-16,6T13,,,,,,,,,,,,,
2020-10-16T16:03:00-CME-001,M2M_CATALOG,2020-10-16T16:03Z,S23W66,12775.0,2020-10-16,6T16,,,,,,,,,,,,,
2020-10-18T09:24:00-CME-001,M2M_CATALOG,2020-10-18T09:24Z,,,2020-10-18,8T09,,,,,,,,,,,,,
2020-10-22T13:09:00-CME-001,M2M_CATALOG,2020-10-22T13:09Z,,,2020-10-22,2T13,,,,,,,,,,,,,
2020-10-23T04:39:00-CME-001,M2M_CATALOG,2020-10-23T04:39Z,,,2020-10-23,3T04,,,,,,,,,,,,,
2020-10-23T22:35:00-CME-001,M2M_CATALOG,2020-10-23T22:35Z,,,2020-10-23,3T22,,,,,,,,,,,,,
2020-10-26T09:12:00-CME-001,M2M_CATALOG,2020-10-26T09:12Z,,,2020-10-26,6T09,,,,,,,,,,,,,
2020-10-26T18:09:00-CME-001,M2M_CATALOG,2020-10-26T18:09Z,,,2020-10-26,6T18,,,,,,,,,,,,,
2020-10-27T03:39:00-CME-001,M2M_CATALOG,2020-10-27T03:39Z,,,2020-10-27,7T03,,,,,,,,,,,,,
2020-10-28T13:42:00-CME-001,M2M_CATALOG,2020-10-28T13:42Z,,,2020-10-28,8T13,,,,,,,,,,,,,
2020-11-18T13:24:00-CME-001,M2M_CATALOG,2020-11-18T13:24Z,,,2020-11-18,8T13,,,,,,,,,,,,,
2020-11-18T13:36:00-CME-001,M2M_CATALOG,2020-11-18T13:36Z,,,2020-11-18,8T13,,,,,,,,,,,,,
2020-10-29T01:54:00-CME-001,M2M_CATALOG,2020-10-29T01:54Z,S19W28,12779.0,2020-10-29,9T01,,,,,,,,,,,,,
2020-10-31T00:12:00-CME-001,M2M_CATALOG,2020-10-31T00:12Z,,,2020-10-31,1T00,,,,,,,,,,,,,
2020-12-11T00:36:00-CME-001,M2M_CATALOG,2020-12-11T00:36Z,,,2020-12-11,1T00,,,,,,,,,,,,,
2020-11-01T20:00:00-CME-001,M2M_CATALOG,2020-11-01T20:00Z,,,2020-11-01,1T20,,,,,,,,,,,,,
2020-11-02T05:24:00-CME-001,M2M_CATALOG,2020-11-02T05:24Z,,,2020-11-02,2T05,,,,,,,,,,,,,
2020-11-07T13:24:00-CME-001,M2M_CATALOG,2020-11-07T13:24Z,N19W01,12780.0,2020-11-07,7T13,,,,,,,,,,,,,
2020-11-08T20:12:00-CME-001,M2M_CATALOG,2020-11-08T20:12Z,,,2020-11-08,8T20,,,,,,,,,,,,,
2020-11-11T19:36:00-CME-001,M2M_CATALOG,2020-11-11T19:36Z,S22E60,12782.0,2020-11-11,1T19,,,,,,,,,,,,,
2020-11-21T19:36:00-CME-001,M2M_CATALOG,2020-11-21T19:36Z,,,2020-11-21,1T19,,,,,,,,,,,,,
2020-12-11T19:09:00-CME-001,M2M_CATALOG,2020-12-11T19:09Z,,12791.0,2020-12-11,1T19,,,,,,,,,,,,,
2020-11-12T02:24:00-CME-001,M2M_CATALOG,2020-11-12T02:24Z,,,2020-11-12,2T02,,,,,,,,,,,,,
2020-11-13T12:24:00-CME-001,M2M_CATALOG,2020-11-13T12:24Z,,,2020-11-13,3T12,,,,,,,,,,,,,
2020-11-17T08:36:00-CME-001,M2M_CATALOG,2020-11-17T08:36Z,,,2020-11-17,7T08,,,,,,,,,,,,,
2020-11-17T19:00:00-CME-001,M2M_CATALOG,2020-11-17T19:00Z,,,2020-11-17,7T19,,,,,,,,,,,,,
2020-10-28T13:42:00-CME-001,M2M_CATALOG,2020-10-28T13:42Z,,,2020-10-28,8T13,,,,,,,,,,,,,
2020-11-18T13:24:00-CME-001,M2M_CATALOG,2020-11-18T13:24Z,,,2020-11-18,8T13,,,,,,,,,,,,,
2020-11-18T13:36:00-CME-001,M2M_CATALOG,2020-11-18T13:36Z,,,2020-11-18,8T13,,,,,,,,,,,,,
2020-10-28T13:42:00-CME-001,M2M_CATALOG,2020-10-28T13:42Z,,,2020-10-28,8T13,,,,,,,,,,,,,
2020-11-18T13:24:00-CME-001,M2M_CATALOG,2020-11-18T13:24Z,,,2020-11-18,8T13,,,,,,,,,,,,,
2020-11-18T13:36:00-CME-001,M2M_CATALOG,2020-11-18T13:36Z,,,2020-11-18,8T13,,,,,,,,,,,,,
2020-11-18T21:48:00-CME-001,M2M_CATALOG,2020-11-18T21:48Z,S20E138,,2020-11-18,8T21,,,,,,,,,,,,,
2020-11-19T02:54:00-CME-001,M2M_CATALOG,2020-11-19T02:54Z,,,2020-11-19,9T02,,,,,,,,,,,,,
2020-11-19T03:12:00-CME-001,M2M_CATALOG,2020-11-19T03:12Z,N30E40,,2020-11-19,9T03,,,,,,,,,,,,,
2020-11-19T06:48:00-CME-001,M2M_CATALOG,2020-11-19T06:48Z,S23E49,,2020-11-19,9T06,,,,,,,,,,,,,
2020-11-19T15:12:00-CME-001,M2M_CATALOG,2020-11-19T15:12Z,,,2020-11-19,9T15,,,,,,,,,,,,,
2020-11-29T15:05:00-CME-001,M2M_CATALOG,2020-11-29T15:05Z,,12783.0,2020-11-29,9T15,,,,,,,,,,,,,
2020-11-20T19:51:00-CME-001,M2M_CATALOG,2020-11-20T19:51Z,,12783.0,2020-11-20,0T19,,,,,,,,,,,,,
2020-11-20T21:12:00-CME-001,M2M_CATALOG,2020-11-20T21:12Z,,,2020-11-20,0T21,,,,,,,,,,,,,
2020-11-11T19:36:00-CME-001,M2M_CATALOG,2020-11-11T19:36Z,S22E60,12782.0,2020-11-11,1T19,,,,,,,,,,,,,
2020-11-21T19:36:00-CME-001,M2M_CATALOG,2020-11-21T19:36Z,,,2020-11-21,1T19,,,,,,,,,,,,,
2020-12-11T19:09:00-CME-001,M2M_CATALOG,2020-12-11T19:09Z,,12791.0,2020-12-11,1T19,,,,,,,,,,,,,
2020-11-21T23:12:00-CME-001,M2M_CATALOG,2020-11-21T23:12Z,,,2020-11-21,1T23,,,,,,,,,,,,,
2020-11-22T01:36:00-CME-001,M2M_CATALOG,2020-11-22T01:36Z,,,2020-11-22,2T01,,,,,,,,,,,,,
2020-11-23T18:48:00-CME-001,M2M_CATALOG,2020-11-23T18:48Z,,,2020-11-23,3T18,,,,,,,,,,,,,
2020-11-24T04:36:00-CME-001,M2M_CATALOG,2020-11-24T04:36Z,S20E65,12785.0,2020-11-24,4T04,,,,,,,,,,,,,
2020-11-24T11:24:00-CME-001,M2M_CATALOG,2020-11-24T11:24Z,,,2020-11-24,4T11,,,,,,,,,,,,,
2020-12-04T11:09:00-CME-001,M2M_CATALOG,2020-12-04T11:09Z,,,2020-12-04,4T11,,,,,,,,,,,,,
2020-11-24T13:24:00-CME-001,M2M_CATALOG,2020-11-24T13:24Z,,,2020-11-24,4T13,,,,,,,,,,,,,
2020-11-26T08:24:00-CME-001,M2M_CATALOG,2020-11-26T08:24Z,,,2020-11-26,6T08,,,,,,,,,,,,,
2020-11-26T21:24:00-CME-001,M2M_CATALOG,2020-11-26T21:24Z,N32E90,12787.0,2020-11-26,6T21,9287.0,2a148c1b-647c-45d0-b53b-fc22682975e7,Budweiser,90 Minute IPA,Dark Lager,Vanguard,1762 - Belgian Abbey II,Carapils,74 IBU,9.2%,13.8°Blg,Estados Unidos,1876.0
2020-11-27T05:48:00-CME-001,M2M_CATALOG,2020-11-27T05:48Z,,,2020-11-27,7T05,,,,,,,,,,,,,
2020-11-29T13:24:00-CME-001,M2M_CATALOG,2020-11-29T13:24Z,S23E97,,2020-11-29,9T13,,,,,,,,,,,,,
2020-11-19T15:12:00-CME-001,M2M_CATALOG,2020-11-19T15:12Z,,,2020-11-19,9T15,,,,,,,,,,,,,
2020-11-29T15:05:00-CME-001,M2M_CATALOG,2020-11-29T15:05Z,,12783.0,2020-11-29,9T15,,,,,,,,,,,,,
2020-11-30T07:09:00-CME-001,M2M_CATALOG,2020-11-30T07:09Z,,,2020-11-30,0T07,,,,,,,,,,,,,
2020-12-01T05:48:00-CME-001,M2M_CATALOG,2020-12-01T05:48Z,S25E80,12790.0,2020-12-01,1T05,,,,,,,,,,,,,
2020-12-01T07:12:00-CME-001,M2M_CATALOG,2020-12-01T07:12Z,N35E30,12787.0,2020-12-01,1T07,,,,,,,,,,,,,
2020-12-03T11:12:00-CME-001,M2M_CATALOG,2020-12-03T11:12Z,S30E137,,2020-12-03,3T11,,,,,,,,,,,,,
2020-12-04T02:48:00-CME-001,M2M_CATALOG,2020-12-04T02:48Z,,,2020-12-04,4T02,,,,,,,,,,,,,
2020-11-24T11:24:00-CME-001,M2M_CATALOG,2020-11-24T11:24Z,,,2020-11-24,4T11,,,,,,,,,,,,,
2020-12-04T11:09:00-CME-001,M2M_CATALOG,2020-12-04T11:09Z,,,2020-12-04,4T11,,,,,,,,,,,,,
2020-12-06T22:00:00-CME-001,M2M_CATALOG,2020-12-06T22:00Z,,,2020-12-06,6T22,,,,,,,,,,,,,
2020-12-07T16:24:00-CME-001,M2M_CATALOG,2020-12-07T16:24Z,S23W11,12790.0,2020-12-07,7T16,,,,,,,,,,,,,
2020-12-07T18:36:00-CME-001,M2M_CATALOG,2020-12-07T18:36Z,S40W30,,2020-12-07,7T18,,,,,,,,,,,,,
2020-10-31T00:12:00-CME-001,M2M_CATALOG,2020-10-31T00:12Z,,,2020-10-31,1T00,,,,,,,,,,,,,
2020-12-11T00:36:00-CME-001,M2M_CATALOG,2020-12-11T00:36Z,,,2020-12-11,1T00,,,,,,,,,,,,,
2020-11-11T19:36:00-CME-001,M2M_CATALOG,2020-11-11T19:36Z,S22E60,12782.0,2020-11-11,1T19,,,,,,,,,,,,,
2020-11-21T19:36:00-CME-001,M2M_CATALOG,2020-11-21T19:36Z,,,2020-11-21,1T19,,,,,,,,,,,,,
2020-12-11T19:09:00-CME-001,M2M_CATALOG,2020-12-11T19:09Z,,12791.0,2020-12-11,1T19,,,,,,,,,,,,,
2020-12-12T04:12:00-CME-001,M2M_CATALOG,2020-12-12T04:12Z,,,2020-12-12,2T04,,,,,,,,,,,,,
2020-12-13T09:24:00-CME-001,M2M_CATALOG,2020-12-13T09:24Z,,,2020-12-13,3T09,,,,,,,,,,,,,
2020-12-14T15:12:00-CME-001,M2M_CATALOG,2020-12-14T15:12Z,S22E44,12792.0,2020-12-14,4T15,,,,,,,,,,,,,
2020-12-14T21:12:00-CME-001,M2M_CATALOG,2020-12-14T21:12Z,N40E110,,2020-12-14,4T21,,,,,,,,,,,,,
2020-12-17T06:48:00-CME-001,M2M_CATALOG,2020-12-17T06:48Z,,,2020-12-17,7T06,,,,,,,,,,,,,
2020-12-27T00:48:00-CME-001,M2M_CATALOG,2020-12-27T00:48Z,,,2020-12-27,7T00,,,,,,,,,,,,,
2020-12-30T02:24:00-CME-001,M2M_CATALOG,2020-12-30T02:24Z,S20E08,12795.0,2020-12-30,0T02,,,,,,,,,,,,,
2020-10-10T04:24:00-CME-001,M2M_CATALOG,2020-10-10T04:24Z,,,2020-10-10,0T04,,,,,,,,,,,,,
2020-10-13T21:12:00-CME-001,M2M_CATALOG,2020-10-13T21:12Z,S23W37,12775.0,2020-10-13,3T21,,,,,,,,,,,,,
2020-10-14T03:24:00-CME-001,M2M_CATALOG,2020-10-14T03:24Z,,,2020-10-14,4T03,,,,,,,,,,,,,
2020-10-15T11:24:00-CME-001,M2M_CATALOG,2020-10-15T11:24Z,,,2020-10-15,5T11,,,,,,,,,,,,,
2020-10-15T16:36:00-CME-001,M2M_CATALOG,2020-10-15T16:36Z,,,2020-10-15,5T16,,,,,,,,,,,,,
2020-10-16T13:36:00-CME-001,M2M_CATALOG,2020-10-16T13:36Z,,12774.0,2020-10-16,6T13,,,,,,,,,,,,,
2020-10-16T16:03:00-CME-001,M2M_CATALOG,2020-10-16T16:03Z,S23W66,12775.0,2020-10-16,6T16,,,,,,,,,,,,,
2020-10-18T09:24:00-CME-001,M2M_CATALOG,2020-10-18T09:24Z,,,2020-10-18,8T09,,,,,,,,,,,,,
2020-10-22T13:09:00-CME-001,M2M_CATALOG,2020-10-22T13:09Z,,,2020-10-22,2T13,,,,,,,,,,,,,
2020-10-23T04:39:00-CME-001,M2M_CATALOG,2020-10-23T04:39Z,,,2020-10-23,3T04,,,,,,,,,,,,,
2020-10-23T22:35:00-CME-001,M2M_CATALOG,2020-10-23T22:35Z,,,2020-10-23,3T22,,,,,,,,,,,,,
2020-10-26T09:12:00-CME-001,M2M_CATALOG,2020-10-26T09:12Z,,,2020-10-26,6T09,,,,,,,,,,,,,
2020-10-26T18:09:00-CME-001,M2M_CATALOG,2020-10-26T18:09Z,,,2020-10-26,6T18,,,,,,,,,,,,,
2020-10-27T03:39:00-CME-001,M2M_CATALOG,2020-10-27T03:39Z,,,2020-10-27,7T03,,,,,,,,,,,,,
2020-10-28T13:42:00-CME-001,M2M_CATALOG,2020-10-28T13:42Z,,,2020-10-28,8T13,,,,,,,,,,,,,
2020-11-18T13:24:00-CME-001,M2M_CATALOG,2020-11-18T13:24Z,,,2020-11-18,8T13,,,,,,,,,,,,,
2020-11-18T13:36:00-CME-001,M2M_CATALOG,2020-11-18T13:36Z,,,2020-11-18,8T13,,,,,,,,,,,,,
2020-10-29T01:54:00-CME-001,M2M_CATALOG,2020-10-29T01:54Z,S19W28,12779.0,2020-10-29,9T01,,,,,,,,,,,,,
2020-10-31T00:12:00-CME-001,M2M_CATALOG,2020-10-31T00:12Z,,,2020-10-31,1T00,,,,,,,,,,,,,
2020-12-11T00:36:00-CME-001,M2M_CATALOG,2020-12-11T00:36Z,,,2020-12-11,1T00,,,,,,,,,,,,,
2020-11-01T20:00:00-CME-001,M2M_CATALOG,2020-11-01T20:00Z,,,2020-11-01,1T20,,,,,,,,,,,,,
2020-11-02T05:24:00-CME-001,M2M_CATALOG,2020-11-02T05:24Z,,,2020-11-02,2T05,,,,,,,,,,,,,
2020-11-07T13:24:00-CME-001,M2M_CATALOG,2020-11-07T13:24Z,N19W01,12780.0,2020-11-07,7T13,,,,,,,,,,,,,
2020-11-08T20:12:00-CME-001,M2M_CATALOG,2020-11-08T20:12Z,,,2020-11-08,8T20,,,,,,,,,,,,,
2020-11-11T19:36:00-CME-001,M2M_CATALOG,2020-11-11T19:36Z,S22E60,12782.0,2020-11-11,1T19,,,,,,,,,,,,,
2020-11-21T19:36:00-CME-001,M2M_CATALOG,2020-11-21T19:36Z,,,2020-11-21,1T19,,,,,,,,,,,,,
2020-12-11T19:09:00-CME-001,M2M_CATALOG,2020-12-11T19:09Z,,12791.0,2020-12-11,1T19,,,,,,,,,,,,,
2020-11-12T02:24:00-CME-001,M2M_CATALOG,2020-11-12T02:24Z,,,2020-11-12,2T02,,,,,,,,,,,,,
2020-11-13T12:24:00-CME-001,M2M_CATALOG,2020-11-13T12:24Z,,,2020-11-13,3T12,,,,,,,,,,,,,
2020-11-17T08:36:00-CME-001,M2M_CATALOG,2020-11-17T08:36Z,,,2020-11-17,7T08,,,,,,,,,,,,,
2020-11-17T19:00:00-CME-001,M2M_CATALOG,2020-11-17T19:00Z,,,2020-11-17,7T19,,,,,,,,,,,,,
2020-10-28T13:42:00-CME-001,M2M_CATALOG,2020-10-28T13:42Z,,,2020-10-28,8T13,,,,,,,,,,,,,
2020-11-18T13:24:00-CME-001,M2M_CATALOG,2020-11-18T13:24Z,,,2020-11-18,8T13,,,,,,,,,,,,,
2020-11-18T13:36:00-CME-001,M2M_CATALOG,2020-11-18T13:36Z,,,2020-11-18,8T13,,,,,,,,,,,,,
2020-10-28T13:42:00-CME-001,M2M_CATALOG,2020-10-28T13:42Z,,,2020-10-28,8T13,,,,,,,,,,,,,
2020-11-18T13:24:00-CME-001,M2M_CATALOG,2020-11-18T13:24Z,,,2020-11-18,8T13,,,,,,,,,,,,,
2020-11-18T13:36:00-CME-001,M2M_CATALOG,2020-11-18T13:36Z,,,2020-11-18,8T13,,,,,,,,,,,,,
2020-11-18T21:48:00-CME-001,M2M_CATALOG,2020-11-18T21:48Z,S20E138,,2020-11-18,8T21,,,,,,,,,,,,,
2020-11-19T02:54:00-CME-001,M2M_CATALOG,2020-11-19T02:54Z,,,2020-11-19,9T02,,,,,,,,,,,,,
2020-11-19T03:12:00-CME-001,M2M_CATALOG,2020-11-19T03:12Z,N30E40,,2020-11-19,9T03,,,,,,,,,,,,,
2020-11-19T06:48:00-CME-001,M2M_CATALOG,2020-11-19T06:48Z,S23E49,,2020-11-19,9T06,,,,,,,,,,,,,
2020-11-19T15:12:00-CME-001,M2M_CATALOG,2020-11-19T15:12Z,,,2020-11-19,9T15,,,,,,,,,,,,,
2020-11-29T15:05:00-CME-001,M2M_CATALOG,2020-11-29T15:05Z,,12783.0,2020-11-29,9T15,,,,,,,,,,,,,
2020-11-20T19:51:00-CME-001,M2M_CATALOG,2020-11-20T19:51Z,,12783.0,2020-11-20,0T19,,,,,,,,,,,,,
2020-10-10T04:24:00-CME-001,M2M_CATALOG,2020-10-10T04:24Z,,,2020-10-10,0T04,,,,,,,,,,,,,
2020-10-13T21:12:00-CME-001,M2M_CATALOG,2020-10-13T21:12Z,S23W37,12775.0,2020-10-13,3T21,,,,,,,,,,,,,
2020-10-14T03:24:00-CME-001,M2M_CATALOG,2020-10-14T03:24Z,,,2020-10-14,4T03,,,,,,,,,,,,,
2020-10-15T11:24:00-CME-001,M2M_CATALOG,2020-10-15T11:24Z,,,2020-10-15,5T11,,,,,,,,,,,,,
2020-10-15T16:36:00-CME-001,M2M_CATALOG,2020-10-15T16:36Z,,,2020-10-15,5T16,,,,,,,,,,,,,
2020-10-16T13:36:00-CME-001,M2M_CATALOG,2020-10-16T13:36Z,,12774.0,2020-10-16,6T13,,,,,,,,,,,,,
2020-10-16T16:03:00-CME-001,M2M_CATALOG,2020-10-16T16:03Z,S23W66,12775.0,2020-10-16,6T16,,,,,,,,,,,,,
2020-10-18T09:24:00-CME-001,M2M_CATALOG,2020-10-18T09:24Z,,,2020-10-18,8T09,,,,,,,,,,,,,
2020-10-22T13:09:00-CME-001,M2M_CATALOG,2020-10-22T13:09Z,,,2020-10-22,2T13,,,,,,,,,,,,,
2020-10-23T04:39:00-CME-001,M2M_CATALOG,2020-10-23T04:39Z,,,2020-10-23,3T04,,,,,,,,,,,,,
2020-10-23T22:35:00-CME-001,M2M_CATALOG,2020-10-23T22:35Z,,,2020-10-23,3T22,,,,,,,,,,,,,
2020-10-26T09:12:00-CME-001,M2M_CATALOG,2020-10-26T09:12Z,,,2020-10-26,6T09,,,,,,,,,,,,,
2020-10-26T18:09:00-CME-001,M2M_CATALOG,2020-10-26T18:09Z,,,2020-10-26,6T18,,,,,,,,,,,,,
2020-10-27T03:39:00-CME-001,M2M_CATALOG,2020-10-27T03:39Z,,,2020-10-27,7T03,,,,,,,,,,,,,
2020-10-28T13:42:00-CME-001,M2M_CATALOG,2020-10-28T13:42Z,,,2020-10-28,8T13,,,,,,,,,,,,,
2020-11-18T13:24:00-CME-001,M2M_CATALOG,2020-11-18T13:24Z,,,2020-11-18,8T13,,,,,,,,,,,,,
2020-11-18T13:36:00-CME-001,M2M_CATALOG,2020-11-18T13:36Z,,,2020-11-18,8T13,,,,,,,,,,,,,
2020-10-29T01:54:00-CME-001,M2M_CATALOG,2020-10-29T01:54Z,S19W28,12779.0,2020-10-29,9T01,,,,,,,,,,,,,
2020-10-31T00:12:00-CME-001,M2M_CATALOG,2020-10-31T00:12Z,,,2020-10-31,1T00,,,,,,,,,,,,,
2020-12-11T00:36:00-CME-001,M2M_CATALOG,2020-12-11T00:36Z,,,2020-12-11,1T00,,,,,,,,,,,,,
2020-11-01T20:00:00-CME-001,M2M_CATALOG,2020-11-01T20:00Z,,,2020-11-01,1T20,,,,,,,,,,,,,
2020-11-02T05:24:00-CME-001,M2M_CATALOG,2020-11-02T05:24Z,,,2020-11-02,2T05,,,,,,,,,,,,,
2020-11-07T13:24:00-CME-001,M2M_CATALOG,2020-11-07T13:24Z,N19W01,12780.0,2020-11-07,7T13,,,,,,,,,,,,,
2020-11-08T20:12:00-CME-001,M2M_CATALOG,2020-11-08T20:12Z,,,2020-11-08,8T20,,,,,,,,,,,,,
2020-11-11T19:36:00-CME-001,M2M_CATALOG,2020-11-11T19:36Z,S22E60,12782.0,2020-11-11,1T19,,,,,,,,,,,,,
2020-11-21T19:36:00-CME-001,M2M_CATALOG,2020-11-21T19:36Z,,,2020-11-21,1T19,,,,,,,,,,,,,
2020-12-11T19:09:00-CME-001,M2M_CATALOG,2020-12-11T19:09Z,,12791.0,2020-12-11,1T19,,,,,,,,,,,,,
2020-11-12T02:24:00-CME-001,M2M_CATALOG,2020-11-12T02:24Z,,,2020-11-12,2T02,,,,,,,,,,,,,
2020-11-13T12:24:00-CME-001,M2M_CATALOG,2020-11-13T12:24Z,,,2020-11-13,3T12,,,,,,,,,,,,,
2020-11-17T08:36:00-CME-001,M2M_CATALOG,2020-11-17T08:36Z,,,2020-11-17,7T08,,,,,,,,,,,,,
2020-11-17T19:00:00-CME-001,M2M_CATALOG,2020-11-17T19:00Z,,,2020-11-17,7T19,,,,,,,,,,,,,
2020-10-28T13:42:00-CME-001,M2M_CATALOG,2020-10-28T13:42Z,,,2020-10-28,8T13,,,,,,,,,,,,,
2020-11-18T13:24:00-CME-001,M2M_CATALOG,2020-11-18T13:24Z,,,2020-11-18,8T13,,,,,,,,,,,,,
2020-11-18T13:36:00-CME-001,M2M_CATALOG,2020-11-18T13:36Z,,,2020-11-18,8T13,,,,,,,,,,,,,
2020-10-28T13:42:00-CME-001,M2M_CATALOG,2020-10-28T13:42Z,,,2020-10-28,8T13,,,,,,,,,,,,,
2020-11-18T13:24:00-CME-001,M2M_CATALOG,2020-11-18T13:24Z,,,2020-11-18,8T13,,,,,,,,,,,,,
2020-11-18T13:36:00-CME-001,M2M_CATALOG,2020-11-18T13:36Z,,,2020-11-18,8T13,,,,,,,,,,,,,
2020-11-18T21:48:00-CME-001,M2M_CATALOG,2020-11-18T21:48Z,S20E138,,2020-11-18,8T21,,,,,,,,,,,,,
2020-11-19T02:54:00-CME-001,M2M_CATALOG,2020-11-19T02:54Z,,,2020-11-19,9T02,,,,,,,,,,,,,
2020-11-19T03:12:00-CME-001,M2M_CATALOG,2020-11-19T03:12Z,N30E40,,2020-11-19,9T03,,,,,,,,,,,,,
2020-11-19T06:48:00-CME-001,M2M_CATALOG,2020-11-19T06:48Z,S23E49,,2020-11-19,9T06,,,,,,,,,,,,,
2020-11-19T15:12:00-CME-001,M2M_CATALOG,2020-11-19T15:12Z,,,2020-11-19,9T15,,,,,,,,,,,,,
2020-11-29T15:05:00-CME-001,M2M_CATALOG,2020-11-29T15:05Z,,12783.0,2020-11-29,9T15,,,,,,,,,,,,,
2020-11-20T19:51:00-CME-001,M2M_CATALOG,2020-11-20T19:51Z,,12783.0,2020-11-20,0T19,,,,,,,,,,,,,
2020-11-20T21:12:00-CME-001,M2M_CATALOG,2020-11-20T21:12Z,,,2020-11-20,0T21,,,,,,,,,,,,,
2020-11-11T19:36:00-CME-001,M2M_CATALOG,2020-11-11T19:36Z,S22E60,12782.0,2020-11-11,1T19,,,,,,,,,,,,,
2020-11-21T19:36:00-CME-001,M2M_CATALOG,2020-11-21T19:36Z,,,2020-11-21,1T19,,,,,,,,,,,,,
2020-12-11T19:09:00-CME-001,M2M_CATALOG,2020-12-11T19:09Z,,12791.0,2020-12-11,1T19,,,,,,,,,,,,,
2020-11-21T23:12:00-CME-001,M2M_CATALOG,2020-11-21T23:12Z,,,2020-11-21,1T23,,,,,,,,,,,,,
2020-11-22T01:36:00-CME-001,M2M_CATALOG,2020-11-22T01:36Z,,,2020-11-22,2T01,,,,,,,,,,,,,
2020-11-23T18:48:00-CME-001,M2M_CATALOG,2020-11-23T18:48Z,,,2020-11-23,3T18,,,,,,,,,,,,,
2020-11-24T04:36:00-CME-001,M2M_CATALOG,2020-11-24T04:36Z,S20E65,12785.0,2020-11-24,4T04,,,,,,,,,,,,,
2020-11-24T11:24:00-CME-001,M2M_CATALOG,2020-11-24T11:24Z,,,2020-11-24,4T11,,,,,,,,,,,,,
2020-12-04T11:09:00-CME-001,M2M_CATALOG,2020-12-04T11:09Z,,,2020-12-04,4T11,,,,,,,,,,,,,
2020-11-24T13:24:00-CME-001,M2M_CATALOG,2020-11-24T13:24Z,,,2020-11-24,4T13,,,,,,,,,,,,,
2020-11-26T08:24:00-CME-001,M2M_CATALOG,2020-11-26T08:24Z,,,2020-11-26,6T08,,,,,,,,,,,,,
2020-11-26T21:24:00-CME-001,M2M_CATALOG,2020-11-26T21:24Z,N32E90,12787.0,2020-11-26,6T21,,,,,,,,,,,,,
2020-11-27T05:48:00-CME-001,M2M_CATALOG,2020-11-27T05:48Z,,,2020-11-27,7T05,,,,,,,,,,,,,
2020-11-29T13:24:00-CME-001,M2M_CATALOG,2020-11-29T13:24Z,S23E97,,2020-11-29,9T13,,,,,,,,,,,,,
2020-11-19T15:12:00-CME-001,M2M_CATALOG,2020-11-19T15:12Z,,,2020-11-19,9T15,,,,,,,,,,,,,
2020-11-29T15:05:00-CME-001,M2M_CATALOG,2020-11-29T15:05Z,,12783.0,2020-11-29,9T15,,,,,,,,,,,,,
2020-11-30T07:09:00-CME-001,M2M_CATALOG,2020-11-30T07:09Z,,,2020-11-30,0T07,,,,,,,,,,,,,
2020-12-01T05:48:00-CME-001,M2M_CATALOG,2020-12-01T05:48Z,S25E80,12790.0,2020-12-01,1T05,,,,,,,,,,,,,
2020-12-01T07:12:00-CME-001,M2M_CATALOG,2020-12-01T07:12Z,N35E30,12787.0,2020-12-01,1T07,,,,,,,,,,,,,
2020-12-03T11:12:00-CME-001,M2M_CATALOG,2020-12-03T11:12Z,S30E137,,2020-12-03,3T11,,,,,,,,,,,,,
2020-12-04T02:48:00-CME-001,M2M_CATALOG,2020-12-04T02:48Z,,,2020-12-04,4T02,,,,,,,,,,,,,
2020-11-24T11:24:00-CME-001,M2M_CATALOG,2020-11-24T11:24Z,,,2020-11-24,4T11,,,,,,,,,,,,,
2020-12-04T11:09:00-CME-001,M2M_CATALOG,2020-12-04T11:09Z,,,2020-12-04,4T11,,,,,,,,,,,,,
2020-12-06T22:00:00-CME-001,M2M_CATALOG,2020-12-06T22:00Z,,,2020-12-06,6T22,,,,,,,,,,,,,
2020-12-07T16:24:00-CME-001,M2M_CATALOG,2020-12-07T16:24Z,S23W11,12790.0,2020-12-07,7T16,,,,,,,,,,,,,
2020-12-07T18:36:00-CME-001,M2M_CATALOG,2020-12-07T18:36Z,S40W30,,2020-12-07,7T18,,,,,,,,,,,,,
2020-10-31T00:12:00-CME-001,M2M_CATALOG,2020-10-31T00:12Z,,,2020-10-31,1T00,,,,,,,,,,,,,
2020-12-11T00:36:00-CME-001,M2M_CATALOG,2020-12-11T00:36Z,,,2020-12-11,1T00,,,,,,,,,,,,,
2020-11-11T19:36:00-CME-001,M2M_CATALOG,2020-11-11T19:36Z,S22E60,12782.0,2020-11-11,1T19,,,,,,,,,,,,,
2020-11-21T19:36:00-CME-001,M2M_CATALOG,2020-11-21T19:36Z,,,2020-11-21,1T19,,,,,,,,,,,,,
2020-12-11T19:09:00-CME-001,M2M_CATALOG,2020-12-11T19:09Z,,12791.0,2020-12-11,1T19,,,,,,,,,,,,,
2020-12-12T04:12:00-CME-001,M2M_CATALOG,2020-12-12T04:12Z,,,2020-12-12,2T04,,,,,,,,,,,,,
2020-12-13T09:24:00-CME-001,M2M_CATALOG,2020-12-13T09:24Z,,,2020-12-13,3T09,,,,,,,,,,,,,
2020-12-14T15:12:00-CME-001,M2M_CATALOG,2020-12-14T15:12Z,S22E44,12792.0,2020-12-14,4T15,9403.0,ad05e548-a164-4af2-a1cc-6e1f8f60e24d,Carlsberg,St. Bernardus Abt 12,Amber Hybrid Beer,Centennial,1028 - London Ale,Chocolate malt,34 IBU,7.3%,19.6°Blg,Dinamarca,1847.0
2020-12-14T21:12:00-CME-001,M2M_CATALOG,2020-12-14T21:12Z,N40E110,,2020-12-14,4T21,,,,,,,,,,,,,
2020-12-17T06:48:00-CME-001,M2M_CATALOG,2020-12-17T06:48Z,,,2020-12-17,7T06,,,,,,,,,,,,,
2020-12-27T00:48:00-CME-001,M2M_CATALOG,2020-12-27T00:48Z,,,2020-12-27,7T00,,,,,,,,,,,,,
2020-12-30T02:24:00-CME-001,M2M_CATALOG,2020-12-30T02:24Z,S20E08,12795.0,2020-12-30,0T02,,,,,,,,,,,,,
2020-10-10T04:24:00-CME-001,M2M_CATALOG,2020-10-10T04:24Z,,,2020-10-10,0T04,,,,,,,,,,,,,
2020-10-13T21:12:00-CME-001,M2M_CATALOG,2020-10-13T21:12Z,S23W37,12775.0,2020-10-13,3T21,,,,,,,,,,,,,
2020-10-14T03:24:00-CME-001,M2M_CATALOG,2020-10-14T03:24Z,,,2020-10-14,4T03,,,,,,,,,,,,,
2020-10-15T11:24:00-CME-001,M2M_CATALOG,2020-10-15T11:24Z,,,2020-10-15,5T11,,,,,,,,,,,,,
2020-10-15T16:36:00-CME-001,M2M_CATALOG,2020-10-15T16:36Z,,,2020-10-15,5T16,,,,,,,,,,,,,
2020-10-16T13:36:00-CME-001,M2M_CATALOG,2020-10-16T13:36Z,,12774.0,2020-10-16,6T13,,,,,,,,,,,,,
2020-10-16T16:03:00-CME-001,M2M_CATALOG,2020-10-16T16:03Z,S23W66,12775.0,2020-10-16,6T16,,,,,,,,,,,,,
2020-10-18T09:24:00-CME-001,M2M_CATALOG,2020-10-18T09:24Z,,,2020-10-18,8T09,,,,,,,,,,,,,
2020-10-22T13:09:00-CME-001,M2M_CATALOG,2020-10-22T13:09Z,,,2020-10-22,2T13,,,,,,,,,,,,,
2020-10-23T04:39:00-CME-001,M2M_CATALOG,2020-10-23T04:39Z,,,2020-10-23,3T04,,,,,,,,,,,,,
2020-10-23T22:35:00-CME-001,M2M_CATALOG,2020-10-23T22:35Z,,,2020-10-23,3T22,,,,,,,,,,,,,
2020-10-26T09:12:00-CME-001,M2M_CATALOG,2020-10-26T09:12Z,,,2020-10-26,6T09,,,,,,,,,,,,,
2020-10-26T18:09:00-CME-001,M2M_CATALOG,2020-10-26T18:09Z,,,2020-10-26,6T18,,,,,,,,,,,,,
2020-10-27T03:39:00-CME-001,M2M_CATALOG,2020-10-27T03:39Z,,,2020-10-27,7T03,,,,,,,,,,,,,
2020-10-28T13:42:00-CME-001,M2M_CATALOG,2020-10-28T13:42Z,,,2020-10-28,8T13,,,,,,,,,,,,,
2020-11-18T13:24:00-CME-001,M2M_CATALOG,2020-11-18T13:24Z,,,2020-11-18,8T13,,,,,,,,,,,,,
2020-11-18T13:36:00-CME-001,M2M_CATALOG,2020-11-18T13:36Z,,,2020-11-18,8T13,,,,,,,,,,,,,
2020-10-29T01:54:00-CME-001,M2M_CATALOG,2020-10-29T01:54Z,S19W28,12779.0,2020-10-29,9T01,,,,,,,,,,,,,
2020-10-31T00:12:00-CME-001,M2M_CATALOG,2020-10-31T00:12Z,,,2020-10-31,1T00,,,,,,,,,,,,,
2020-12-11T00:36:00-CME-001,M2M_CATALOG,2020-12-11T00:36Z,,,2020-12-11,1T00,,,,,,,,,,,,,
2020-11-01T20:00:00-CME-001,M2M_CATALOG,2020-11-01T20:00Z,,,2020-11-01,1T20,,,,,,,,,,,,,
2020-11-02T05:24:00-CME-001,M2M_CATALOG,2020-11-02T05:24Z,,,2020-11-02,2T05,,,,,,,,,,,,,
2020-11-07T13:24:00-CME-001,M2M_CATALOG,2020-11-07T13:24Z,N19W01,12780.0,2020-11-07,7T13,,,,,,,,,,,,,
2020-11-08T20:12:00-CME-001,M2M_CATALOG,2020-11-08T20:12Z,,,2020-11-08,8T20,,,,,,,,,,,,,
2020-11-11T19:36:00-CME-001,M2M_CATALOG,2020-11-11T19:36Z,S22E60,12782.0,2020-11-11,1T19,,,,,,,,,,,,,
2020-11-21T19:36:00-CME-001,M2M_CATALOG,2020-11-21T19:36Z,,,2020-11-21,1T19,,,,,,,,,,,,,
2020-12-11T19:09:00-CME-001,M2M_CATALOG,2020-12-11T19:09Z,,12791.0,2020-12-11,1T19,,,,,,,,,,,,,
2020-11-12T02:24:00-CME-001,M2M_CATALOG,2020-11-12T02:24Z,,,2020-11-12,2T02,,,,,,,,,,,,,
2020-11-13T12:24:00-CME-001,M2M_CATALOG,2020-11-13T12:24Z,,,2020-11-13,3T12,,,,,,,,,,,,,
2020-11-17T08:36:00-CME-001,M2M_CATALOG,2020-11-17T08:36Z,,,2020-11-17,7T08,,,,,,,,,,,,,
2020-11-17T19:00:00-CME-001,M2M_CATALOG,2020-11-17T19:00Z,,,2020-11-17,7T19,,,,,,,,,,,,,
2020-10-28T13:42:00-CME-001,M2M_CATALOG,2020-10-28T13:42Z,,,2020-10-28,8T13,,,,,,,,,,,,,
2020-11-18T13:24:00-CME-001,M2M_CATALOG,2020-11-18T13:24Z,,,2020-11-18,8T13,,,,,,,,,,,,,
2020-11-18T13:36:00-CME-001,M2M_CATALOG,2020-11-18T13:36Z,,,2020-11-18,8T13,,,,,,,,,,,,,
2020-10-28T13:42:00-CME-001,M2M_CATALOG,2020-10-28T13:42Z,,,2020-10-28,8T13,,,,,,,,,,,,,
2020-11-18T13:24:00-CME-001,M2M_CATALOG,2020-11-18T13:24Z,,,2020-11-18,8T13,,,,,,,,,,,,,
2020-11-18T13:36:00-CME-001,M2M_CATALOG,2020-11-18T13:36Z,,,2020-11-18,8T13,,,,,,,,,,,,,
2020-11-18T21:48:00-CME-001,M2M_CATALOG,2020-11-18T21:48Z,S20E138,,2020-11-18,8T21,,,,,,,,,,,,,
2020-11-19T02:54:00-CME-001,M2M_CATALOG,2020-11-19T02:54Z,,,2020-11-19,9T02,,,,,,,,,,,,,
2020-11-19T03:12:00-CME-001,M2M_CATALOG,2020-11-19T03:12Z,N30E40,,2020-11-19,9T03,,,,,,,,,,,,,
2020-11-19T06:48:00-CME-001,M2M_CATALOG,2020-11-19T06:48Z,S23E49,,2020-11-19,9T06,,,,,,,,,,,,,
2020-11-19T15:12:00-CME-001,M2M_CATALOG,2020-11-19T15:12Z,,,2020-11-19,9T15,,,,,,,,,,,,,
2020-11-29T15:05:00-CME-001,M2M_CATALOG,2020-11-29T15:05Z,,12783.0,2020-11-29,9T15,,,,,,,,,,,,,
2020-10-10T04:24:00-CME-001,M2M_CATALOG,2020-10-10T04:24Z,,,2020-10-10,0T04,,,,,,,,,,,,,
2020-10-13T21:12:00-CME-001,M2M_CATALOG,2020-10-13T21:12Z,S23W37,12775.0,2020-10-13,3T21,,,,,,,,,,,,,
2020-10-14T03:24:00-CME-001,M2M_CATALOG,2020-10-14T03:24Z,,,2020-10-14,4T03,,,,,,,,,,,,,
2020-10-15T11:24:00-CME-001,M2M_CATALOG,2020-10-15T11:24Z,,,2020-10-15,5T11,,,,,,,,,,,,,
2020-10-15T16:36:00-CME-001,M2M_CATALOG,2020-10-15T16:36Z,,,2020-10-15,5T16,,,,,,,,,,,,,
2020-10-16T13:36:00-CME-001,M2M_CATALOG,2020-10-16T13:36Z,,12774.0,2020-10-16,6T13,,,,,,,,,,,,,
2020-10-16T16:03:00-CME-001,M2M_CATALOG,2020-10-16T16:03Z,S23W66,12775.0,2020-10-16,6T16,,,,,,,,,,,,,
2020-10-18T09:24:00-CME-001,M2M_CATALOG,2020-10-18T09:24Z,,,2020-10-18,8T09,,,,,,,,,,,,,
2020-10-22T13:09:00-CME-001,M2M_CATALOG,2020-10-22T13:09Z,,,2020-10-22,2T13,,,,,,,,,,,,,
2020-11-02T05:24:00-CME-001,M2M_CATALOG,2020-11-02T05:24Z,,,2020-11-02,2T05,,,,,,,,,,,,,
2020-11-07T13:24:00-CME-001,M2M_CATALOG,2020-11-07T13:24Z,N19W01,12780.0,2020-11-07,7T13,,,,,,,,,,,,,
2020-11-08T20:12:00-CME-001,M2M_CATALOG,2020-11-08T20:12Z,,,2020-11-08,8T20,,,,,,,,,,,,,
2020-11-11T19:36:00-CME-001,M2M_CATALOG,2020-11-11T19:36Z,S22E60,12782.0,2020-11-11,1T19,,,,,,,,,,,,,
2020-11-21T19:36:00-CME-001,M2M_CATALOG,2020-11-21T19:36Z,,,2020-11-21,1T19,,,,,,,,,,,,,
2020-12-11T19:09:00-CME-001,M2M_CATALOG,2020-12-11T19:09Z,,12791.0,2020-12-11,1T19,,,,,,,,,,,,,
2020-11-12T02:24:00-CME-001,M2M_CATALOG,2020-11-12T02:24Z,,,2020-11-12,2T02,,,,,,,,,,,,,
2020-11-13T12:24:00-CME-001,M2M_CATALOG,2020-11-13T12:24Z,,,2020-11-13,3T12,,,,,,,,,,,,,
2020-11-17T08:36:00-CME-001,M2M_CATALOG,2020-11-17T08:36Z,,,2020-11-17,7T08,,,,,,,,,,,,,
2020-11-17T19:00:00-CME-001,M2M_CATALOG,2020-11-17T19:00Z,,,2020-11-17,7T19,,,,,,,,,,,,,
2020-11-18T21:48:00-CME-001,M2M_CATALOG,2020-11-18T21:48Z,S20E138,,2020-11-18,8T21,,,,,,,,,,,,,
2020-11-19T02:54:00-CME-001,M2M_CATALOG,2020-11-19T02:54Z,,,2020-11-19,9T02,,,,,,,,,,,,,
2020-11-27T05:48:00-CME-001,M2M_CATALOG,2020-11-27T05:48Z,,,2020-11-27,7T05,,,,,,,,,,,,,
2020-11-29T13:24:00-CME-001,M2M_CATALOG,2020-11-29T13:24Z,S23E97,,2020-11-29,9T13,,,,,,,,,,,,,
2020-11-30T07:09:00-CME-001,M2M_CATALOG,2020-11-30T07:09Z,,,2020-11-30,0T07,,,,,,,,,,,,,
2020-12-01T05:48:00-CME-001,M2M_CATALOG,2020-12-01T05:48Z,S25E80,12790.0,2020-12-01,1T05,,,,,,,,,,,,,
2020-12-01T07:12:00-CME-001,M2M_CATALOG,2020-12-01T07:12Z,N35E30,12787.0,2020-12-01,1T07,,,,,,,,,,,,,
2020-12-03T11:12:00-CME-001,M2M_CATALOG,2020-12-03T11:12Z,S30E137,,2020-12-03,3T11,,,,,,,,,,,,,
2020-12-04T02:48:00-CME-001,M2M_CATALOG,2020-12-04T02:48Z,,,2020-12-04,4T02,,,,,,,,,,,,,
2020-12-06T22:00:00-CME-001,M2M_CATALOG,2020-12-06T22:00Z,,,2020-12-06,6T22,,,,,,,,,,,,,
2020-12-07T16:24:00-CME-001,M2M_CATALOG,2020-12-07T16:24Z,S23W11,12790.0,2020-12-07,7T16,,,,,,,,,,,,,
2020-12-07T18:36:00-CME-001,M2M_CATALOG,2020-12-07T18:36Z,S40W30,,2020-12-07,7T18,,,,,,,,,,,,,
2020-12-17T06:48:00-CME-001,M2M_CATALOG,2020-12-17T06:48Z,,,2020-12-17,7T06,,,,,,,,,,,,,
2020-12-27T00:48:00-CME-001,M2M_CATALOG,2020-12-27T00:48Z,,,2020-12-27,7T00,,,,,,,,,,,,,
2020-12-30T02:24:00-CME-001,M2M_CATALOG,2020-12-30T02:24Z,S20E08,12795.0,2020-12-30,0T02,,,,,,,,,,,,,
2020-10-10T04:24:00-CME-001,M2M_CATALOG,2020-10-10T04:24Z,,,2020-10-10,0T04,,,,,,,,,,,,,
2020-10-13T21:12:00-CME-001,M2M_CATALOG,2020-10-13T21:12Z,S23W37,12775.0,2020-10-13,3T21,,,,,,,,,,,,,
2020-10-14T03:24:00-CME-001,M2M_CATALOG,2020-10-14T03:24Z,,,2020-10-14,4T03,,,,,,,,,,,,,
2020-10-15T11:24:00-CME-001,M2M_CATALOG,2020-10-15T11:24Z,,,2020-10-15,5T11,,,,,,,,,,,,,
2020-10-15T16:36:00-CME-001,M2M_CATALOG,2020-10-15T16:36Z,,,2020-10-15,5T16,,,,,,,,,,,,,
2020-10-16T13:36:00-CME-001,M2M_CATALOG,2020-10-16T13:36Z,,12774.0,2020-10-16,6T13,,,,,,,,,,,,,
2020-10-16T16:03:00-CME-001,M2M_CATALOG,2020-10-16T16:03Z,S23W66,12775.0,2020-10-16,6T16,,,,,,,,,,,,,
2020-10-18T09:24:00-CME-001,M2M_CATALOG,2020-10-18T09:24Z,,,2020-10-18,8T09,,,,,,,,,,,,,
2020-10-22T13:09:00-CME-001,M2M_CATALOG,2020-10-22T13:09Z,,,2020-10-22,2T13,,,,,,,,,,,,,
2020-11-02T05:24:00-CME-001,M2M_CATALOG,2020-11-02T05:24Z,,,2020-11-02,2T05,,,,,,,,,,,,,
2020-11-07T13:24:00-CME-001,M2M_CATALOG,2020-11-07T13:24Z,N19W01,12780.0,2020-11-07,7T13,,,,,,,,,,,,,
2020-11-08T20:12:00-CME-001,M2M_CATALOG,2020-11-08T20:12Z,,,2020-11-08,8T20,,,,,,,,,,,,,
2020-11-11T19:36:00-CME-001,M2M_CATALOG,2020-11-11T19:36Z,S22E60,12782.0,2020-11-11,1T19,,,,,,,,,,,,,
2020-11-21T19:36:00-CME-001,M2M_CATALOG,2020-11-21T19:36Z,,,2020-11-21,1T19,,,,,,,,,,,,,
2020-12-11T19:09:00-CME-001,M2M_CATALOG,2020-12-11T19:09Z,,12791.0,2020-12-11,1T19,,,,,,,,,,,,,
2020-11-12T02:24:00-CME-001,M2M_CATALOG,2020-11-12T02:24Z,,,2020-11-12,2T02,,,,,,,,,,,,,
2020-11-13T12:24:00-CME-001,M2M_CATALOG,2020-11-13T12:24Z,,,2020-11-13,3T12,,,,,,,,,,,,,
2020-11-17T08:36:00-CME-001,M2M_CATALOG,2020-11-17T08:36Z,,,2020-11-17,7T08,,,,,,,,,,,,,
2020-11-17T19:00:00-CME-001,M2M_CATALOG,2020-11-17T19:00Z,,,2020-11-17,7T19,,,,,,,,,,,,,
2020-11-18T21:48:00-CME-001,M2M_CATALOG,2020-11-18T21:48Z,S20E138,,2020-11-18,8T21,,,,,,,,,,,,,
2020-11-19T02:54:00-CME-001,M2M_CATALOG,2020-11-19T02:54Z,,,2020-11-19,9T02,,,,,,,,,,,,,
2020-11-27T05:48:00-CME-001,M2M_CATALOG,2020-11-27T05:48Z,,,2020-11-27,7T05,,,,,,,,,,,,,
2020-11-29T13:24:00-CME-001,M2M_CATALOG,2020-11-29T13:24Z,S23E97,,2020-11-29,9T13,,,,,,,,,,,,,
2020-11-30T07:09:00-CME-001,M2M_CATALOG,2020-11-30T07:09Z,,,2020-11-30,0T07,,,,,,,,,,,,,
2020-12-01T05:48:00-CME-001,M2M_CATALOG,2020-12-01T05:48Z,S25E80,12790.0,2020-12-01,1T05,9495.0,d8305241-ec4a-46af-b024-9d998bc7965a,Sapporo,Hennepin,Strong Ale,Simcoe,1469 - West Yorkshire Ale,Carapils,29 IBU,6.4%,7.3°Blg,Japon,1876.0
2020-12-01T07:12:00-CME-001,M2M_CATALOG,2020-12-01T07:12Z,N35E30,12787.0,2020-12-01,1T07,,,,,,,,,,,,,
2020-12-03T11:12:00-CME-001,M2M_CATALOG,2020-12-03T11:12Z,S30E137,,2020-12-03,3T11,,,,,,,,,,,,,
2020-12-04T02:48:00-CME-001,M2M_CATALOG,2020-12-04T02:48Z,,,2020-12-04,4T02,,,,,,,,,,,,,
2020-12-06T22:00:00-CME-001,M2M_CATALOG,2020-12-06T22:00Z,,,2020-12-06,6T22,,,,,,,,,,,,,
2020-12-07T16:24:00-CME-001,M2M_CATALOG,2020-12-07T16:24Z,S23W11,12790.0,2020-12-07,7T16,,,,,,,,,,,,,
2020-12-07T18:36:00-CME-001,M2M_CATALOG,2020-12-07T18:36Z,S40W30,,2020-12-07,7T18,,,,,,,,,,,,,
2020-12-17T06:48:00-CME-001,M2M_CATALOG,2020-12-17T06:48Z,,,2020-12-17,7T06,,,,,,,,,,,,,
2020-12-27T00:48:00-CME-001,M2M_CATALOG,2020-12-27T00:48Z,,,2020-12-27,7T00,,,,,,,,,,,,,
2020-12-30T02:24:00-CME-001,M2M_CATALOG,2020-12-30T02:24Z,S20E08,12795.0,2020-12-30,0T02,,,,,,,,,,,,,
2020-10-10T04:24:00-CME-001,M2M_CATALOG,2020-10-10T04:24Z,,,2020-10-10,0T04,,,,,,,,,,,,,
2020-10-13T21:12:00-CME-001,M2M_CATALOG,2020-10-13T21:12Z,S23W37,12775.0,2020-10-13,3T21,,,,,,,,,,,,,
2020-10-14T03:24:00-CME-001,M2M_CATALOG,2020-10-14T03:24Z,,,2020-10-14,4T03,,,,,,,,,,,,,
2020-10-15T11:24:00-CME-001,M2M_CATALOG,2020-10-15T11:24Z,,,2020-10-15,5T11,,,,,,,,,,,,,
2020-10-15T16:36:00-CME-001,M2M_CATALOG,2020-10-15T16:36Z,,,2020-10-15,5T16,,,,,,,,,,,,,
2020-10-16T13:36:00-CME-001,M2M_CATALOG,2020-10-16T13:36Z,,12774.0,2020-10-16,6T13,,,,,,,,,,,,,
2020-10-16T16:03:00-CME-001,M2M_CATALOG,2020-10-16T16:03Z,S23W66,12775.0,2020-10-16,6T16,,,,,,,,,,,,,
2020-10-18T09:24:00-CME-001,M2M_CATALOG,2020-10-18T09:24Z,,,2020-10-18,8T09,,,,,,,,,,,,,
2020-10-22T13:09:00-CME-001,M2M_CATALOG,2020-10-22T13:09Z,,,2020-10-22,2T13,,,,,,,,,,,,,
2020-11-02T05:24:00-CME-001,M2M_CATALOG,2020-11-02T05:24Z,,,2020-11-02,2T05,,,,,,,,,,,,,
2020-11-07T13:24:00-CME-001,M2M_CATALOG,2020-11-07T13:24Z,N19W01,12780.0,2020-11-07,7T13,,,,,,,,,,,,,
2020-11-08T20:12:00-CME-001,M2M_CATALOG,2020-11-08T20:12Z,,,2020-11-08,8T20,,,,,,,,,,,,,
2020-11-11T19:36:00-CME-001,M2M_CATALOG,2020-11-11T19:36Z,S22E60,12782.0,2020-11-11,1T19,,,,,,,,,,,,,
2020-11-21T19:36:00-CME-001,M2M_CATALOG,2020-11-21T19:36Z,,,2020-11-21,1T19,,,,,,,,,,,,,
2020-12-11T19:09:00-CME-001,M2M_CATALOG,2020-12-11T19:09Z,,12791.0,2020-12-11,1T19,,,,,,,,,,,,,
2020-11-12T02:24:00-CME-001,M2M_CATALOG,2020-11-12T02:24Z,,,2020-11-12,2T02,,,,,,,,,,,,,
2020-11-13T12:24:00-CME-001,M2M_CATALOG,2020-11-13T12:24Z,,,2020-11-13,3T12,,,,,,,,,,,,,
2020-11-17T08:36:00-CME-001,M2M_CATALOG,2020-11-17T08:36Z,,,2020-11-17,7T08,,,,,,,,,,,,,
2020-11-17T19:00:00-CME-001,M2M_CATALOG,2020-11-17T19:00Z,,,2020-11-17,7T19,,,,,,,,,,,,,
2020-11-18T21:48:00-CME-001,M2M_CATALOG,2020-11-18T21:48Z,S20E138,,2020-11-18,8T21,,,,,,,,,,,,,
2020-11-19T02:54:00-CME-001,M2M_CATALOG,2020-11-19T02:54Z,,,2020-11-19,9T02,,,,,,,,,,,,,
2020-11-27T05:48:00-CME-001,M2M_CATALOG,2020-11-27T05:48Z,,,2020-11-27,7T05,,,,,,,,,,,,,
2020-11-29T13:24:00-CME-001,M2M_CATALOG,2020-11-29T13:24Z,S23E97,,2020-11-29,9T13,,,,,,,,,,,,,
2020-11-30T07:09:00-CME-001,M2M_CATALOG,2020-11-30T07:09Z,,,2020-11-30,0T07,,,,,,,,,,,,,
2020-12-01T05:48:00-CME-001,M2M_CATALOG,2020-12-01T05:48Z,S25E80,12790.0,2020-12-01,1T05,,,,,,,,,,,,,
2020-12-01T07:12:00-CME-001,M2M_CATALOG,2020-12-01T07:12Z,N35E30,12787.0,2020-12-01,1T07,,,,,,,,,,,,,
2020-12-03T11:12:00-CME-001,M2M_CATALOG,2020-12-03T11:12Z,S30E137,,2020-12-03,3T11,,,,,,,,,,,,,
2020-12-04T02:48:00-CME-001,M2M_CATALOG,2020-12-04T02:48Z,,,2020-12-04,4T02,9530.0,804750d7-994b-4c5f-9b9d-5f238b867fa3,Rolling Rock,Double Bastard Ale,Merican Ale,Cashmere,1335 - British Ale II,Black malt,64 IBU,2.3%,5.3°Blg,Estados Unidos,1939.0
2020-12-06T22:00:00-CME-001,M2M_CATALOG,2020-12-06T22:00Z,,,2020-12-06,6T22,,,,,,,,,,,,,
2020-12-07T16:24:00-CME-001,M2M_CATALOG,2020-12-07T16:24Z,S23W11,12790.0,2020-12-07,7T16,,,,,,,,,,,,,
2020-12-07T18:36:00-CME-001,M2M_CATALOG,2020-12-07T18:36Z,S40W30,,2020-12-07,7T18,,,,,,,,,,,,,
2020-12-17T06:48:00-CME-001,M2M_CATALOG,2020-12-17T06:48Z,,,2020-12-17,7T06,,,,,,,,,,,,,
2020-12-27T00:48:00-CME-001,M2M_CATALOG,2020-12-27T00:48Z,,,2020-12-27,7T00,,,,,,,,,,,,,
2020-12-30T02:24:00-CME-001,M2M_CATALOG,2020-12-30T02:24Z,S20E08,12795.0,2020-12-30,0T02,,,,,,,,,,,,,
2020-10-23T04:39:00-CME-001,M2M_CATALOG,2020-10-23T04:39Z,,,2020-10-23,3T04,,,,,,,,,,,,,
2020-10-23T22:35:00-CME-001,M2M_CATALOG,2020-10-23T22:35Z,,,2020-10-23,3T22,,,,,,,,,,,,,
2020-10-10T04:24:00-CME-001,M2M_CATALOG,2020-10-10T04:24Z,,,2020-10-10,0T04,,,,,,,,,,,,,
2020-10-13T21:12:00-CME-001,M2M_CATALOG,2020-10-13T21:12Z,S23W37,12775.0,2020-10-13,3T21,,,,,,,,,,,,,
2020-10-14T03:24:00-CME-001,M2M_CATALOG,2020-10-14T03:24Z,,,2020-10-14,4T03,,,,,,,,,,,,,
2020-10-15T11:24:00-CME-001,M2M_CATALOG,2020-10-15T11:24Z,,,2020-10-15,5T11,,,,,,,,,,,,,
2020-10-15T16:36:00-CME-001,M2M_CATALOG,2020-10-15T16:36Z,,,2020-10-15,5T16,,,,,,,,,,,,,
2020-10-16T13:36:00-CME-001,M2M_CATALOG,2020-10-16T13:36Z,,12774.0,2020-10-16,6T13,,,,,,,,,,,,,
2020-10-16T16:03:00-CME-001,M2M_CATALOG,2020-10-16T16:03Z,S23W66,12775.0,2020-10-16,6T16,,,,,,,,,,,,,
2020-10-18T09:24:00-CME-001,M2M_CATALOG,2020-10-18T09:24Z,,,2020-10-18,8T09,,,,,,,,,,,,,
2020-10-22T13:09:00-CME-001,M2M_CATALOG,2020-10-22T13:09Z,,,2020-10-22,2T13,,,,,,,,,,,,,
2020-10-23T04:39:00-CME-001,M2M_CATALOG,2020-10-23T04:39Z,,,2020-10-23,3T04,,,,,,,,,,,,,
2020-10-23T22:35:00-CME-001,M2M_CATALOG,2020-10-23T22:35Z,,,2020-10-23,3T22,,,,,,,,,,,,,
2020-10-26T09:12:00-CME-001,M2M_CATALOG,2020-10-26T09:12Z,,,2020-10-26,6T09,,,,,,,,,,,,,
2020-10-26T18:09:00-CME-001,M2M_CATALOG,2020-10-26T18:09Z,,,2020-10-26,6T18,,,,,,,,,,,,,
2020-10-27T03:39:00-CME-001,M2M_CATALOG,2020-10-27T03:39Z,,,2020-10-27,7T03,,,,,,,,,,,,,
2020-10-28T13:42:00-CME-001,M2M_CATALOG,2020-10-28T13:42Z,,,2020-10-28,8T13,,,,,,,,,,,,,
2020-11-18T13:24:00-CME-001,M2M_CATALOG,2020-11-18T13:24Z,,,2020-11-18,8T13,,,,,,,,,,,,,
2020-11-18T13:36:00-CME-001,M2M_CATALOG,2020-11-18T13:36Z,,,2020-11-18,8T13,,,,,,,,,,,,,
2020-10-29T01:54:00-CME-001,M2M_CATALOG,2020-10-29T01:54Z,S19W28,12779.0,2020-10-29,9T01,,,,,,,,,,,,,
2020-10-31T00:12:00-CME-001,M2M_CATALOG,2020-10-31T00:12Z,,,2020-10-31,1T00,,,,,,,,,,,,,
2020-12-11T00:36:00-CME-001,M2M_CATALOG,2020-12-11T00:36Z,,,2020-12-11,1T00,,,,,,,,,,,,,
2020-11-01T20:00:00-CME-001,M2M_CATALOG,2020-11-01T20:00Z,,,2020-11-01,1T20,,,,,,,,,,,,,
2020-11-02T05:24:00-CME-001,M2M_CATALOG,2020-11-02T05:24Z,,,2020-11-02,2T05,,,,,,,,,,,,,
2020-11-07T13:24:00-CME-001,M2M_CATALOG,2020-11-07T13:24Z,N19W01,12780.0,2020-11-07,7T13,,,,,,,,,,,,,
2020-11-08T20:12:00-CME-001,M2M_CATALOG,2020-11-08T20:12Z,,,2020-11-08,8T20,,,,,,,,,,,,,
2020-11-11T19:36:00-CME-001,M2M_CATALOG,2020-11-11T19:36Z,S22E60,12782.0,2020-11-11,1T19,,,,,,,,,,,,,
2020-11-21T19:36:00-CME-001,M2M_CATALOG,2020-11-21T19:36Z,,,2020-11-21,1T19,,,,,,,,,,,,,
2020-12-11T19:09:00-CME-001,M2M_CATALOG,2020-12-11T19:09Z,,12791.0,2020-12-11,1T19,,,,,,,,,,,,,
2020-11-12T02:24:00-CME-001,M2M_CATALOG,2020-11-12T02:24Z,,,2020-11-12,2T02,,,,,,,,,,,,,
2020-11-13T12:24:00-CME-001,M2M_CATALOG,2020-11-13T12:24Z,,,2020-11-13,3T12,,,,,,,,,,,,,
2020-11-17T08:36:00-CME-001,M2M_CATALOG,2020-11-17T08:36Z,,,2020-11-17,7T08,,,,,,,,,,,,,
2020-11-17T19:00:00-CME-001,M2M_CATALOG,2020-11-17T19:00Z,,,2020-11-17,7T19,,,,,,,,,,,,,
2020-10-28T13:42:00-CME-001,M2M_CATALOG,2020-10-28T13:42Z,,,2020-10-28,8T13,,,,,,,,,,,,,
2020-11-18T13:24:00-CME-001,M2M_CATALOG,2020-11-18T13:24Z,,,2020-11-18,8T13,,,,,,,,,,,,,
2020-11-18T13:36:00-CME-001,M2M_CATALOG,2020-11-18T13:36Z,,,2020-11-18,8T13,,,,,,,,,,,,,
2020-10-28T13:42:00-CME-001,M2M_CATALOG,2020-10-28T13:42Z,,,2020-10-28,8T13,,,,,,,,,,,,,
2020-11-18T13:24:00-CME-001,M2M_CATALOG,2020-11-18T13:24Z,,,2020-11-18,8T13,,,,,,,,,,,,,
2020-11-18T13:36:00-CME-001,M2M_CATALOG,2020-11-18T13:36Z,,,2020-11-18,8T13,,,,,,,,,,,,,
2020-11-18T21:48:00-CME-001,M2M_CATALOG,2020-11-18T21:48Z,S20E138,,2020-11-18,8T21,,,,,,,,,,,,,
2020-11-19T02:54:00-CME-001,M2M_CATALOG,2020-11-19T02:54Z,,,2020-11-19,9T02,,,,,,,,,,,,,
2020-11-19T03:12:00-CME-001,M2M_CATALOG,2020-11-19T03:12Z,N30E40,,2020-11-19,9T03,,,,,,,,,,,,,
2020-11-19T06:48:00-CME-001,M2M_CATALOG,2020-11-19T06:48Z,S23E49,,2020-11-19,9T06,,,,,,,,,,,,,
2020-11-19T15:12:00-CME-001,M2M_CATALOG,2020-11-19T15:12Z,,,2020-11-19,9T15,,,,,,,,,,,,,
2020-11-29T15:05:00-CME-001,M2M_CATALOG,2020-11-29T15:05Z,,12783.0,2020-11-29,9T15,,,,,,,,,,,,,
2020-11-20T19:51:00-CME-001,M2M_CATALOG,2020-11-20T19:51Z,,12783.0,2020-11-20,0T19,,,,,,,,,,,,,
2020-11-20T21:12:00-CME-001,M2M_CATALOG,2020-11-20T21:12Z,,,2020-11-20,0T21,,,,,,,,,,,,,
2020-11-11T19:36:00-CME-001,M2M_CATALOG,2020-11-11T19:36Z,S22E60,12782.0,2020-11-11,1T19,,,,,,,,,,,,,
2020-11-21T19:36:00-CME-001,M2M_CATALOG,2020-11-21T19:36Z,,,2020-11-21,1T19,,,,,,,,,,,,,
2020-12-11T19:09:00-CME-001,M2M_CATALOG,2020-12-11T19:09Z,,12791.0,2020-12-11,1T19,,,,,,,,,,,,,
2020-11-21T23:12:00-CME-001,M2M_CATALOG,2020-11-21T23:12Z,,,2020-11-21,1T23,,,,,,,,,,,,,
2020-11-22T01:36:00-CME-001,M2M_CATALOG,2020-11-22T01:36Z,,,2020-11-22,2T01,,,,,,,,,,,,,
2020-11-23T18:48:00-CME-001,M2M_CATALOG,2020-11-23T18:48Z,,,2020-11-23,3T18,,,,,,,,,,,,,
2020-11-24T04:36:00-CME-001,M2M_CATALOG,2020-11-24T04:36Z,S20E65,12785.0,2020-11-24,4T04,,,,,,,,,,,,,
2020-11-24T11:24:00-CME-001,M2M_CATALOG,2020-11-24T11:24Z,,,2020-11-24,4T11,,,,,,,,,,,,,
2020-12-04T11:09:00-CME-001,M2M_CATALOG,2020-12-04T11:09Z,,,2020-12-04,4T11,,,,,,,,,,,,,
2020-11-24T13:24:00-CME-001,M2M_CATALOG,2020-11-24T13:24Z,,,2020-11-24,4T13,,,,,,,,,,,,,
2020-11-26T08:24:00-CME-001,M2M_CATALOG,2020-11-26T08:24Z,,,2020-11-26,6T08,,,,,,,,,,,,,
2020-11-26T21:24:00-CME-001,M2M_CATALOG,2020-11-26T21:24Z,N32E90,12787.0,2020-11-26,6T21,,,,,,,,,,,,,
2020-11-27T05:48:00-CME-001,M2M_CATALOG,2020-11-27T05:48Z,,,2020-11-27,7T05,,,,,,,,,,,,,
2020-11-29T13:24:00-CME-001,M2M_CATALOG,2020-11-29T13:24Z,S23E97,,2020-11-29,9T13,,,,,,,,,,,,,
2020-11-19T15:12:00-CME-001,M2M_CATALOG,2020-11-19T15:12Z,,,2020-11-19,9T15,,,,,,,,,,,,,
2020-11-29T15:05:00-CME-001,M2M_CATALOG,2020-11-29T15:05Z,,12783.0,2020-11-29,9T15,,,,,,,,,,,,,
2020-11-30T07:09:00-CME-001,M2M_CATALOG,2020-11-30T07:09Z,,,2020-11-30,0T07,,,,,,,,,,,,,
2020-12-01T05:48:00-CME-001,M2M_CATALOG,2020-12-01T05:48Z,S25E80,12790.0,2020-12-01,1T05,,,,,,,,,,,,,
2020-12-01T07:12:00-CME-001,M2M_CATALOG,2020-12-01T07:12Z,N35E30,12787.0,2020-12-01,1T07,,,,,,,,,,,,,
2020-12-03T11:12:00-CME-001,M2M_CATALOG,2020-12-03T11:12Z,S30E137,,2020-12-03,3T11,,,,,,,,,,,,,
2020-12-04T02:48:00-CME-001,M2M_CATALOG,2020-12-04T02:48Z,,,2020-12-04,4T02,,,,,,,,,,,,,
2020-11-24T11:24:00-CME-001,M2M_CATALOG,2020-11-24T11:24Z,,,2020-11-24,4T11,,,,,,,,,,,,,
2020-12-04T11:09:00-CME-001,M2M_CATALOG,2020-12-04T11:09Z,,,2020-12-04,4T11,,,,,,,,,,,,,
2020-12-06T22:00:00-CME-001,M2M_CATALOG,2020-12-06T22:00Z,,,2020-12-06,6T22,,,,,,,,,,,,,
2020-12-07T16:24:00-CME-001,M2M_CATALOG,2020-12-07T16:24Z,S23W11,12790.0,2020-12-07,7T16,,,,,,,,,,,,,
2020-12-07T18:36:00-CME-001,M2M_CATALOG,2020-12-07T18:36Z,S40W30,,2020-12-07,7T18,,,,,,,,,,,,,
2020-10-31T00:12:00-CME-001,M2M_CATALOG,2020-10-31T00:12Z,,,2020-10-31,1T00,,,,,,,,,,,,,
2020-12-11T00:36:00-CME-001,M2M_CATALOG,2020-12-11T00:36Z,,,2020-12-11,1T00,,,,,,,,,,,,,
2020-11-11T19:36:00-CME-001,M2M_CATALOG,2020-11-11T19:36Z,S22E60,12782.0,2020-11-11,1T19,,,,,,,,,,,,,
2020-11-21T19:36:00-CME-001,M2M_CATALOG,2020-11-21T19:36Z,,,2020-11-21,1T19,,,,,,,,,,,,,
2020-12-11T19:09:00-CME-001,M2M_CATALOG,2020-12-11T19:09Z,,12791.0,2020-12-11,1T19,,,,,,,,,,,,,
2020-12-12T04:12:00-CME-001,M2M_CATALOG,2020-12-12T04:12Z,,,2020-12-12,2T04,,,,,,,,,,,,,
2020-12-13T09:24:00-CME-001,M2M_CATALOG,2020-12-13T09:24Z,,,2020-12-13,3T09,,,,,,,,,,,,,
2020-12-14T15:12:00-CME-001,M2M_CATALOG,2020-12-14T15:12Z,S22E44,12792.0,2020-12-14,4T15,,,,,,,,,,,,,
2020-12-14T21:12:00-CME-001,M2M_CATALOG,2020-12-14T21:12Z,N40E110,,2020-12-14,4T21,,,,,,,,,,,,,
2020-12-17T06:48:00-CME-001,M2M_CATALOG,2020-12-17T06:48Z,,,2020-12-17,7T06,,,,,,,,,,,,,
2020-12-27T00:48:00-CME-001,M2M_CATALOG,2020-12-27T00:48Z,,,2020-12-27,7T00,,,,,,,,,,,,,
2020-12-30T02:24:00-CME-001,M2M_CATALOG,2020-12-30T02:24Z,S20E08,12795.0,2020-12-30,0T02,,,,,,,,,,,,,
2020-10-10T04:24:00-CME-001,M2M_CATALOG,2020-10-10T04:24Z,,,2020-10-10,0T04,,,,,,,,,,,,,
2020-10-13T21:12:00-CME-001,M2M_CATALOG,2020-10-13T21:12Z,S23W37,12775.0,2020-10-13,3T21,,,,,,,,,,,,,
2020-10-14T03:24:00-CME-001,M2M_CATALOG,2020-10-14T03:24Z,,,2020-10-14,4T03,,,,,,,,,,,,,
2020-10-15T11:24:00-CME-001,M2M_CATALOG,2020-10-15T11:24Z,,,2020-10-15,5T11,,,,,,,,,,,,,
2020-10-15T16:36:00-CME-001,M2M_CATALOG,2020-10-15T16:36Z,,,2020-10-15,5T16,,,,,,,,,,,,,
2020-10-16T13:36:00-CME-001,M2M_CATALOG,2020-10-16T13:36Z,,12774.0,2020-10-16,6T13,,,,,,,,,,,,,
2020-10-16T16:03:00-CME-001,M2M_CATALOG,2020-10-16T16:03Z,S23W66,12775.0,2020-10-16,6T16,,,,,,,,,,,,,
2020-10-18T09:24:00-CME-001,M2M_CATALOG,2020-10-18T09:24Z,,,2020-10-18,8T09,,,,,,,,,,,,,
2020-10-22T13:09:00-CME-001,M2M_CATALOG,2020-10-22T13:09Z,,,2020-10-22,2T13,,,,,,,,,,,,,
2020-10-23T04:39:00-CME-001,M2M_CATALOG,2020-10-23T04:39Z,,,2020-10-23,3T04,,,,,,,,,,,,,
2020-10-23T22:35:00-CME-001,M2M_CATALOG,2020-10-23T22:35Z,,,2020-10-23,3T22,,,,,,,,,,,,,
2020-10-26T09:12:00-CME-001,M2M_CATALOG,2020-10-26T09:12Z,,,2020-10-26,6T09,,,,,,,,,,,,,
2020-10-26T18:09:00-CME-001,M2M_CATALOG,2020-10-26T18:09Z,,,2020-10-26,6T18,,,,,,,,,,,,,
2020-10-27T03:39:00-CME-001,M2M_CATALOG,2020-10-27T03:39Z,,,2020-10-27,7T03,,,,,,,,,,,,,
2020-10-28T13:42:00-CME-001,M2M_CATALOG,2020-10-28T13:42Z,,,2020-10-28,8T13,,,,,,,,,,,,,
2020-11-18T13:24:00-CME-001,M2M_CATALOG,2020-11-18T13:24Z,,,2020-11-18,8T13,,,,,,,,,,,,,
2020-11-18T13:36:00-CME-001,M2M_CATALOG,2020-11-18T13:36Z,,,2020-11-18,8T13,,,,,,,,,,,,,
2020-10-29T01:54:00-CME-001,M2M_CATALOG,2020-10-29T01:54Z,S19W28,12779.0,2020-10-29,9T01,,,,,,,,,,,,,
2020-10-31T00:12:00-CME-001,M2M_CATALOG,2020-10-31T00:12Z,,,2020-10-31,1T00,,,,,,,,,,,,,
2020-12-11T00:36:00-CME-001,M2M_CATALOG,2020-12-11T00:36Z,,,2020-12-11,1T00,,,,,,,,,,,,,
2020-11-01T20:00:00-CME-001,M2M_CATALOG,2020-11-01T20:00Z,,,2020-11-01,1T20,,,,,,,,,,,,,
2020-11-02T05:24:00-CME-001,M2M_CATALOG,2020-11-02T05:24Z,,,2020-11-02,2T05,,,,,,,,,,,,,
2020-11-07T13:24:00-CME-001,M2M_CATALOG,2020-11-07T13:24Z,N19W01,12780.0,2020-11-07,7T13,,,,,,,,,,,,,
2020-11-08T20:12:00-CME-001,M2M_CATALOG,2020-11-08T20:12Z,,,2020-11-08,8T20,,,,,,,,,,,,,
2020-11-11T19:36:00-CME-001,M2M_CATALOG,2020-11-11T19:36Z,S22E60,12782.0,2020-11-11,1T19,,,,,,,,,,,,,
2020-11-21T19:36:00-CME-001,M2M_CATALOG,2020-11-21T19:36Z,,,2020-11-21,1T19,,,,,,,,,,,,,
2020-12-11T19:09:00-CME-001,M2M_CATALOG,2020-12-11T19:09Z,,12791.0,2020-12-11,1T19,,,,,,,,,,,,,
2020-11-12T02:24:00-CME-001,M2M_CATALOG,2020-11-12T02:24Z,,,2020-11-12,2T02,,,,,,,,,,,,,
2020-11-13T12:24:00-CME-001,M2M_CATALOG,2020-11-13T12:24Z,,,2020-11-13,3T12,,,,,,,,,,,,,
2020-11-17T08:36:00-CME-001,M2M_CATALOG,2020-11-17T08:36Z,,,2020-11-17,7T08,,,,,,,,,,,,,
2020-11-17T19:00:00-CME-001,M2M_CATALOG,2020-11-17T19:00Z,,,2020-11-17,7T19,,,,,,,,,,,,,
2020-10-28T13:42:00-CME-001,M2M_CATALOG,2020-10-28T13:42Z,,,2020-10-28,8T13,,,,,,,,,,,,,
2020-11-18T13:24:00-CME-001,M2M_CATALOG,2020-11-18T13:24Z,,,2020-11-18,8T13,,,,,,,,,,,,,
2020-11-18T13:36:00-CME-001,M2M_CATALOG,2020-11-18T13:36Z,,,2020-11-18,8T13,,,,,,,,,,,,,
2020-10-28T13:42:00-CME-001,M2M_CATALOG,2020-10-28T13:42Z,,,2020-10-28,8T13,,,,,,,,,,,,,
2020-11-18T13:24:00-CME-001,M2M_CATALOG,2020-11-18T13:24Z,,,2020-11-18,8T13,,,,,,,,,,,,,
2020-11-18T13:36:00-CME-001,M2M_CATALOG,2020-11-18T13:36Z,,,2020-11-18,8T13,,,,,,,,,,,,,
2020-11-18T21:48:00-CME-001,M2M_CATALOG,2020-11-18T21:48Z,S20E138,,2020-11-18,8T21,,,,,,,,,,,,,
2020-11-19T02:54:00-CME-001,M2M_CATALOG,2020-11-19T02:54Z,,,2020-11-19,9T02,,,,,,,,,,,,,
2020-11-19T03:12:00-CME-001,M2M_CATALOG,2020-11-19T03:12Z,N30E40,,2020-11-19,9T03,,,,,,,,,,,,,
2020-11-19T06:48:00-CME-001,M2M_CATALOG,2020-11-19T06:48Z,S23E49,,2020-11-19,9T06,,,,,,,,,,,,,
2020-11-19T15:12:00-CME-001,M2M_CATALOG,2020-11-19T15:12Z,,,2020-11-19,9T15,,,,,,,,,,,,,
2020-11-29T15:05:00-CME-001,M2M_CATALOG,2020-11-29T15:05Z,,12783.0,2020-11-29,9T15,,,,,,,,,,,,,
2020-11-20T19:51:00-CME-001,M2M_CATALOG,2020-11-20T19:51Z,,12783.0,2020-11-20,0T19,,,,,,,,,,,,,
2020-10-10T04:24:00-CME-001,M2M_CATALOG,2020-10-10T04:24Z,,,2020-10-10,0T04,,,,,,,,,,,,,
2020-10-13T21:12:00-CME-001,M2M_CATALOG,2020-10-13T21:12Z,S23W37,12775.0,2020-10-13,3T21,,,,,,,,,,,,,
2020-10-14T03:24:00-CME-001,M2M_CATALOG,2020-10-14T03:24Z,,,2020-10-14,4T03,,,,,,,,,,,,,
2020-10-15T11:24:00-CME-001,M2M_CATALOG,2020-10-15T11:24Z,,,2020-10-15,5T11,,,,,,,,,,,,,
2020-10-15T16:36:00-CME-001,M2M_CATALOG,2020-10-15T16:36Z,,,2020-10-15,5T16,,,,,,,,,,,,,
2020-10-16T13:36:00-CME-001,M2M_CATALOG,2020-10-16T13:36Z,,12774.0,2020-10-16,6T13,,,,,,,,,,,,,
2020-10-16T16:03:00-CME-001,M2M_CATALOG,2020-10-16T16:03Z,S23W66,12775.0,2020-10-16,6T16,,,,,,,,,,,,,
2020-10-18T09:24:00-CME-001,M2M_CATALOG,2020-10-18T09:24Z,,,2020-10-18,8T09,,,,,,,,,,,,,
2020-10-22T13:09:00-CME-001,M2M_CATALOG,2020-10-22T13:09Z,,,2020-10-22,2T13,,,,,,,,,,,,,
2020-10-23T04:39:00-CME-001,M2M_CATALOG,2020-10-23T04:39Z,,,2020-10-23,3T04,,,,,,,,,,,,,
2020-10-23T22:35:00-CME-001,M2M_CATALOG,2020-10-23T22:35Z,,,2020-10-23,3T22,,,,,,,,,,,,,
2020-10-26T09:12:00-CME-001,M2M_CATALOG,2020-10-26T09:12Z,,,2020-10-26,6T09,,,,,,,,,,,,,
2020-10-26T18:09:00-CME-001,M2M_CATALOG,2020-10-26T18:09Z,,,2020-10-26,6T18,,,,,,,,,,,,,
2020-10-27T03:39:00-CME-001,M2M_CATALOG,2020-10-27T03:39Z,,,2020-10-27,7T03,,,,,,,,,,,,,
2020-10-28T13:42:00-CME-001,M2M_CATALOG,2020-10-28T13:42Z,,,2020-10-28,8T13,,,,,,,,,,,,,
2020-11-18T13:24:00-CME-001,M2M_CATALOG,2020-11-18T13:24Z,,,2020-11-18,8T13,,,,,,,,,,,,,
2020-11-18T13:36:00-CME-001,M2M_CATALOG,2020-11-18T13:36Z,,,2020-11-18,8T13,,,,,,,,,,,,,
2020-10-29T01:54:00-CME-001,M2M_CATALOG,2020-10-29T01:54Z,S19W28,12779.0,2020-10-29,9T01,,,,,,,,,,,,,
2020-10-31T00:12:00-CME-001,M2M_CATALOG,2020-10-31T00:12Z,,,2020-10-31,1T00,,,,,,,,,,,,,
2020-12-11T00:36:00-CME-001,M2M_CATALOG,2020-12-11T00:36Z,,,2020-12-11,1T00,,,,,,,,,,,,,
2020-11-01T20:00:00-CME-001,M2M_CATALOG,2020-11-01T20:00Z,,,2020-11-01,1T20,,,,,,,,,,,,,
2020-11-02T05:24:00-CME-001,M2M_CATALOG,2020-11-02T05:24Z,,,2020-11-02,2T05,,,,,,,,,,,,,
2020-11-07T13:24:00-CME-001,M2M_CATALOG,2020-11-07T13:24Z,N19W01,12780.0,2020-11-07,7T13,,,,,,,,,,,,,
2020-11-08T20:12:00-CME-001,M2M_CATALOG,2020-11-08T20:12Z,,,2020-11-08,8T20,,,,,,,,,,,,,
2020-11-11T19:36:00-CME-001,M2M_CATALOG,2020-11-11T19:36Z,S22E60,12782.0,2020-11-11,1T19,,,,,,,,,,,,,
2020-11-21T19:36:00-CME-001,M2M_CATALOG,2020-11-21T19:36Z,,,2020-11-21,1T19,,,,,,,,,,,,,
2020-12-11T19:09:00-CME-001,M2M_CATALOG,2020-12-11T19:09Z,,12791.0,2020-12-11,1T19,,,,,,,,,,,,,
2020-11-12T02:24:00-CME-001,M2M_CATALOG,2020-11-12T02:24Z,,,2020-11-12,2T02,,,,,,,,,,,,,
2020-11-13T12:24:00-CME-001,M2M_CATALOG,2020-11-13T12:24Z,,,2020-11-13,3T12,,,,,,,,,,,,,
2020-11-17T08:36:00-CME-001,M2M_CATALOG,2020-11-17T08:36Z,,,2020-11-17,7T08,,,,,,,,,,,,,
2020-11-17T19:00:00-CME-001,M2M_CATALOG,2020-11-17T19:00Z,,,2020-11-17,7T19,,,,,,,,,,,,,
2020-10-28T13:42:00-CME-001,M2M_CATALOG,2020-10-28T13:42Z,,,2020-10-28,8T13,,,,,,,,,,,,,
2020-11-18T13:24:00-CME-001,M2M_CATALOG,2020-11-18T13:24Z,,,2020-11-18,8T13,,,,,,,,,,,,,
2020-11-18T13:36:00-CME-001,M2M_CATALOG,2020-11-18T13:36Z,,,2020-11-18,8T13,,,,,,,,,,,,,
2020-10-28T13:42:00-CME-001,M2M_CATALOG,2020-10-28T13:42Z,,,2020-10-28,8T13,,,,,,,,,,,,,
2020-11-18T13:24:00-CME-001,M2M_CATALOG,2020-11-18T13:24Z,,,2020-11-18,8T13,,,,,,,,,,,,,
2020-11-18T13:36:00-CME-001,M2M_CATALOG,2020-11-18T13:36Z,,,2020-11-18,8T13,,,,,,,,,,,,,
2020-11-18T21:48:00-CME-001,M2M_CATALOG,2020-11-18T21:48Z,S20E138,,2020-11-18,8T21,,,,,,,,,,,,,
2020-11-19T02:54:00-CME-001,M2M_CATALOG,2020-11-19T02:54Z,,,2020-11-19,9T02,,,,,,,,,,,,,
2020-11-19T03:12:00-CME-001,M2M_CATALOG,2020-11-19T03:12Z,N30E40,,2020-11-19,9T03,,,,,,,,,,,,,
2020-11-19T06:48:00-CME-001,M2M_CATALOG,2020-11-19T06:48Z,S23E49,,2020-11-19,9T06,,,,,,,,,,,,,
2020-11-19T15:12:00-CME-001,M2M_CATALOG,2020-11-19T15:12Z,,,2020-11-19,9T15,,,,,,,,,,,,,
2020-11-29T15:05:00-CME-001,M2M_CATALOG,2020-11-29T15:05Z,,12783.0,2020-11-29,9T15,,,,,,,,,,,,,
2020-11-20T19:51:00-CME-001,M2M_CATALOG,2020-11-20T19:51Z,,12783.0,2020-11-20,0T19,,,,,,,,,,,,,
2020-11-20T21:12:00-CME-001,M2M_CATALOG,2020-11-20T21:12Z,,,2020-11-20,0T21,,,,,,,,,,,,,
2020-11-11T19:36:00-CME-001,M2M_CATALOG,2020-11-11T19:36Z,S22E60,12782.0,2020-11-11,1T19,,,,,,,,,,,,,
2020-11-21T19:36:00-CME-001,M2M_CATALOG,2020-11-21T19:36Z,,,2020-11-21,1T19,,,,,,,,,,,,,
2020-12-11T19:09:00-CME-001,M2M_CATALOG,2020-12-11T19:09Z,,12791.0,2020-12-11,1T19,,,,,,,,,,,,,
2020-11-21T23:12:00-CME-001,M2M_CATALOG,2020-11-21T23:12Z,,,2020-11-21,1T23,,,,,,,,,,,,,
2020-11-22T01:36:00-CME-001,M2M_CATALOG,2020-11-22T01:36Z,,,2020-11-22,2T01,,,,,,,,,,,,,
2020-11-23T18:48:00-CME-001,M2M_CATALOG,2020-11-23T18:48Z,,,2020-11-23,3T18,,,,,,,,,,,,,
2020-11-24T04:36:00-CME-001,M2M_CATALOG,2020-11-24T04:36Z,S20E65,12785.0,2020-11-24,4T04,,,,,,,,,,,,,
2020-11-24T11:24:00-CME-001,M2M_CATALOG,2020-11-24T11:24Z,,,2020-11-24,4T11,,,,,,,,,,,,,
2020-12-04T11:09:00-CME-001,M2M_CATALOG,2020-12-04T11:09Z,,,2020-12-04,4T11,,,,,,,,,,,,,
2020-11-24T13:24:00-CME-001,M2M_CATALOG,2020-11-24T13:24Z,,,2020-11-24,4T13,,,,,,,,,,,,,
2020-11-26T08:24:00-CME-001,M2M_CATALOG,2020-11-26T08:24Z,,,2020-11-26,6T08,,,,,,,,,,,,,
2020-11-26T21:24:00-CME-001,M2M_CATALOG,2020-11-26T21:24Z,N32E90,12787.0,2020-11-26,6T21,,,,,,,,,,,,,
2020-11-27T05:48:00-CME-001,M2M_CATALOG,2020-11-27T05:48Z,,,2020-11-27,7T05,,,,,,,,,,,,,
2020-11-29T13:24:00-CME-001,M2M_CATALOG,2020-11-29T13:24Z,S23E97,,2020-11-29,9T13,,,,,,,,,,,,,
2020-11-19T15:12:00-CME-001,M2M_CATALOG,2020-11-19T15:12Z,,,2020-11-19,9T15,,,,,,,,,,,,,
2020-11-29T15:05:00-CME-001,M2M_CATALOG,2020-11-29T15:05Z,,12783.0,2020-11-29,9T15,,,,,,,,,,,,,
2020-11-30T07:09:00-CME-001,M2M_CATALOG,2020-11-30T07:09Z,,,2020-11-30,0T07,,,,,,,,,,,,,
2020-12-01T05:48:00-CME-001,M2M_CATALOG,2020-12-01T05:48Z,S25E80,12790.0,2020-12-01,1T05,,,,,,,,,,,,,
2020-12-01T07:12:00-CME-001,M2M_CATALOG,2020-12-01T07:12Z,N35E30,12787.0,2020-12-01,1T07,,,,,,,,,,,,,
2020-12-03T11:12:00-CME-001,M2M_CATALOG,2020-12-03T11:12Z,S30E137,,2020-12-03,3T11,,,,,,,,,,,,,
2020-12-04T02:48:00-CME-001,M2M_CATALOG,2020-12-04T02:48Z,,,2020-12-04,4T02,,,,,,,,,,,,,
2020-11-24T11:24:00-CME-001,M2M_CATALOG,2020-11-24T11:24Z,,,2020-11-24,4T11,,,,,,,,,,,,,
2020-12-04T11:09:00-CME-001,M2M_CATALOG,2020-12-04T11:09Z,,,2020-12-04,4T11,,,,,,,,,,,,,
2020-12-06T22:00:00-CME-001,M2M_CATALOG,2020-12-06T22:00Z,,,2020-12-06,6T22,,,,,,,,,,,,,
2020-12-07T16:24:00-CME-001,M2M_CATALOG,2020-12-07T16:24Z,S23W11,12790.0,2020-12-07,7T16,,,,,,,,,,,,,
2020-12-07T18:36:00-CME-001,M2M_CATALOG,2020-12-07T18:36Z,S40W30,,2020-12-07,7T18,,,,,,,,,,,,,
2020-10-31T00:12:00-CME-001,M2M_CATALOG,2020-10-31T00:12Z,,,2020-10-31,1T00,,,,,,,,,,,,,
2020-12-11T00:36:00-CME-001,M2M_CATALOG,2020-12-11T00:36Z,,,2020-12-11,1T00,,,,,,,,,,,,,
2020-11-11T19:36:00-CME-001,M2M_CATALOG,2020-11-11T19:36Z,S22E60,12782.0,2020-11-11,1T19,,,,,,,,,,,,,
2020-11-21T19:36:00-CME-001,M2M_CATALOG,2020-11-21T19:36Z,,,2020-11-21,1T19,,,,,,,,,,,,,
2020-12-11T19:09:00-CME-001,M2M_CATALOG,2020-12-11T19:09Z,,12791.0,2020-12-11,1T19,,,,,,,,,,,,,
2020-12-12T04:12:00-CME-001,M2M_CATALOG,2020-12-12T04:12Z,,,2020-12-12,2T04,,,,,,,,,,,,,
2020-12-13T09:24:00-CME-001,M2M_CATALOG,2020-12-13T09:24Z,,,2020-12-13,3T09,,,,,,,,,,,,,
2020-12-14T15:12:00-CME-001,M2M_CATALOG,2020-12-14T15:12Z,S22E44,12792.0,2020-12-14,4T15,,,,,,,,,,,,,
2020-12-14T21:12:00-CME-001,M2M_CATALOG,2020-12-14T21:12Z,N40E110,,2020-12-14,4T21,,,,,,,,,,,,,
2020-12-17T06:48:00-CME-001,M2M_CATALOG,2020-12-17T06:48Z,,,2020-12-17,7T06,,,,,,,,,,,,,
2020-12-27T00:48:00-CME-001,M2M_CATALOG,2020-12-27T00:48Z,,,2020-12-27,7T00,,,,,,,,,,,,,
2020-12-30T02:24:00-CME-001,M2M_CATALOG,2020-12-30T02:24Z,S20E08,12795.0,2020-12-30,0T02,,,,,,,,,,,,,
2020-10-10T04:24:00-CME-001,M2M_CATALOG,2020-10-10T04:24Z,,,2020-10-10,0T04,,,,,,,,,,,,,
2020-10-13T21:12:00-CME-001,M2M_CATALOG,2020-10-13T21:12Z,S23W37,12775.0,2020-10-13,3T21,,,,,,,,,,,,,
2020-10-14T03:24:00-CME-001,M2M_CATALOG,2020-10-14T03:24Z,,,2020-10-14,4T03,,,,,,,,,,,,,
2020-10-15T11:24:00-CME-001,M2M_CATALOG,2020-10-15T11:24Z,,,2020-10-15,5T11,,,,,,,,,,,,,
2020-10-15T16:36:00-CME-001,M2M_CATALOG,2020-10-15T16:36Z,,,2020-10-15,5T16,,,,,,,,,,,,,
2020-10-16T13:36:00-CME-001,M2M_CATALOG,2020-10-16T13:36Z,,12774.0,2020-10-16,6T13,,,,,,,,,,,,,
2020-10-16T16:03:00-CME-001,M2M_CATALOG,2020-10-16T16:03Z,S23W66,12775.0,2020-10-16,6T16,,,,,,,,,,,,,
2020-10-18T09:24:00-CME-001,M2M_CATALOG,2020-10-18T09:24Z,,,2020-10-18,8T09,,,,,,,,,,,,,
2020-10-22T13:09:00-CME-001,M2M_CATALOG,2020-10-22T13:09Z,,,2020-10-22,2T13,,,,,,,,,,,,,
2020-10-23T04:39:00-CME-001,M2M_CATALOG,2020-10-23T04:39Z,,,2020-10-23,3T04,,,,,,,,,,,,,
2020-10-23T22:35:00-CME-001,M2M_CATALOG,2020-10-23T22:35Z,,,2020-10-23,3T22,,,,,,,,,,,,,
2020-10-26T09:12:00-CME-001,M2M_CATALOG,2020-10-26T09:12Z,,,2020-10-26,6T09,,,,,,,,,,,,,
2020-10-26T18:09:00-CME-001,M2M_CATALOG,2020-10-26T18:09Z,,,2020-10-26,6T18,,,,,,,,,,,,,
2020-10-27T03:39:00-CME-001,M2M_CATALOG,2020-10-27T03:39Z,,,2020-10-27,7T03,,,,,,,,,,,,,
2020-10-28T13:42:00-CME-001,M2M_CATALOG,2020-10-28T13:42Z,,,2020-10-28,8T13,,,,,,,,,,,,,
2020-11-18T13:24:00-CME-001,M2M_CATALOG,2020-11-18T13:24Z,,,2020-11-18,8T13,,,,,,,,,,,,,
2020-11-18T13:36:00-CME-001,M2M_CATALOG,2020-11-18T13:36Z,,,2020-11-18,8T13,,,,,,,,,,,,,
2020-10-29T01:54:00-CME-001,M2M_CATALOG,2020-10-29T01:54Z,S19W28,12779.0,2020-10-29,9T01,,,,,,,,,,,,,
2020-10-31T00:12:00-CME-001,M2M_CATALOG,2020-10-31T00:12Z,,,2020-10-31,1T00,,,,,,,,,,,,,
2020-12-11T00:36:00-CME-001,M2M_CATALOG,2020-12-11T00:36Z,,,2020-12-11,1T00,,,,,,,,,,,,,
2020-11-01T20:00:00-CME-001,M2M_CATALOG,2020-11-01T20:00Z,,,2020-11-01,1T20,,,,,,,,,,,,,
2020-11-02T05:24:00-CME-001,M2M_CATALOG,2020-11-02T05:24Z,,,2020-11-02,2T05,,,,,,,,,,,,,
2020-11-07T13:24:00-CME-001,M2M_CATALOG,2020-11-07T13:24Z,N19W01,12780.0,2020-11-07,7T13,,,,,,,,,,,,,
2020-11-08T20:12:00-CME-001,M2M_CATALOG,2020-11-08T20:12Z,,,2020-11-08,8T20,,,,,,,,,,,,,
2020-11-11T19:36:00-CME-001,M2M_CATALOG,2020-11-11T19:36Z,S22E60,12782.0,2020-11-11,1T19,,,,,,,,,,,,,
2020-11-21T19:36:00-CME-001,M2M_CATALOG,2020-11-21T19:36Z,,,2020-11-21,1T19,,,,,,,,,,,,,
2020-12-11T19:09:00-CME-001,M2M_CATALOG,2020-12-11T19:09Z,,12791.0,2020-12-11,1T19,,,,,,,,,,,,,
2020-11-12T02:24:00-CME-001,M2M_CATALOG,2020-11-12T02:24Z,,,2020-11-12,2T02,,,,,,,,,,,,,
2020-11-13T12:24:00-CME-001,M2M_CATALOG,2020-11-13T12:24Z,,,2020-11-13,3T12,,,,,,,,,,,,,
2020-11-17T08:36:00-CME-001,M2M_CATALOG,2020-11-17T08:36Z,,,2020-11-17,7T08,,,,,,,,,,,,,
2020-11-17T19:00:00-CME-001,M2M_CATALOG,2020-11-17T19:00Z,,,2020-11-17,7T19,,,,,,,,,,,,,
2020-10-28T13:42:00-CME-001,M2M_CATALOG,2020-10-28T13:42Z,,,2020-10-28,8T13,,,,,,,,,,,,,
2020-11-18T13:24:00-CME-001,M2M_CATALOG,2020-11-18T13:24Z,,,2020-11-18,8T13,,,,,,,,,,,,,
2020-11-18T13:36:00-CME-001,M2M_CATALOG,2020-11-18T13:36Z,,,2020-11-18,8T13,,,,,,,,,,,,,
2020-10-28T13:42:00-CME-001,M2M_CATALOG,2020-10-28T13:42Z,,,2020-10-28,8T13,,,,,,,,,,,,,
2020-11-18T13:24:00-CME-001,M2M_CATALOG,2020-11-18T13:24Z,,,2020-11-18,8T13,,,,,,,,,,,,,
2020-11-18T13:36:00-CME-001,M2M_CATALOG,2020-11-18T13:36Z,,,2020-11-18,8T13,,,,,,,,,,,,,
2020-11-18T21:48:00-CME-001,M2M_CATALOG,2020-11-18T21:48Z,S20E138,,2020-11-18,8T21,,,,,,,,,,,,,
2020-11-19T02:54:00-CME-001,M2M_CATALOG,2020-11-19T02:54Z,,,2020-11-19,9T02,,,,,,,,,,,,,
2020-11-19T03:12:00-CME-001,M2M_CATALOG,2020-11-19T03:12Z,N30E40,,2020-11-19,9T03,,,,,,,,,,,,,
2020-11-19T06:48:00-CME-001,M2M_CATALOG,2020-11-19T06:48Z,S23E49,,2020-11-19,9T06,,,,,,,,,,,,,
2020-11-19T15:12:00-CME-001,M2M_CATALOG,2020-11-19T15:12Z,,,2020-11-19,9T15,,,,,,,,,,,,,
2020-11-29T15:05:00-CME-001,M2M_CATALOG,2020-11-29T15:05Z,,12783.0,2020-11-29,9T15,,,,,,,,,,,,,
2020-10-10T04:24:00-CME-001,M2M_CATALOG,2020-10-10T04:24Z,,,2020-10-10,0T04,,,,,,,,,,,,,
2020-10-13T21:12:00-CME-001,M2M_CATALOG,2020-10-13T21:12Z,S23W37,12775.0,2020-10-13,3T21,,,,,,,,,,,,,
2020-10-14T03:24:00-CME-001,M2M_CATALOG,2020-10-14T03:24Z,,,2020-10-14,4T03,,,,,,,,,,,,,
2020-10-15T11:24:00-CME-001,M2M_CATALOG,2020-10-15T11:24Z,,,2020-10-15,5T11,,,,,,,,,,,,,
2020-10-15T16:36:00-CME-001,M2M_CATALOG,2020-10-15T16:36Z,,,2020-10-15,5T16,,,,,,,,,,,,,
2020-10-16T13:36:00-CME-001,M2M_CATALOG,2020-10-16T13:36Z,,12774.0,2020-10-16,6T13,,,,,,,,,,,,,
2020-10-16T16:03:00-CME-001,M2M_CATALOG,2020-10-16T16:03Z,S23W66,12775.0,2020-10-16,6T16,,,,,,,,,,,,,
2020-10-18T09:24:00-CME-001,M2M_CATALOG,2020-10-18T09:24Z,,,2020-10-18,8T09,,,,,,,,,,,,,
2020-10-22T13:09:00-CME-001,M2M_CATALOG,2020-10-22T13:09Z,,,2020-10-22,2T13,,,,,,,,,,,,,
2020-11-02T05:24:00-CME-001,M2M_CATALOG,2020-11-02T05:24Z,,,2020-11-02,2T05,,,,,,,,,,,,,
2020-11-07T13:24:00-CME-001,M2M_CATALOG,2020-11-07T13:24Z,N19W01,12780.0,2020-11-07,7T13,,,,,,,,,,,,,
2020-11-08T20:12:00-CME-001,M2M_CATALOG,2020-11-08T20:12Z,,,2020-11-08,8T20,,,,,,,,,,,,,
2020-11-11T19:36:00-CME-001,M2M_CATALOG,2020-11-11T19:36Z,S22E60,12782.0,2020-11-11,1T19,,,,,,,,,,,,,
2020-11-21T19:36:00-CME-001,M2M_CATALOG,2020-11-21T19:36Z,,,2020-11-21,1T19,,,,,,,,,,,,,
2020-12-11T19:09:00-CME-001,M2M_CATALOG,2020-12-11T19:09Z,,12791.0,2020-12-11,1T19,,,,,,,,,,,,,
2020-11-12T02:24:00-CME-001,M2M_CATALOG,2020-11-12T02:24Z,,,2020-11-12,2T02,,,,,,,,,,,,,
2020-11-13T12:24:00-CME-001,M2M_CATALOG,2020-11-13T12:24Z,,,2020-11-13,3T12,,,,,,,,,,,,,
2020-11-17T08:36:00-CME-001,M2M_CATALOG,2020-11-17T08:36Z,,,2020-11-17,7T08,,,,,,,,,,,,,
2020-11-17T19:00:00-CME-001,M2M_CATALOG,2020-11-17T19:00Z,,,2020-11-17,7T19,,,,,,,,,,,,,
2020-11-18T21:48:00-CME-001,M2M_CATALOG,2020-11-18T21:48Z,S20E138,,2020-11-18,8T21,,,,,,,,,,,,,
2020-11-19T02:54:00-CME-001,M2M_CATALOG,2020-11-19T02:54Z,,,2020-11-19,9T02,,,,,,,,,,,,,
2020-11-27T05:48:00-CME-001,M2M_CATALOG,2020-11-27T05:48Z,,,2020-11-27,7T05,,,,,,,,,,,,,
2020-11-29T13:24:00-CME-001,M2M_CATALOG,2020-11-29T13:24Z,S23E97,,2020-11-29,9T13,,,,,,,,,,,,,
2020-11-30T07:09:00-CME-001,M2M_CATALOG,2020-11-30T07:09Z,,,2020-11-30,0T07,,,,,,,,,,,,,
2020-12-01T05:48:00-CME-001,M2M_CATALOG,2020-12-01T05:48Z,S25E80,12790.0,2020-12-01,1T05,,,,,,,,,,,,,
2020-12-01T07:12:00-CME-001,M2M_CATALOG,2020-12-01T07:12Z,N35E30,12787.0,2020-12-01,1T07,,,,,,,,,,,,,
2020-12-03T11:12:00-CME-001,M2M_CATALOG,2020-12-03T11:12Z,S30E137,,2020-12-03,3T11,,,,,,,,,,,,,
2020-12-04T02:48:00-CME-001,M2M_CATALOG,2020-12-04T02:48Z,,,2020-12-04,4T02,,,,,,,,,,,,,
2020-12-06T22:00:00-CME-001,M2M_CATALOG,2020-12-06T22:00Z,,,2020-12-06,6T22,,,,,,,,,,,,,
2020-12-07T16:24:00-CME-001,M2M_CATALOG,2020-12-07T16:24Z,S23W11,12790.0,2020-12-07,7T16,,,,,,,,,,,,,
2020-12-07T18:36:00-CME-001,M2M_CATALOG,2020-12-07T18:36Z,S40W30,,2020-12-07,7T18,,,,,,,,,,,,,
2020-12-17T06:48:00-CME-001,M2M_CATALOG,2020-12-17T06:48Z,,,2020-12-17,7T06,,,,,,,,,,,,,
2020-12-27T00:48:00-CME-001,M2M_CATALOG,2020-12-27T00:48Z,,,2020-12-27,7T00,,,,,,,,,,,,,
2020-12-30T02:24:00-CME-001,M2M_CATALOG,2020-12-30T02:24Z,S20E08,12795.0,2020-12-30,0T02,,,,,,,,,,,,,
2020-10-10T04:24:00-CME-001,M2M_CATALOG,2020-10-10T04:24Z,,,2020-10-10,0T04,,,,,,,,,,,,,
2020-10-13T21:12:00-CME-001,M2M_CATALOG,2020-10-13T21:12Z,S23W37,12775.0,2020-10-13,3T21,,,,,,,,,,,,,
2020-10-14T03:24:00-CME-001,M2M_CATALOG,2020-10-14T03:24Z,,,2020-10-14,4T03,,,,,,,,,,,,,
2020-10-15T11:24:00-CME-001,M2M_CATALOG,2020-10-15T11:24Z,,,2020-10-15,5T11,,,,,,,,,,,,,
2020-10-15T16:36:00-CME-001,M2M_CATALOG,2020-10-15T16:36Z,,,2020-10-15,5T16,,,,,,,,,,,,,
2020-10-16T13:36:00-CME-001,M2M_CATALOG,2020-10-16T13:36Z,,12774.0,2020-10-16,6T13,,,,,,,,,,,,,
2020-10-16T16:03:00-CME-001,M2M_CATALOG,2020-10-16T16:03Z,S23W66,12775.0,2020-10-16,6T16,,,,,,,,,,,,,
2020-10-18T09:24:00-CME-001,M2M_CATALOG,2020-10-18T09:24Z,,,2020-10-18,8T09,,,,,,,,,,,,,
2020-10-22T13:09:00-CME-001,M2M_CATALOG,2020-10-22T13:09Z,,,2020-10-22,2T13,,,,,,,,,,,,,
2020-11-02T05:24:00-CME-001,M2M_CATALOG,2020-11-02T05:24Z,,,2020-11-02,2T05,,,,,,,,,,,,,
2020-11-07T13:24:00-CME-001,M2M_CATALOG,2020-11-07T13:24Z,N19W01,12780.0,2020-11-07,7T13,,,,,,,,,,,,,
2020-11-08T20:12:00-CME-001,M2M_CATALOG,2020-11-08T20:12Z,,,2020-11-08,8T20,,,,,,,,,,,,,
2020-11-11T19:36:00-CME-001,M2M_CATALOG,2020-11-11T19:36Z,S22E60,12782.0,2020-11-11,1T19,,,,,,,,,,,,,
2020-11-21T19:36:00-CME-001,M2M_CATALOG,2020-11-21T19:36Z,,,2020-11-21,1T19,,,,,,,,,,,,,
2020-12-11T19:09:00-CME-001,M2M_CATALOG,2020-12-11T19:09Z,,12791.0,2020-12-11,1T19,,,,,,,,,,,,,
2020-11-12T02:24:00-CME-001,M2M_CATALOG,2020-11-12T02:24Z,,,2020-11-12,2T02,,,,,,,,,,,,,
2020-11-13T12:24:00-CME-001,M2M_CATALOG,2020-11-13T12:24Z,,,2020-11-13,3T12,,,,,,,,,,,,,
2020-11-17T08:36:00-CME-001,M2M_CATALOG,2020-11-17T08:36Z,,,2020-11-17,7T08,,,,,,,,,,,,,
2020-11-17T19:00:00-CME-001,M2M_CATALOG,2020-11-17T19:00Z,,,2020-11-17,7T19,,,,,,,,,,,,,
2020-11-18T21:48:00-CME-001,M2M_CATALOG,2020-11-18T21:48Z,S20E138,,2020-11-18,8T21,,,,,,,,,,,,,
2020-11-19T02:54:00-CME-001,M2M_CATALOG,2020-11-19T02:54Z,,,2020-11-19,9T02,9786.0,81dc802d-5353-4aa4-b3cb-eae57fb98947,Sierra Nevada,Sapporo Premium,Porter,Magnum,2206 - Bavarian Lager,Vienna,87 IBU,5.5%,16.4°Blg,Estados Unidos,1979.0
2020-11-27T05:48:00-CME-001,M2M_CATALOG,2020-11-27T05:48Z,,,2020-11-27,7T05,,,,,,,,,,,,,
2020-11-29T13:24:00-CME-001,M2M_CATALOG,2020-11-29T13:24Z,S23E97,,2020-11-29,9T13,,,,,,,,,,,,,
2020-11-30T07:09:00-CME-001,M2M_CATALOG,2020-11-30T07:09Z,,,2020-11-30,0T07,,,,,,,,,,,,,
2020-12-01T05:48:00-CME-001,M2M_CATALOG,2020-12-01T05:48Z,S25E80,12790.0,2020-12-01,1T05,,,,,,,,,,,,,
2020-12-01T07:12:00-CME-001,M2M_CATALOG,2020-12-01T07:12Z,N35E30,12787.0,2020-12-01,1T07,,,,,,,,,,,,,
2020-12-03T11:12:00-CME-001,M2M_CATALOG,2020-12-03T11:12Z,S30E137,,2020-12-03,3T11,,,,,,,,,,,,,
2020-12-04T02:48:00-CME-001,M2M_CATALOG,2020-12-04T02:48Z,,,2020-12-04,4T02,,,,,,,,,,,,,
2020-12-06T22:00:00-CME-001,M2M_CATALOG,2020-12-06T22:00Z,,,2020-12-06,6T22,,,,,,,,,,,,,
2020-12-07T16:24:00-CME-001,M2M_CATALOG,2020-12-07T16:24Z,S23W11,12790.0,2020-12-07,7T16,,,,,,,,,,,,,
2020-12-07T18:36:00-CME-001,M2M_CATALOG,2020-12-07T18:36Z,S40W30,,2020-12-07,7T18,,,,,,,,,,,,,
2020-12-17T06:48:00-CME-001,M2M_CATALOG,2020-12-17T06:48Z,,,2020-12-17,7T06,,,,,,,,,,,,,
2020-12-27T00:48:00-CME-001,M2M_CATALOG,2020-12-27T00:48Z,,,2020-12-27,7T00,,,,,,,,,,,,,
2020-12-30T02:24:00-CME-001,M2M_CATALOG,2020-12-30T02:24Z,S20E08,12795.0,2020-12-30,0T02,,,,,,,,,,,,,
2020-10-10T04:24:00-CME-001,M2M_CATALOG,2020-10-10T04:24Z,,,2020-10-10,0T04,,,,,,,,,,,,,
2020-10-13T21:12:00-CME-001,M2M_CATALOG,2020-10-13T21:12Z,S23W37,12775.0,2020-10-13,3T21,,,,,,,,,,,,,
2020-10-14T03:24:00-CME-001,M2M_CATALOG,2020-10-14T03:24Z,,,2020-10-14,4T03,,,,,,,,,,,,,
2020-10-15T11:24:00-CME-001,M2M_CATALOG,2020-10-15T11:24Z,,,2020-10-15,5T11,,,,,,,,,,,,,
2020-10-15T16:36:00-CME-001,M2M_CATALOG,2020-10-15T16:36Z,,,2020-10-15,5T16,,,,,,,,,,,,,
2020-10-16T13:36:00-CME-001,M2M_CATALOG,2020-10-16T13:36Z,,12774.0,2020-10-16,6T13,,,,,,,,,,,,,
2020-10-16T16:03:00-CME-001,M2M_CATALOG,2020-10-16T16:03Z,S23W66,12775.0,2020-10-16,6T16,,,,,,,,,,,,,
2020-10-18T09:24:00-CME-001,M2M_CATALOG,2020-10-18T09:24Z,,,2020-10-18,8T09,,,,,,,,,,,,,
2020-10-22T13:09:00-CME-001,M2M_CATALOG,2020-10-22T13:09Z,,,2020-10-22,2T13,,,,,,,,,,,,,
2020-11-02T05:24:00-CME-001,M2M_CATALOG,2020-11-02T05:24Z,,,2020-11-02,2T05,,,,,,,,,,,,,
2020-11-07T13:24:00-CME-001,M2M_CATALOG,2020-11-07T13:24Z,N19W01,12780.0,2020-11-07,7T13,,,,,,,,,,,,,
2020-11-08T20:12:00-CME-001,M2M_CATALOG,2020-11-08T20:12Z,,,2020-11-08,8T20,,,,,,,,,,,,,
2020-11-11T19:36:00-CME-001,M2M_CATALOG,2020-11-11T19:36Z,S22E60,12782.0,2020-11-11,1T19,,,,,,,,,,,,,
2020-11-21T19:36:00-CME-001,M2M_CATALOG,2020-11-21T19:36Z,,,2020-11-21,1T19,,,,,,,,,,,,,
2020-12-11T19:09:00-CME-001,M2M_CATALOG,2020-12-11T19:09Z,,12791.0,2020-12-11,1T19,,,,,,,,,,,,,
2020-11-12T02:24:00-CME-001,M2M_CATALOG,2020-11-12T02:24Z,,,2020-11-12,2T02,,,,,,,,,,,,,
2020-11-13T12:24:00-CME-001,M2M_CATALOG,2020-11-13T12:24Z,,,2020-11-13,3T12,,,,,,,,,,,,,
2020-11-17T08:36:00-CME-001,M2M_CATALOG,2020-11-17T08:36Z,,,2020-11-17,7T08,,,,,,,,,,,,,
2020-11-17T19:00:00-CME-001,M2M_CATALOG,2020-11-17T19:00Z,,,2020-11-17,7T19,,,,,,,,,,,,,
2020-11-18T21:48:00-CME-001,M2M_CATALOG,2020-11-18T21:48Z,S20E138,,2020-11-18,8T21,,,,,,,,,,,,,
2020-11-19T02:54:00-CME-001,M2M_CATALOG,2020-11-19T02:54Z,,,2020-11-19,9T02,,,,,,,,,,,,,
2020-11-27T05:48:00-CME-001,M2M_CATALOG,2020-11-27T05:48Z,,,2020-11-27,7T05,,,,,,,,,,,,,
2020-11-29T13:24:00-CME-001,M2M_CATALOG,2020-11-29T13:24Z,S23E97,,2020-11-29,9T13,,,,,,,,,,,,,
2020-11-30T07:09:00-CME-001,M2M_CATALOG,2020-11-30T07:09Z,,,2020-11-30,0T07,,,,,,,,,,,,,
2020-12-01T05:48:00-CME-001,M2M_CATALOG,2020-12-01T05:48Z,S25E80,12790.0,2020-12-01,1T05,,,,,,,,,,,,,
2020-12-01T07:12:00-CME-001,M2M_CATALOG,2020-12-01T07:12Z,N35E30,12787.0,2020-12-01,1T07,,,,,,,,,,,,,
2020-12-03T11:12:00-CME-001,M2M_CATALOG,2020-12-03T11:12Z,S30E137,,2020-12-03,3T11,,,,,,,,,,,,,
2020-12-04T02:48:00-CME-001,M2M_CATALOG,2020-12-04T02:48Z,,,2020-12-04,4T02,,,,,,,,,,,,,
2020-12-06T22:00:00-CME-001,M2M_CATALOG,2020-12-06T22:00Z,,,2020-12-06,6T22,,,,,,,,,,,,,
2020-12-07T16:24:00-CME-001,M2M_CATALOG,2020-12-07T16:24Z,S23W11,12790.0,2020-12-07,7T16,,,,,,,,,,,,,
2020-12-07T18:36:00-CME-001,M2M_CATALOG,2020-12-07T18:36Z,S40W30,,2020-12-07,7T18,,,,,,,,,,,,,
2020-12-17T06:48:00-CME-001,M2M_CATALOG,2020-12-17T06:48Z,,,2020-12-17,7T06,,,,,,,,,,,,,
2020-12-27T00:48:00-CME-001,M2M_CATALOG,2020-12-27T00:48Z,,,2020-12-27,7T00,,,,,,,,,,,,,
2020-12-30T02:24:00-CME-001,M2M_CATALOG,2020-12-30T02:24Z,S20E08,12795.0,2020-12-30,0T02,,,,,,,,,,,,,
2020-10-23T04:39:00-CME-001,M2M_CATALOG,2020-10-23T04:39Z,,,2020-10-23,3T04,,,,,,,,,,,,,
2020-10-23T22:35:00-CME-001,M2M_CATALOG,2020-10-23T22:35Z,,,2020-10-23,3T22,,,,,,,,,,,,,
2020-10-10T04:24:00-CME-001,M2M_CATALOG,2020-10-10T04:24Z,,,2020-10-10,0T04,9834.0,7b4a7704-77ef-4e4b-87f7-b88c70a317cd,Quimes,Trois Pistoles,Light Lager,Tettnang,3787 - Trappist High Gravity,Roasted barley,83 IBU,5.3%,7.6°Blg,Argentina,1890.0
2020-10-13T21:12:00-CME-001,M2M_CATALOG,2020-10-13T21:12Z,S23W37,12775.0,2020-10-13,3T21,,,,,,,,,,,,,
2020-10-14T03:24:00-CME-001,M2M_CATALOG,2020-10-14T03:24Z,,,2020-10-14,4T03,,,,,,,,,,,,,
2020-10-15T11:24:00-CME-001,M2M_CATALOG,2020-10-15T11:24Z,,,2020-10-15,5T11,,,,,,,,,,,,,
2020-10-15T16:36:00-CME-001,M2M_CATALOG,2020-10-15T16:36Z,,,2020-10-15,5T16,,,,,,,,,,,,,
2020-10-16T13:36:00-CME-001,M2M_CATALOG,2020-10-16T13:36Z,,12774.0,2020-10-16,6T13,,,,,,,,,,,,,
2020-10-16T16:03:00-CME-001,M2M_CATALOG,2020-10-16T16:03Z,S23W66,12775.0,2020-10-16,6T16,,,,,,,,,,,,,
2020-10-18T09:24:00-CME-001,M2M_CATALOG,2020-10-18T09:24Z,,,2020-10-18,8T09,,,,,,,,,,,,,
2020-10-22T13:09:00-CME-001,M2M_CATALOG,2020-10-22T13:09Z,,,2020-10-22,2T13,,,,,,,,,,,,,
2020-10-23T04:39:00-CME-001,M2M_CATALOG,2020-10-23T04:39Z,,,2020-10-23,3T04,,,,,,,,,,,,,
2020-10-23T22:35:00-CME-001,M2M_CATALOG,2020-10-23T22:35Z,,,2020-10-23,3T22,,,,,,,,,,,,,
2020-10-26T09:12:00-CME-001,M2M_CATALOG,2020-10-26T09:12Z,,,2020-10-26,6T09,,,,,,,,,,,,,
2020-10-26T18:09:00-CME-001,M2M_CATALOG,2020-10-26T18:09Z,,,2020-10-26,6T18,,,,,,,,,,,,,
2020-10-27T03:39:00-CME-001,M2M_CATALOG,2020-10-27T03:39Z,,,2020-10-27,7T03,,,,,,,,,,,,,
2020-10-28T13:42:00-CME-001,M2M_CATALOG,2020-10-28T13:42Z,,,2020-10-28,8T13,,,,,,,,,,,,,
2020-11-18T13:24:00-CME-001,M2M_CATALOG,2020-11-18T13:24Z,,,2020-11-18,8T13,,,,,,,,,,,,,
2020-11-18T13:36:00-CME-001,M2M_CATALOG,2020-11-18T13:36Z,,,2020-11-18,8T13,,,,,,,,,,,,,
2020-10-29T01:54:00-CME-001,M2M_CATALOG,2020-10-29T01:54Z,S19W28,12779.0,2020-10-29,9T01,,,,,,,,,,,,,
2020-10-31T00:12:00-CME-001,M2M_CATALOG,2020-10-31T00:12Z,,,2020-10-31,1T00,,,,,,,,,,,,,
2020-12-11T00:36:00-CME-001,M2M_CATALOG,2020-12-11T00:36Z,,,2020-12-11,1T00,,,,,,,,,,,,,
2020-11-01T20:00:00-CME-001,M2M_CATALOG,2020-11-01T20:00Z,,,2020-11-01,1T20,,,,,,,,,,,,,
2020-11-02T05:24:00-CME-001,M2M_CATALOG,2020-11-02T05:24Z,,,2020-11-02,2T05,,,,,,,,,,,,,
2020-11-07T13:24:00-CME-001,M2M_CATALOG,2020-11-07T13:24Z,N19W01,12780.0,2020-11-07,7T13,,,,,,,,,,,,,
2020-11-08T20:12:00-CME-001,M2M_CATALOG,2020-11-08T20:12Z,,,2020-11-08,8T20,,,,,,,,,,,,,
2020-11-11T19:36:00-CME-001,M2M_CATALOG,2020-11-11T19:36Z,S22E60,12782.0,2020-11-11,1T19,,,,,,,,,,,,,
2020-11-21T19:36:00-CME-001,M2M_CATALOG,2020-11-21T19:36Z,,,2020-11-21,1T19,,,,,,,,,,,,,
2020-12-11T19:09:00-CME-001,M2M_CATALOG,2020-12-11T19:09Z,,12791.0,2020-12-11,1T19,,,,,,,,,,,,,
2020-11-12T02:24:00-CME-001,M2M_CATALOG,2020-11-12T02:24Z,,,2020-11-12,2T02,,,,,,,,,,,,,
2020-11-13T12:24:00-CME-001,M2M_CATALOG,2020-11-13T12:24Z,,,2020-11-13,3T12,,,,,,,,,,,,,
2020-11-17T08:36:00-CME-001,M2M_CATALOG,2020-11-17T08:36Z,,,2020-11-17,7T08,,,,,,,,,,,,,
2020-11-17T19:00:00-CME-001,M2M_CATALOG,2020-11-17T19:00Z,,,2020-11-17,7T19,,,,,,,,,,,,,
2020-10-28T13:42:00-CME-001,M2M_CATALOG,2020-10-28T13:42Z,,,2020-10-28,8T13,9860.0,c90b81c3-ffa9-4880-805d-bb99c2618985,Leffe,Sublimely Self-Righteous Ale,Porter,Liberty,1318 - London Ale III,Chocolate malt,35 IBU,9.5%,18.8°Blg,Belgica,1240.0
2020-11-18T13:24:00-CME-001,M2M_CATALOG,2020-11-18T13:24Z,,,2020-11-18,8T13,9860.0,c90b81c3-ffa9-4880-805d-bb99c2618985,Leffe,Sublimely Self-Righteous Ale,Porter,Liberty,1318 - London Ale III,Chocolate malt,35 IBU,9.5%,18.8°Blg,Belgica,1240.0
2020-11-18T13:36:00-CME-001,M2M_CATALOG,2020-11-18T13:36Z,,,2020-11-18,8T13,9860.0,c90b81c3-ffa9-4880-805d-bb99c2618985,Leffe,Sublimely Self-Righteous Ale,Porter,Liberty,1318 - London Ale III,Chocolate malt,35 IBU,9.5%,18.8°Blg,Belgica,1240.0
2020-10-28T13:42:00-CME-001,M2M_CATALOG,2020-10-28T13:42Z,,,2020-10-28,8T13,,,,,,,,,,,,,
2020-11-18T13:24:00-CME-001,M2M_CATALOG,2020-11-18T13:24Z,,,2020-11-18,8T13,,,,,,,,,,,,,
2020-11-18T13:36:00-CME-001,M2M_CATALOG,2020-11-18T13:36Z,,,2020-11-18,8T13,,,,,,,,,,,,,
2020-11-18T21:48:00-CME-001,M2M_CATALOG,2020-11-18T21:48Z,S20E138,,2020-11-18,8T21,,,,,,,,,,,,,
2020-11-19T02:54:00-CME-001,M2M_CATALOG,2020-11-19T02:54Z,,,2020-11-19,9T02,,,,,,,,,,,,,
2020-11-19T03:12:00-CME-001,M2M_CATALOG,2020-11-19T03:12Z,N30E40,,2020-11-19,9T03,,,,,,,,,,,,,
2020-11-19T06:48:00-CME-001,M2M_CATALOG,2020-11-19T06:48Z,S23E49,,2020-11-19,9T06,,,,,,,,,,,,,
2020-11-19T15:12:00-CME-001,M2M_CATALOG,2020-11-19T15:12Z,,,2020-11-19,9T15,,,,,,,,,,,,,
2020-11-29T15:05:00-CME-001,M2M_CATALOG,2020-11-29T15:05Z,,12783.0,2020-11-29,9T15,,,,,,,,,,,,,
2020-11-20T19:51:00-CME-001,M2M_CATALOG,2020-11-20T19:51Z,,12783.0,2020-11-20,0T19,,,,,,,,,,,,,
2020-11-20T21:12:00-CME-001,M2M_CATALOG,2020-11-20T21:12Z,,,2020-11-20,0T21,,,,,,,,,,,,,
2020-11-11T19:36:00-CME-001,M2M_CATALOG,2020-11-11T19:36Z,S22E60,12782.0,2020-11-11,1T19,,,,,,,,,,,,,
2020-11-21T19:36:00-CME-001,M2M_CATALOG,2020-11-21T19:36Z,,,2020-11-21,1T19,,,,,,,,,,,,,
2020-12-11T19:09:00-CME-001,M2M_CATALOG,2020-12-11T19:09Z,,12791.0,2020-12-11,1T19,,,,,,,,,,,,,
2020-11-21T23:12:00-CME-001,M2M_CATALOG,2020-11-21T23:12Z,,,2020-11-21,1T23,,,,,,,,,,,,,
2020-11-22T01:36:00-CME-001,M2M_CATALOG,2020-11-22T01:36Z,,,2020-11-22,2T01,,,,,,,,,,,,,
2020-11-23T18:48:00-CME-001,M2M_CATALOG,2020-11-23T18:48Z,,,2020-11-23,3T18,,,,,,,,,,,,,
2020-11-24T04:36:00-CME-001,M2M_CATALOG,2020-11-24T04:36Z,S20E65,12785.0,2020-11-24,4T04,,,,,,,,,,,,,
2020-11-24T11:24:00-CME-001,M2M_CATALOG,2020-11-24T11:24Z,,,2020-11-24,4T11,,,,,,,,,,,,,
2020-12-04T11:09:00-CME-001,M2M_CATALOG,2020-12-04T11:09Z,,,2020-12-04,4T11,,,,,,,,,,,,,
2020-11-24T13:24:00-CME-001,M2M_CATALOG,2020-11-24T13:24Z,,,2020-11-24,4T13,,,,,,,,,,,,,
2020-11-26T08:24:00-CME-001,M2M_CATALOG,2020-11-26T08:24Z,,,2020-11-26,6T08,,,,,,,,,,,,,
2020-11-26T21:24:00-CME-001,M2M_CATALOG,2020-11-26T21:24Z,N32E90,12787.0,2020-11-26,6T21,,,,,,,,,,,,,
2020-11-27T05:48:00-CME-001,M2M_CATALOG,2020-11-27T05:48Z,,,2020-11-27,7T05,,,,,,,,,,,,,
2020-11-29T13:24:00-CME-001,M2M_CATALOG,2020-11-29T13:24Z,S23E97,,2020-11-29,9T13,,,,,,,,,,,,,
2020-11-19T15:12:00-CME-001,M2M_CATALOG,2020-11-19T15:12Z,,,2020-11-19,9T15,,,,,,,,,,,,,
2020-11-29T15:05:00-CME-001,M2M_CATALOG,2020-11-29T15:05Z,,12783.0,2020-11-29,9T15,,,,,,,,,,,,,
2020-11-30T07:09:00-CME-001,M2M_CATALOG,2020-11-30T07:09Z,,,2020-11-30,0T07,,,,,,,,,,,,,
2020-12-01T05:48:00-CME-001,M2M_CATALOG,2020-12-01T05:48Z,S25E80,12790.0,2020-12-01,1T05,,,,,,,,,,,,,
2020-12-01T07:12:00-CME-001,M2M_CATALOG,2020-12-01T07:12Z,N35E30,12787.0,2020-12-01,1T07,,,,,,,,,,,,,
2020-12-03T11:12:00-CME-001,M2M_CATALOG,2020-12-03T11:12Z,S30E137,,2020-12-03,3T11,,,,,,,,,,,,,
2020-12-04T02:48:00-CME-001,M2M_CATALOG,2020-12-04T02:48Z,,,2020-12-04,4T02,,,,,,,,,,,,,
2020-11-24T11:24:00-CME-001,M2M_CATALOG,2020-11-24T11:24Z,,,2020-11-24,4T11,,,,,,,,,,,,,
2020-12-04T11:09:00-CME-001,M2M_CATALOG,2020-12-04T11:09Z,,,2020-12-04,4T11,,,,,,,,,,,,,
2020-12-06T22:00:00-CME-001,M2M_CATALOG,2020-12-06T22:00Z,,,2020-12-06,6T22,,,,,,,,,,,,,
2020-12-07T16:24:00-CME-001,M2M_CATALOG,2020-12-07T16:24Z,S23W11,12790.0,2020-12-07,7T16,,,,,,,,,,,,,
2020-12-07T18:36:00-CME-001,M2M_CATALOG,2020-12-07T18:36Z,S40W30,,2020-12-07,7T18,,,,,,,,,,,,,
2020-10-31T00:12:00-CME-001,M2M_CATALOG,2020-10-31T00:12Z,,,2020-10-31,1T00,,,,,,,,,,,,,
2020-12-11T00:36:00-CME-001,M2M_CATALOG,2020-12-11T00:36Z,,,2020-12-11,1T00,,,,,,,,,,,,,
2020-11-11T19:36:00-CME-001,M2M_CATALOG,2020-11-11T19:36Z,S22E60,12782.0,2020-11-11,1T19,,,,,,,,,,,,,
2020-11-21T19:36:00-CME-001,M2M_CATALOG,2020-11-21T19:36Z,,,2020-11-21,1T19,,,,,,,,,,,,,
2020-12-11T19:09:00-CME-001,M2M_CATALOG,2020-12-11T19:09Z,,12791.0,2020-12-11,1T19,,,,,,,,,,,,,
2020-12-12T04:12:00-CME-001,M2M_CATALOG,2020-12-12T04:12Z,,,2020-12-12,2T04,,,,,,,,,,,,,
2020-12-13T09:24:00-CME-001,M2M_CATALOG,2020-12-13T09:24Z,,,2020-12-13,3T09,,,,,,,,,,,,,
2020-12-14T15:12:00-CME-001,M2M_CATALOG,2020-12-14T15:12Z,S22E44,12792.0,2020-12-14,4T15,,,,,,,,,,,,,
2020-12-14T21:12:00-CME-001,M2M_CATALOG,2020-12-14T21:12Z,N40E110,,2020-12-14,4T21,,,,,,,,,,,,,
2020-12-17T06:48:00-CME-001,M2M_CATALOG,2020-12-17T06:48Z,,,2020-12-17,7T06,,,,,,,,,,,,,
2020-12-27T00:48:00-CME-001,M2M_CATALOG,2020-12-27T00:48Z,,,2020-12-27,7T00,,,,,,,,,,,,,
2020-12-30T02:24:00-CME-001,M2M_CATALOG,2020-12-30T02:24Z,S20E08,12795.0,2020-12-30,0T02,,,,,,,,,,,,,
2020-10-10T04:24:00-CME-001,M2M_CATALOG,2020-10-10T04:24Z,,,2020-10-10,0T04,,,,,,,,,,,,,
2020-10-13T21:12:00-CME-001,M2M_CATALOG,2020-10-13T21:12Z,S23W37,12775.0,2020-10-13,3T21,,,,,,,,,,,,,
2020-10-14T03:24:00-CME-001,M2M_CATALOG,2020-10-14T03:24Z,,,2020-10-14,4T03,,,,,,,,,,,,,
2020-10-15T11:24:00-CME-001,M2M_CATALOG,2020-10-15T11:24Z,,,2020-10-15,5T11,,,,,,,,,,,,,
2020-10-15T16:36:00-CME-001,M2M_CATALOG,2020-10-15T16:36Z,,,2020-10-15,5T16,,,,,,,,,,,,,
2020-10-16T13:36:00-CME-001,M2M_CATALOG,2020-10-16T13:36Z,,12774.0,2020-10-16,6T13,,,,,,,,,,,,,
2020-10-16T16:03:00-CME-001,M2M_CATALOG,2020-10-16T16:03Z,S23W66,12775.0,2020-10-16,6T16,,,,,,,,,,,,,
2020-10-18T09:24:00-CME-001,M2M_CATALOG,2020-10-18T09:24Z,,,2020-10-18,8T09,,,,,,,,,,,,,
2020-10-22T13:09:00-CME-001,M2M_CATALOG,2020-10-22T13:09Z,,,2020-10-22,2T13,,,,,,,,,,,,,
2020-10-23T04:39:00-CME-001,M2M_CATALOG,2020-10-23T04:39Z,,,2020-10-23,3T04,,,,,,,,,,,,,
2020-10-23T22:35:00-CME-001,M2M_CATALOG,2020-10-23T22:35Z,,,2020-10-23,3T22,,,,,,,,,,,,,
2020-10-26T09:12:00-CME-001,M2M_CATALOG,2020-10-26T09:12Z,,,2020-10-26,6T09,,,,,,,,,,,,,
2020-10-26T18:09:00-CME-001,M2M_CATALOG,2020-10-26T18:09Z,,,2020-10-26,6T18,,,,,,,,,,,,,
2020-10-27T03:39:00-CME-001,M2M_CATALOG,2020-10-27T03:39Z,,,2020-10-27,7T03,,,,,,,,,,,,,
2020-10-28T13:42:00-CME-001,M2M_CATALOG,2020-10-28T13:42Z,,,2020-10-28,8T13,,,,,,,,,,,,,
2020-11-18T13:24:00-CME-001,M2M_CATALOG,2020-11-18T13:24Z,,,2020-11-18,8T13,,,,,,,,,,,,,
2020-11-18T13:36:00-CME-001,M2M_CATALOG,2020-11-18T13:36Z,,,2020-11-18,8T13,,,,,,,,,,,,,
2020-10-29T01:54:00-CME-001,M2M_CATALOG,2020-10-29T01:54Z,S19W28,12779.0,2020-10-29,9T01,9914.0,40f89b0b-1801-490d-9433-a390fdfcb92c,Miller Draft,Samuel Smith’s Imperial IPA,Dark Lager,Crystal,1098 - British Ale,Caramel,60 IBU,8.1%,19.5°Blg,Estados Unidos,1855.0
2020-10-31T00:12:00-CME-001,M2M_CATALOG,2020-10-31T00:12Z,,,2020-10-31,1T00,,,,,,,,,,,,,
2020-12-11T00:36:00-CME-001,M2M_CATALOG,2020-12-11T00:36Z,,,2020-12-11,1T00,,,,,,,,,,,,,
2020-11-01T20:00:00-CME-001,M2M_CATALOG,2020-11-01T20:00Z,,,2020-11-01,1T20,,,,,,,,,,,,,
2020-11-02T05:24:00-CME-001,M2M_CATALOG,2020-11-02T05:24Z,,,2020-11-02,2T05,,,,,,,,,,,,,
2020-11-07T13:24:00-CME-001,M2M_CATALOG,2020-11-07T13:24Z,N19W01,12780.0,2020-11-07,7T13,,,,,,,,,,,,,
2020-11-08T20:12:00-CME-001,M2M_CATALOG,2020-11-08T20:12Z,,,2020-11-08,8T20,,,,,,,,,,,,,
2020-11-11T19:36:00-CME-001,M2M_CATALOG,2020-11-11T19:36Z,S22E60,12782.0,2020-11-11,1T19,,,,,,,,,,,,,
2020-11-21T19:36:00-CME-001,M2M_CATALOG,2020-11-21T19:36Z,,,2020-11-21,1T19,,,,,,,,,,,,,
2020-12-11T19:09:00-CME-001,M2M_CATALOG,2020-12-11T19:09Z,,12791.0,2020-12-11,1T19,,,,,,,,,,,,,
2020-11-12T02:24:00-CME-001,M2M_CATALOG,2020-11-12T02:24Z,,,2020-11-12,2T02,,,,,,,,,,,,,
2020-11-13T12:24:00-CME-001,M2M_CATALOG,2020-11-13T12:24Z,,,2020-11-13,3T12,,,,,,,,,,,,,
2020-11-17T08:36:00-CME-001,M2M_CATALOG,2020-11-17T08:36Z,,,2020-11-17,7T08,,,,,,,,,,,,,
2020-11-17T19:00:00-CME-001,M2M_CATALOG,2020-11-17T19:00Z,,,2020-11-17,7T19,,,,,,,,,,,,,
2020-10-28T13:42:00-CME-001,M2M_CATALOG,2020-10-28T13:42Z,,,2020-10-28,8T13,,,,,,,,,,,,,
2020-11-18T13:24:00-CME-001,M2M_CATALOG,2020-11-18T13:24Z,,,2020-11-18,8T13,,,,,,,,,,,,,
2020-11-18T13:36:00-CME-001,M2M_CATALOG,2020-11-18T13:36Z,,,2020-11-18,8T13,,,,,,,,,,,,,
2020-10-28T13:42:00-CME-001,M2M_CATALOG,2020-10-28T13:42Z,,,2020-10-28,8T13,,,,,,,,,,,,,
2020-11-18T13:24:00-CME-001,M2M_CATALOG,2020-11-18T13:24Z,,,2020-11-18,8T13,,,,,,,,,,,,,
2020-11-18T13:36:00-CME-001,M2M_CATALOG,2020-11-18T13:36Z,,,2020-11-18,8T13,,,,,,,,,,,,,
2020-11-18T21:48:00-CME-001,M2M_CATALOG,2020-11-18T21:48Z,S20E138,,2020-11-18,8T21,,,,,,,,,,,,,
2020-11-19T02:54:00-CME-001,M2M_CATALOG,2020-11-19T02:54Z,,,2020-11-19,9T02,,,,,,,,,,,,,
2020-11-19T03:12:00-CME-001,M2M_CATALOG,2020-11-19T03:12Z,N30E40,,2020-11-19,9T03,,,,,,,,,,,,,
2020-11-19T06:48:00-CME-001,M2M_CATALOG,2020-11-19T06:48Z,S23E49,,2020-11-19,9T06,,,,,,,,,,,,,
2020-11-19T15:12:00-CME-001,M2M_CATALOG,2020-11-19T15:12Z,,,2020-11-19,9T15,,,,,,,,,,,,,
2020-11-29T15:05:00-CME-001,M2M_CATALOG,2020-11-29T15:05Z,,12783.0,2020-11-29,9T15,,,,,,,,,,,,,
2020-11-20T19:51:00-CME-001,M2M_CATALOG,2020-11-20T19:51Z,,12783.0,2020-11-20,0T19,,,,,,,,,,,,,
2020-10-10T04:24:00-CME-001,M2M_CATALOG,2020-10-10T04:24Z,,,2020-10-10,0T04,,,,,,,,,,,,,
2020-10-13T21:12:00-CME-001,M2M_CATALOG,2020-10-13T21:12Z,S23W37,12775.0,2020-10-13,3T21,,,,,,,,,,,,,
2020-10-14T03:24:00-CME-001,M2M_CATALOG,2020-10-14T03:24Z,,,2020-10-14,4T03,,,,,,,,,,,,,
2020-10-15T11:24:00-CME-001,M2M_CATALOG,2020-10-15T11:24Z,,,2020-10-15,5T11,,,,,,,,,,,,,
2020-10-15T16:36:00-CME-001,M2M_CATALOG,2020-10-15T16:36Z,,,2020-10-15,5T16,,,,,,,,,,,,,
2020-10-16T13:36:00-CME-001,M2M_CATALOG,2020-10-16T13:36Z,,12774.0,2020-10-16,6T13,,,,,,,,,,,,,
2020-10-16T16:03:00-CME-001,M2M_CATALOG,2020-10-16T16:03Z,S23W66,12775.0,2020-10-16,6T16,,,,,,,,,,,,,
2020-10-18T09:24:00-CME-001,M2M_CATALOG,2020-10-18T09:24Z,,,2020-10-18,8T09,,,,,,,,,,,,,
2020-10-22T13:09:00-CME-001,M2M_CATALOG,2020-10-22T13:09Z,,,2020-10-22,2T13,,,,,,,,,,,,,
2020-10-23T04:39:00-CME-001,M2M_CATALOG,2020-10-23T04:39Z,,,2020-10-23,3T04,9942.0,ef43b05a-4c01-48e8-ab7d-9e6e2e3a13ea,Dos Equis,Bourbon County Stout,Amber Hybrid Beer,Chelan,1099 - Whitbread Ale,Caramel,88 IBU,8.6%,5.2°Blg,Mexico,1897.0
2020-10-23T22:35:00-CME-001,M2M_CATALOG,2020-10-23T22:35Z,,,2020-10-23,3T22,,,,,,,,,,,,,
2020-10-26T09:12:00-CME-001,M2M_CATALOG,2020-10-26T09:12Z,,,2020-10-26,6T09,,,,,,,,,,,,,
2020-10-26T18:09:00-CME-001,M2M_CATALOG,2020-10-26T18:09Z,,,2020-10-26,6T18,,,,,,,,,,,,,
2020-10-27T03:39:00-CME-001,M2M_CATALOG,2020-10-27T03:39Z,,,2020-10-27,7T03,,,,,,,,,,,,,
2020-10-28T13:42:00-CME-001,M2M_CATALOG,2020-10-28T13:42Z,,,2020-10-28,8T13,,,,,,,,,,,,,
2020-11-18T13:24:00-CME-001,M2M_CATALOG,2020-11-18T13:24Z,,,2020-11-18,8T13,,,,,,,,,,,,,
2020-11-18T13:36:00-CME-001,M2M_CATALOG,2020-11-18T13:36Z,,,2020-11-18,8T13,,,,,,,,,,,,,
2020-10-29T01:54:00-CME-001,M2M_CATALOG,2020-10-29T01:54Z,S19W28,12779.0,2020-10-29,9T01,,,,,,,,,,,,,
2020-10-31T00:12:00-CME-001,M2M_CATALOG,2020-10-31T00:12Z,,,2020-10-31,1T00,,,,,,,,,,,,,
2020-12-11T00:36:00-CME-001,M2M_CATALOG,2020-12-11T00:36Z,,,2020-12-11,1T00,,,,,,,,,,,,,
2020-11-01T20:00:00-CME-001,M2M_CATALOG,2020-11-01T20:00Z,,,2020-11-01,1T20,,,,,,,,,,,,,
2020-11-02T05:24:00-CME-001,M2M_CATALOG,2020-11-02T05:24Z,,,2020-11-02,2T05,,,,,,,,,,,,,
2020-11-07T13:24:00-CME-001,M2M_CATALOG,2020-11-07T13:24Z,N19W01,12780.0,2020-11-07,7T13,,,,,,,,,,,,,
2020-11-08T20:12:00-CME-001,M2M_CATALOG,2020-11-08T20:12Z,,,2020-11-08,8T20,,,,,,,,,,,,,
2020-11-11T19:36:00-CME-001,M2M_CATALOG,2020-11-11T19:36Z,S22E60,12782.0,2020-11-11,1T19,,,,,,,,,,,,,
2020-11-21T19:36:00-CME-001,M2M_CATALOG,2020-11-21T19:36Z,,,2020-11-21,1T19,,,,,,,,,,,,,
2020-12-11T19:09:00-CME-001,M2M_CATALOG,2020-12-11T19:09Z,,12791.0,2020-12-11,1T19,,,,,,,,,,,,,
2020-11-12T02:24:00-CME-001,M2M_CATALOG,2020-11-12T02:24Z,,,2020-11-12,2T02,,,,,,,,,,,,,
2020-11-13T12:24:00-CME-001,M2M_CATALOG,2020-11-13T12:24Z,,,2020-11-13,3T12,,,,,,,,,,,,,
2020-11-17T08:36:00-CME-001,M2M_CATALOG,2020-11-17T08:36Z,,,2020-11-17,7T08,9957.0,21b744d5-494a-4ec1-b958-582cc55d6ffb,Pabst Blue Ribbon,Pliny The Elder,Fruit Beer,Bullion,1450 - Dennys Favorite 50,Caramel,15 IBU,7.9%,17.7°Blg,Estados Unidos,1844.0
2020-11-17T19:00:00-CME-001,M2M_CATALOG,2020-11-17T19:00Z,,,2020-11-17,7T19,,,,,,,,,,,,,
2020-10-28T13:42:00-CME-001,M2M_CATALOG,2020-10-28T13:42Z,,,2020-10-28,8T13,,,,,,,,,,,,,
2020-11-18T13:24:00-CME-001,M2M_CATALOG,2020-11-18T13:24Z,,,2020-11-18,8T13,,,,,,,,,,,,,
2020-11-18T13:36:00-CME-001,M2M_CATALOG,2020-11-18T13:36Z,,,2020-11-18,8T13,,,,,,,,,,,,,
2020-10-28T13:42:00-CME-001,M2M_CATALOG,2020-10-28T13:42Z,,,2020-10-28,8T13,,,,,,,,,,,,,
2020-11-18T13:24:00-CME-001,M2M_CATALOG,2020-11-18T13:24Z,,,2020-11-18,8T13,,,,,,,,,,,,,
2020-11-18T13:36:00-CME-001,M2M_CATALOG,2020-11-18T13:36Z,,,2020-11-18,8T13,,,,,,,,,,,,,
2020-11-18T21:48:00-CME-001,M2M_CATALOG,2020-11-18T21:48Z,S20E138,,2020-11-18,8T21,,,,,,,,,,,,,
2020-11-19T02:54:00-CME-001,M2M_CATALOG,2020-11-19T02:54Z,,,2020-11-19,9T02,,,,,,,,,,,,,
2020-11-19T03:12:00-CME-001,M2M_CATALOG,2020-11-19T03:12Z,N30E40,,2020-11-19,9T03,,,,,,,,,,,,,
2020-11-19T06:48:00-CME-001,M2M_CATALOG,2020-11-19T06:48Z,S23E49,,2020-11-19,9T06,,,,,,,,,,,,,
2020-11-19T15:12:00-CME-001,M2M_CATALOG,2020-11-19T15:12Z,,,2020-11-19,9T15,,,,,,,,,,,,,
2020-11-29T15:05:00-CME-001,M2M_CATALOG,2020-11-29T15:05Z,,12783.0,2020-11-29,9T15,,,,,,,,,,,,,
2020-11-20T19:51:00-CME-001,M2M_CATALOG,2020-11-20T19:51Z,,12783.0,2020-11-20,0T19,,,,,,,,,,,,,
2020-11-20T21:12:00-CME-001,M2M_CATALOG,2020-11-20T21:12Z,,,2020-11-20,0T21,,,,,,,,,,,,,
2020-11-11T19:36:00-CME-001,M2M_CATALOG,2020-11-11T19:36Z,S22E60,12782.0,2020-11-11,1T19,,,,,,,,,,,,,
2020-11-21T19:36:00-CME-001,M2M_CATALOG,2020-11-21T19:36Z,,,2020-11-21,1T19,,,,,,,,,,,,,
2020-12-11T19:09:00-CME-001,M2M_CATALOG,2020-12-11T19:09Z,,12791.0,2020-12-11,1T19,,,,,,,,,,,,,
2020-11-21T23:12:00-CME-001,M2M_CATALOG,2020-11-21T23:12Z,,,2020-11-21,1T23,,,,,,,,,,,,,
2020-11-22T01:36:00-CME-001,M2M_CATALOG,2020-11-22T01:36Z,,,2020-11-22,2T01,,,,,,,,,,,,,
2020-11-23T18:48:00-CME-001,M2M_CATALOG,2020-11-23T18:48Z,,,2020-11-23,3T18,,,,,,,,,,,,,
2020-11-24T04:36:00-CME-001,M2M_CATALOG,2020-11-24T04:36Z,S20E65,12785.0,2020-11-24,4T04,,,,,,,,,,,,,
2020-11-24T11:24:00-CME-001,M2M_CATALOG,2020-11-24T11:24Z,,,2020-11-24,4T11,,,,,,,,,,,,,
2020-12-04T11:09:00-CME-001,M2M_CATALOG,2020-12-04T11:09Z,,,2020-12-04,4T11,,,,,,,,,,,,,
2020-11-24T13:24:00-CME-001,M2M_CATALOG,2020-11-24T13:24Z,,,2020-11-24,4T13,,,,,,,,,,,,,
2020-11-26T08:24:00-CME-001,M2M_CATALOG,2020-11-26T08:24Z,,,2020-11-26,6T08,,,,,,,,,,,,,
2020-11-26T21:24:00-CME-001,M2M_CATALOG,2020-11-26T21:24Z,N32E90,12787.0,2020-11-26,6T21,,,,,,,,,,,,,
2020-11-27T05:48:00-CME-001,M2M_CATALOG,2020-11-27T05:48Z,,,2020-11-27,7T05,,,,,,,,,,,,,
2020-11-29T13:24:00-CME-001,M2M_CATALOG,2020-11-29T13:24Z,S23E97,,2020-11-29,9T13,,,,,,,,,,,,,
2020-11-19T15:12:00-CME-001,M2M_CATALOG,2020-11-19T15:12Z,,,2020-11-19,9T15,,,,,,,,,,,,,
2020-11-29T15:05:00-CME-001,M2M_CATALOG,2020-11-29T15:05Z,,12783.0,2020-11-29,9T15,,,,,,,,,,,,,
2020-11-30T07:09:00-CME-001,M2M_CATALOG,2020-11-30T07:09Z,,,2020-11-30,0T07,,,,,,,,,,,,,
2020-12-01T05:48:00-CME-001,M2M_CATALOG,2020-12-01T05:48Z,S25E80,12790.0,2020-12-01,1T05,,,,,,,,,,,,,
2020-12-01T07:12:00-CME-001,M2M_CATALOG,2020-12-01T07:12Z,N35E30,12787.0,2020-12-01,1T07,,,,,,,,,,,,,
2020-12-03T11:12:00-CME-001,M2M_CATALOG,2020-12-03T11:12Z,S30E137,,2020-12-03,3T11,,,,,,,,,,,,,
2020-12-04T02:48:00-CME-001,M2M_CATALOG,2020-12-04T02:48Z,,,2020-12-04,4T02,,,,,,,,,,,,,
2020-11-24T11:24:00-CME-001,M2M_CATALOG,2020-11-24T11:24Z,,,2020-11-24,4T11,,,,,,,,,,,,,
2020-12-04T11:09:00-CME-001,M2M_CATALOG,2020-12-04T11:09Z,,,2020-12-04,4T11,,,,,,,,,,,,,
2020-12-06T22:00:00-CME-001,M2M_CATALOG,2020-12-06T22:00Z,,,2020-12-06,6T22,,,,,,,,,,,,,
2020-12-07T16:24:00-CME-001,M2M_CATALOG,2020-12-07T16:24Z,S23W11,12790.0,2020-12-07,7T16,,,,,,,,,,,,,
2020-12-07T18:36:00-CME-001,M2M_CATALOG,2020-12-07T18:36Z,S40W30,,2020-12-07,7T18,,,,,,,,,,,,,
2020-10-31T00:12:00-CME-001,M2M_CATALOG,2020-10-31T00:12Z,,,2020-10-31,1T00,,,,,,,,,,,,,
2020-12-11T00:36:00-CME-001,M2M_CATALOG,2020-12-11T00:36Z,,,2020-12-11,1T00,,,,,,,,,,,,,
2020-11-11T19:36:00-CME-001,M2M_CATALOG,2020-11-11T19:36Z,S22E60,12782.0,2020-11-11,1T19,,,,,,,,,,,,,
2020-11-21T19:36:00-CME-001,M2M_CATALOG,2020-11-21T19:36Z,,,2020-11-21,1T19,,,,,,,,,,,,,
2020-12-11T19:09:00-CME-001,M2M_CATALOG,2020-12-11T19:09Z,,12791.0,2020-12-11,1T19,,,,,,,,,,,,,
2020-12-12T04:12:00-CME-001,M2M_CATALOG,2020-12-12T04:12Z,,,2020-12-12,2T04,,,,,,,,,,,,,
2020-12-13T09:24:00-CME-001,M2M_CATALOG,2020-12-13T09:24Z,,,2020-12-13,3T09,,,,,,,,,,,,,
2020-12-14T15:12:00-CME-001,M2M_CATALOG,2020-12-14T15:12Z,S22E44,12792.0,2020-12-14,4T15,,,,,,,,,,,,,
2020-12-14T21:12:00-CME-001,M2M_CATALOG,2020-12-14T21:12Z,N40E110,,2020-12-14,4T21,,,,,,,,,,,,,
2020-12-17T06:48:00-CME-001,M2M_CATALOG,2020-12-17T06:48Z,,,2020-12-17,7T06,,,,,,,,,,,,,
2020-12-27T00:48:00-CME-001,M2M_CATALOG,2020-12-27T00:48Z,,,2020-12-27,7T00,,,,,,,,,,,,,
2020-12-30T02:24:00-CME-001,M2M_CATALOG,2020-12-30T02:24Z,S20E08,12795.0,2020-12-30,0T02,,,,,,,,,,,,,
2020-10-10T04:24:00-CME-001,M2M_CATALOG,2020-10-10T04:24Z,,,2020-10-10,0T04,,,,,,,,,,,,,
2020-10-13T21:12:00-CME-001,M2M_CATALOG,2020-10-13T21:12Z,S23W37,12775.0,2020-10-13,3T21,,,,,,,,,,,,,
